group	fill
1	#0D130D
2	#151B15
3	#1A201A
4	#202620
5	#272D27
6	#2B322B
7	#313731
8	#3E443E
9	#4C524C
10	#515851
11	#555C55
12	#585F58
13	#616A61
14	#647265
15	#5E6E61
16	#4D604E
17	#455546
18	#484F48
19	#4A504A
20	#505650
21	#545B54
22	#575E57
23	#5B665B
24	#606F61
25	#657569
26	#6A7E61
27	#7D9260
28	#829A61
29	#80A269
30	#79AC7C
31	#6FA172
32	#8CAE8D
33	#AC9DAC
34	#B47CB2
35	#B881B8
36	#B767AC
37	#A9A09F
38	#987A97
39	#858786
40	#87BF84
41	#8BB38B
42	#8AAB89
43	#8BB28A
44	#8CBC8B
45	#8EBF8E
46	#91C291
47	#96C196
48	#9DC49C
49	#A2AEA3
50	#A669A8
51	#AB7EAA
52	#B08CAE
53	#AE98AA
54	#AC99A8
55	#A990A5
56	#A687A3
57	#9D7897
58	#969B94
59	#96C598
60	#99C69A
61	#A1A0A2
62	#A975A8
63	#AA8AA6
64	#AA8AA9
65	#A98FA4
66	#A989A5
67	#A985A5
68	#A78FA1
69	#987F94
70	#946692
71	#918E8F
72	#8CC68B
73	#80BB84
74	#77B279
75	#739779
76	#77926D
77	#839E5E
78	#8FAB7B
79	#8EAF8E
80	#97B498
81	#A87DA6
82	#A88EA2
83	#9E829C
84	#9B6A9A
85	#A96BA5
86	#B995B8
87	#A09C9F
88	#8AA887
89	#87C587
90	#70B772
91	#648466
92	#6C7F6F
93	#788F7D
94	#748D6B
95	#7C976D
96	#63A266
97	#587654
98	#59664A
99	#566559
100	#556356
101	#525A52
102	#565C56
103	#5D685E
104	#5C6B5D
105	#677468
106	#68796A
107	#667B69
108	#5C6F5E
109	#5A695B
110	#5A695B
111	#586759
112	#566557
113	#506050
114	#3D4D3D
115	#323932
116	#323832
117	#2E352E
118	#2A2F2A
119	#222822
120	#181E18
121	#121812
122	#0A100A
123	#030903
124	#000600
125	#000600
126	#000600
127	#000600
128	#000600
129	#000600
130	#000600
131	#000600
132	#000600
133	#000600
134	#000600
135	#000600
136	#000600
137	#000600
138	#000600
139	#000600
140	#000600
141	#0D130D
142	#141A14
143	#1A201A
144	#202620
145	#282F28
146	#2B3D2B
147	#313931
148	#435A43
149	#4E824E
150	#559B55
151	#5ABC5A
152	#5BBE5B
153	#60B463
154	#66B65F
155	#62CA55
156	#53AD48
157	#489D42
158	#47A149
159	#4B894B
160	#539A53
161	#54A254
162	#5BB95A
163	#5DB65E
164	#61AC5B
165	#67BC5A
166	#6B4156
167	#825167
168	#967D5B
169	#A5975A
170	#A79B56
171	#9C8D43
172	#8C7067
173	#BD8472
174	#537F4D
175	#548858
176	#7A90C0
177	#5071C6
178	#827893
179	#C3896F
180	#B5ACD0
181	#A7A448
182	#9BA34E
183	#9AA756
184	#9EA953
185	#A3A645
186	#A2A442
187	#A3A446
188	#A4AA50
189	#B4A052
190	#CE714B
191	#937B4F
192	#39825E
193	#507BD9
194	#557AD7
195	#4879CB
196	#417982
197	#356ED9
198	#78928F
199	#C4B945
200	#C0BA4E
201	#C9A252
202	#617567
203	#3C7A8B
204	#467961
205	#5079DC
206	#3F779A
207	#4176AD
208	#3C73D6
209	#5A6DCD
210	#C368D8
211	#A9799E
212	#99A140
213	#BC9C49
214	#A58A4D
215	#866348
216	#94795F
217	#A6965B
218	#8DA163
219	#A6B66D
220	#BEBF57
221	#4E797A
222	#3A73DA
223	#7C7B8D
224	#597064
225	#4E6DD5
226	#6E7E53
227	#CA74B3
228	#B48ACE
229	#A9A580
230	#9F8B75
231	#724F46
232	#743F64
233	#7E5252
234	#815D5E
235	#87646A
236	#827E4A
237	#63B146
238	#5BAA55
239	#59A352
240	#56A54F
241	#52C255
242	#5AB25B
243	#61BB5D
244	#5DAB54
245	#62AC5D
246	#6A8A60
247	#693650
248	#60734B
249	#5AB152
250	#59A259
251	#58A158
252	#559F4D
253	#4BA847
254	#399439
255	#356235
256	#335C33
257	#2E532E
258	#2A4B2A
259	#213F21
260	#172817
261	#111811
262	#090E09
263	#020802
264	#000600
265	#000600
266	#000600
267	#000600
268	#000600
269	#000600
270	#000600
271	#000600
272	#000600
273	#000600
274	#000600
275	#000600
276	#000600
277	#000600
278	#000600
279	#000600
280	#000600
281	#0C120C
282	#141A14
283	#191F19
284	#202620
285	#283128
286	#2A432A
287	#324332
288	#467046
289	#51AB51
290	#56DC56
291	#57CC57
292	#5BCB5E
293	#675555
294	#744721
295	#6C4E13
296	#5C141A
297	#541912
298	#47A83A
299	#4FD151
300	#54DD53
301	#56F056
302	#5DEE5E
303	#614C51
304	#6A2324
305	#7C5F0F
306	#906636
307	#AA782A
308	#DB8472
309	#F580E1
310	#F181D9
311	#F475C0
312	#E172DA
313	#8095EB
314	#35B4CD
315	#927EAF
316	#B32EB1
317	#9A3DA1
318	#6B78A9
319	#5B9ABC
320	#55A1B7
321	#3B92AE
322	#2F8EB2
323	#2791BD
324	#2294C9
325	#1F90C7
326	#1E8AC1
327	#1A88C0
328	#1D8AC0
329	#3393B9
330	#439CAB
331	#41A6BB
332	#648FAD
333	#985EA8
334	#A55BA8
335	#915EA8
336	#8464A5
337	#815AA2
338	#647BA3
339	#4C9CAF
340	#519BB0
341	#53A7B6
342	#7C7AAA
343	#8560A5
344	#8D64A4
345	#A25BA8
346	#8366A4
347	#8461A5
348	#8156A0
349	#6E5F98
350	#3C88A3
351	#1387B8
352	#1883CB
353	#8084D0
354	#9681DD
355	#EA81A1
356	#EF87E6
357	#8D90EA
358	#199CDC
359	#40A7CE
360	#6495B9
361	#9265A7
362	#8D67A8
363	#7E87AE
364	#927FAB
365	#8B5C95
366	#167EB6
367	#37A0C4
368	#45829F
369	#6377A3
370	#E76ACA
371	#AA65C3
372	#9C7021
373	#AF743A
374	#C475E5
375	#CA76F1
376	#C76ADF
377	#905D82
378	#6B4013
379	#631F1C
380	#5D1E18
381	#547D34
382	#5AC85A
383	#665441
384	#6D3710
385	#663517
386	#6F3417
387	#855B6A
388	#784F4C
389	#5E1C14
390	#5A0E33
391	#580531
392	#54170F
393	#40B422
394	#35BA38
395	#357E35
396	#317531
397	#2D6A2D
398	#296129
399	#1F4F1F
400	#163116
401	#101910
402	#070D07
403	#010701
404	#000600
405	#000600
406	#000600
407	#000600
408	#000600
409	#000600
410	#000600
411	#000600
412	#000600
413	#000600
414	#000600
415	#000600
416	#000600
417	#000600
418	#000600
419	#000600
420	#000600
421	#111711
422	#111711
423	#181E18
424	#202620
425	#283028
426	#2B442B
427	#324D32
428	#447744
429	#50B450
430	#55D957
431	#581C4C
432	#591242
433	#682C23
434	#704C11
435	#6B2621
436	#743822
437	#744032
438	#596A26
439	#52F855
440	#56D259
441	#57BE5B
442	#5D4659
443	#691229
444	#7A5B13
445	#8B6C16
446	#9D6AE7
447	#B27B43
448	#DE8868
449	#7F84DA
450	#9684D0
451	#387DBC
452	#D379C2
453	#E282DC
454	#40A7E6
455	#8284B8
456	#B028AC
457	#A53EA4
458	#A55BA6
459	#975EA6
460	#7E75AE
461	#7B75AD
462	#636EA4
463	#5D759D
464	#5681A4
465	#3991B6
466	#3095BE
467	#2493C6
468	#2C94BF
469	#3C91AB
470	#4194AC
471	#3E9DBA
472	#687FAF
473	#A358A6
474	#A84EA7
475	#A84CA6
476	#AA52A7
477	#A747A1
478	#83569D
479	#5C79A1
480	#5B93A5
481	#5B99AB
482	#9A5EA8
483	#AB4DA5
484	#AB54A9
485	#A649A6
486	#A756A4
487	#A64FA3
488	#A0419B
489	#7C5492
490	#348AA5
491	#188FC9
492	#1891CC
493	#0B91CE
494	#1390D1
495	#3A91D9
496	#449DE1
497	#38A6D9
498	#5B97B8
499	#826EA5
500	#A25DA6
501	#AD59AC
502	#AE59AC
503	#B348AF
504	#A655A2
505	#75AF7F
506	#427CBC
507	#5299CE
508	#3A7594
509	#52698E
510	#D66DD0
511	#AF6AF8
512	#AE743F
513	#BF7996
514	#D078F1
515	#D777DC
516	#D16CD1
517	#9E61CD
518	#7C6307
519	#71580E
520	#6E510B
521	#63190D
522	#5D193E
523	#6B3225
524	#7E6604
525	#7B5E2A
526	#75584B
527	#8661D7
528	#70396A
529	#5A041B
530	#5D0814
531	#541714
532	#45B41D
533	#3ADA36
534	#35A036
535	#337E33
536	#307330
537	#2C6D2C
538	#286228
539	#1F4C1F
540	#152F15
541	#0E160E
542	#070C07
543	#010701
544	#000600
545	#000600
546	#000600
547	#000600
548	#000600
549	#000600
550	#000600
551	#000600
552	#000600
553	#000600
554	#000600
555	#000600
556	#000600
557	#000600
558	#000600
559	#000600
560	#090F09
561	#101610
562	#111711
563	#171D17
564	#1F251F
565	#262F26
566	#2A3F2A
567	#2F532F
568	#407540
569	#50A650
570	#56E156
571	#58695B
572	#5B0132
573	#5E1619
574	#631A1F
575	#6E2C28
576	#8C6B0F
577	#8D68A3
578	#68301E
579	#585448
580	#582736
581	#5A0135
582	#5C054A
583	#671F26
584	#7E6013
585	#916A14
586	#9D6AFB
587	#B07A41
588	#DC876E
589	#6985D9
590	#F884D2
591	#C580C6
592	#F77CCA
593	#F37DCF
594	#3A90D6
595	#49A9CD
596	#A64DA8
597	#A94CA5
598	#AB5EAA
599	#AB54A9
600	#AC51A9
601	#B055AC
602	#9D65AC
603	#9B4FA3
604	#8D308B
605	#545686
606	#3187A0
607	#248EBC
608	#3394B9
609	#418FA2
610	#398FA8
611	#3995B5
612	#4DA2B5
613	#887BAB
614	#AC52A9
615	#A84FA8
616	#A956A9
617	#A447A2
618	#824E9B
619	#5994A2
620	#539EAA
621	#59A5AF
622	#986DA8
623	#A753A5
624	#A755A7
625	#A54CA2
626	#9F57A1
627	#9E539F
628	#9A4797
629	#595F96
630	#2D96BA
631	#2295CC
632	#3298C3
633	#3599C2
634	#33A2CF
635	#39A4CC
636	#4DA5BC
637	#6B83AB
638	#9F5BA5
639	#A855A4
640	#A656A4
641	#AC58AC
642	#AF4AAF
643	#A930A9
644	#9B2296
645	#6A528D
646	#0F7AA6
647	#0F89C2
648	#1780A7
649	#9C6DA7
650	#C26DE3
651	#AB6CF5
652	#AE746C
653	#BE78F6
654	#CD79E9
655	#D577DF
656	#D06DD3
657	#9E63C9
658	#7C620A
659	#786412
660	#77620E
661	#715609
662	#6E4413
663	#795A14
664	#846408
665	#7F5D9B
666	#7E5CFF
667	#754DF0
668	#576E6F
669	#509D45
670	#4C9C33
671	#41B332
672	#3BC93E
673	#3AA33B
674	#378F37
675	#347A34
676	#316D31
677	#2D6E2D
678	#256025
679	#1D441D
680	#142814
681	#0D150D
682	#050B05
683	#000600
684	#000600
685	#000600
686	#000600
687	#000600
688	#000600
689	#000600
690	#000600
691	#000600
692	#000600
693	#000600
694	#000600
695	#000600
696	#000600
697	#000600
698	#000600
699	#000600
700	#080E08
701	#090F09
702	#0F150F
703	#171D17
704	#1F251F
705	#262D26
706	#2A3A2A
707	#2D5B2D
708	#396839
709	#4E914E
710	#55E655
711	#56A257
712	#5A0041
713	#5C0638
714	#62162A
715	#754E12
716	#936C61
717	#9162FF
718	#713B84
719	#5D061A
720	#5F1316
721	#5E1819
722	#5D1028
723	#682125
724	#816111
725	#946D10
726	#9D6BF4
727	#B17764
728	#DD83E1
729	#F484D1
730	#FE83CD
731	#FF7EC6
732	#ED7CD0
733	#FA7FD0
734	#B481C9
735	#179AD2
736	#6A93B1
737	#9862A7
738	#AB54AA
739	#A94CA9
740	#AB51AB
741	#AE45AE
742	#AD46AB
743	#AA57A8
744	#735FA1
745	#4D7A99
746	#2A8EB1
747	#2690BF
748	#3492B6
749	#3F92A9
750	#398FA9
751	#3692B2
752	#439FB6
753	#7685AB
754	#A74FA6
755	#A543A4
756	#A551A5
757	#A345A0
758	#7E4A97
759	#508FA2
760	#4AA1B5
761	#5E8CA9
762	#95549F
763	#A44AA0
764	#9B499D
765	#834F98
766	#685C9D
767	#90589D
768	#9E539B
769	#5F6A9A
770	#3795B2
771	#329FCF
772	#4AA7C1
773	#57A9B5
774	#6796B3
775	#8177AB
776	#796DA8
777	#7968A8
778	#AD60AA
779	#A85BA8
780	#A85AA8
781	#AF5DAE
782	#AC38AA
783	#9F2C9C
784	#7F5097
785	#4B8A9E
786	#2686A5
787	#1678A7
788	#A776B7
789	#E372D1
790	#BA70EA
791	#B26EEE
792	#B074F5
793	#C079F7
794	#D079E8
795	#D579E1
796	#CE6DD5
797	#9964D5
798	#846910
799	#886B13
800	#886E11
801	#876B0D
802	#8C6D13
803	#9969A8
804	#9863CD
805	#836122
806	#7F5D5F
807	#694CF3
808	#45AA74
809	#40E33D
810	#3BD63E
811	#39B63A
812	#399438
813	#388E38
814	#368736
815	#357935
816	#317131
817	#2D6C2D
818	#255F25
819	#1B431B
820	#132213
821	#0B110B
822	#040A04
823	#000600
824	#000600
825	#000600
826	#000600
827	#000600
828	#000600
829	#000600
830	#000600
831	#000600
832	#000600
833	#000600
834	#000600
835	#000600
836	#000600
837	#000600
838	#000600
839	#000600
840	#000600
841	#090F09
842	#0E140E
843	#171D17
844	#1E241E
845	#242A24
846	#293729
847	#2E572E
848	#315C31
849	#477E47
850	#55CA55
851	#53DF53
852	#56BF58
853	#5C765F
854	#62142B
855	#785013
856	#8B691A
857	#8A62B9
858	#723F7F
859	#69290B
860	#6E4A23
861	#5E1721
862	#5E1026
863	#733E19
864	#8C690F
865	#9B6D34
866	#A56DF2
867	#B2777D
868	#D47FEC
869	#F482D8
870	#FA82CD
871	#F87EC8
872	#E97ED8
873	#F480DA
874	#C082C9
875	#0784C0
876	#409DD1
877	#6397BB
878	#A956A9
879	#AB50AB
880	#B04FB0
881	#AC37AC
882	#A73EA7
883	#A953A8
884	#9464AA
885	#6E78AB
886	#4F98AF
887	#419CB4
888	#449DB4
889	#469BB0
890	#439CB3
891	#3F97B0
892	#409BB5
893	#5C83AC
894	#9E50A4
895	#A23EA1
896	#9A3E9A
897	#993996
898	#6F4B8E
899	#38859F
900	#3593B1
901	#4594B0
902	#6187A5
903	#835A9C
904	#6E6298
905	#4C8DAA
906	#589AB1
907	#986EA8
908	#A651A1
909	#636B9F
910	#46A0B4
911	#55A7BA
912	#727DAB
913	#966FA6
914	#9E58A7
915	#AB48A5
916	#9F56A1
917	#905EA3
918	#9E5CA4
919	#A755A7
920	#AC4FAB
921	#A95CAA
922	#9B4AA2
923	#964C9D
924	#67619D
925	#508AA2
926	#3591AC
927	#1C81AD
928	#A175BB
929	#DC74DD
930	#C074ED
931	#C070E5
932	#B371F5
933	#BE79F8
934	#D17AE7
935	#D475DC
936	#C16DE7
937	#9E6D5D
938	#977300
939	#A77605
940	#AD7582
941	#A2752D
942	#B07E2D
943	#BF72F3
944	#B564DF
945	#9662CB
946	#8F5ACA
947	#5D60DB
948	#40E232
949	#3FB83F
950	#3BAF3B
951	#389138
952	#378237
953	#378437
954	#358035
955	#337733
956	#317131
957	#2B6D2B
958	#225D22
959	#193D19
960	#111E11
961	#090F09
962	#040A04
963	#000600
964	#000600
965	#000600
966	#000600
967	#000600
968	#000600
969	#000600
970	#000600
971	#000600
972	#000600
973	#000600
974	#000600
975	#000600
976	#000600
977	#000600
978	#000600
979	#000600
980	#000600
981	#090F09
982	#0C120C
983	#161C16
984	#1D231D
985	#232823
986	#293229
987	#2D4A2D
988	#305D30
989	#3A733A
990	#4FA14F
991	#54D654
992	#54EA54
993	#59F75B
994	#602B41
995	#714016
996	#776204
997	#755A06
998	#6D3214
999	#72480D
1000	#715A4F
1001	#5C142C
1002	#601128
1003	#794912
1004	#9A6E42
1005	#AA6BFF
1006	#AB6DF3
1007	#B173FC
1008	#C97DF5
1009	#E682E2
1010	#FB84D1
1011	#F67ECB
1012	#E67FDC
1013	#F283E0
1014	#BC83CE
1015	#0782C0
1016	#578DD2
1017	#44A5C7
1018	#9175AD
1019	#B34FB0
1020	#B13CB1
1021	#A832A8
1022	#A63FA6
1023	#A64BA6
1024	#A953A7
1025	#A556A6
1026	#6F77AA
1027	#6289A9
1028	#6082A6
1029	#5D81A7
1030	#567FA7
1031	#528AA6
1032	#49A2B9
1033	#579AB6
1034	#8D65A8
1035	#A747A5
1036	#9D419C
1037	#8F3B90
1038	#56678F
1039	#318EA7
1040	#2D8FB7
1041	#3396BD
1042	#459CAF
1043	#508BA2
1044	#4F97A9
1045	#4EA8BB
1046	#5FA6B9
1047	#9D68AC
1048	#A84BA4
1049	#7F64A4
1050	#599FB1
1051	#767CA9
1052	#A353A5
1053	#A747A4
1054	#9E3D9C
1055	#933D92
1056	#65709A
1057	#517BA1
1058	#5E80A4
1059	#9D58A5
1060	#9D3598
1061	#655D94
1062	#5D83A5
1063	#6386A6
1064	#5E83A7
1065	#5990A1
1066	#4692A1
1067	#1E8EBB
1068	#3F7FBF
1069	#DD76C9
1070	#D278E6
1071	#CB77E6
1072	#BF72E8
1073	#C675E9
1074	#CE76E2
1075	#C571E1
1076	#BB74F7
1077	#AD759C
1078	#B77C7F
1079	#CA7E96
1080	#CF7AFF
1081	#B97998
1082	#D0886C
1083	#EF88F0
1084	#DF71D0
1085	#B565E2
1086	#9B55DF
1087	#5637DC
1088	#3EC441
1089	#3FA53F
1090	#3CA43C
1091	#389038
1092	#388438
1093	#377E37
1094	#357D35
1095	#327932
1096	#2F6E2F
1097	#2A6A2A
1098	#1F561F
1099	#183418
1100	#0F180F
1101	#080E08
1102	#040A04
1103	#000600
1104	#000600
1105	#000600
1106	#000600
1107	#000600
1108	#000600
1109	#000600
1110	#000600
1111	#000600
1112	#000600
1113	#000600
1114	#000600
1115	#000600
1116	#000600
1117	#000600
1118	#000600
1119	#000600
1120	#000600
1121	#070D07
1122	#0C120C
1123	#141A14
1124	#1B221B
1125	#212721
1126	#272E27
1127	#2B3F2B
1128	#2E582E
1129	#326832
1130	#3C7B3C
1131	#48A448
1132	#50BF50
1133	#54E255
1134	#57AD59
1135	#5B3F39
1136	#631F1D
1137	#6C3818
1138	#6C2C1A
1139	#6E3A14
1140	#6C3B0B
1141	#5E1125
1142	#6A1F31
1143	#8F621B
1144	#B27B28
1145	#BD72D6
1146	#BE70EA
1147	#BD73EE
1148	#C57AF3
1149	#E281E5
1150	#F87FCB
1151	#EE7CCE
1152	#E67FDD
1153	#EE82DD
1154	#F584D2
1155	#7684CB
1156	#0A8DCB
1157	#3CA1C2
1158	#8490B5
1159	#B44FB3
1160	#AE2EAE
1161	#AA3BAA
1162	#A945A9
1163	#A74DA7
1164	#AA50AA
1165	#A94BA7
1166	#8D65A8
1167	#7869AB
1168	#9460A6
1169	#8A5CA2
1170	#7A589E
1171	#695999
1172	#5194B0
1173	#5BA6B9
1174	#8A6FB1
1175	#AF4EAD
1176	#A84CA7
1177	#914897
1178	#457099
1179	#268BAE
1180	#1A85B6
1181	#188CC4
1182	#3695B9
1183	#489DB2
1184	#53A0B3
1185	#5F95AF
1186	#8974AF
1187	#AC59AC
1188	#AC4BAA
1189	#9E50A7
1190	#7B67A5
1191	#9F56A5
1192	#A34AA1
1193	#9B3C9A
1194	#90368E
1195	#58538B
1196	#178AAF
1197	#2393BE
1198	#469DB0
1199	#6B5F96
1200	#53508F
1201	#127FAC
1202	#3699B5
1203	#559EA7
1204	#5BA6AC
1205	#5C9FAB
1206	#57819A
1207	#3392B3
1208	#108FC2
1209	#5C7DB8
1210	#FB76CB
1211	#D678DF
1212	#C974E4
1213	#CA71DD
1214	#C56EDD
1215	#B973F0
1216	#BF78F7
1217	#BE79FF
1218	#D07DFB
1219	#E27CE5
1220	#DD7BE0
1221	#C97DE8
1222	#EE8AEE
1223	#748EDE
1224	#9984D4
1225	#CF73CF
1226	#B652C2
1227	#5A3449
1228	#3EBD3B
1229	#41A141
1230	#3FA43F
1231	#399939
1232	#378B37
1233	#357D35
1234	#357C35
1235	#337E33
1236	#2E6E2E
1237	#286528
1238	#1D511D
1239	#152F15
1240	#0D120D
1241	#090E09
1242	#040A04
1243	#000600
1244	#000600
1245	#000600
1246	#000600
1247	#000600
1248	#000600
1249	#000600
1250	#000600
1251	#000600
1252	#000600
1253	#000600
1254	#000600
1255	#000600
1256	#000600
1257	#000600
1258	#000600
1259	#000600
1260	#000600
1261	#060C06
1262	#0B120B
1263	#121612
1264	#1A1C1A
1265	#202220
1266	#262926
1267	#2A382A
1268	#2D472D
1269	#325B32
1270	#347434
1271	#348534
1272	#3C953C
1273	#43C043
1274	#44D645
1275	#53D858
1276	#5E694A
1277	#704813
1278	#683D17
1279	#60151E
1280	#6C271D
1281	#773E1D
1282	#906824
1283	#B78521
1284	#D18687
1285	#D685D5
1286	#E67BE0
1287	#D674D7
1288	#CF77E3
1289	#DF7CDE
1290	#EF7ACA
1291	#E67BD5
1292	#E57FDF
1293	#F483D6
1294	#FE83D1
1295	#EC87D9
1296	#2796D7
1297	#41A1BB
1298	#7D87AC
1299	#B254B3
1300	#AE37AE
1301	#AC43AC
1302	#AD4BAD
1303	#AB4BAB
1304	#A749A7
1305	#A54AA1
1306	#8D5DA1
1307	#6A6AA5
1308	#6E6AA8
1309	#726AA7
1310	#8463A2
1311	#87539B
1312	#5491AB
1313	#698BB0
1314	#AA56AE
1315	#B145B0
1316	#A945A8
1317	#9E3F9C
1318	#5C6C9D
1319	#2592BB
1320	#198CC4
1321	#0E92D9
1322	#329ECD
1323	#50A1B4
1324	#5E7CA7
1325	#835EA4
1326	#AA57A6
1327	#A957A9
1328	#AB42AB
1329	#A335A2
1330	#A350A0
1331	#9F479D
1332	#9B4599
1333	#904490
1334	#54668B
1335	#2C7BA0
1336	#A17FC0
1337	#378CCE
1338	#288AA8
1339	#2E6C89
1340	#6F7FB7
1341	#A088DF
1342	#4D98CF
1343	#4695A6
1344	#57819E
1345	#56A0AB
1346	#579DA7
1347	#4793A4
1348	#2D90B6
1349	#2E8ABD
1350	#6E79B3
1351	#E277CE
1352	#CE76E4
1353	#C774E7
1354	#C172E7
1355	#BD75F3
1356	#C779F0
1357	#CB7CF2
1358	#DB7EE4
1359	#EC7ACD
1360	#E278D4
1361	#D37EF3
1362	#758CDE
1363	#058AC6
1364	#018BCB
1365	#4782C3
1366	#C554B1
1367	#684D8E
1368	#3FC639
1369	#41AB41
1370	#42A442
1371	#3CA33C
1372	#389238
1373	#378037
1374	#357C35
1375	#327D32
1376	#2D732D
1377	#266326
1378	#1C491C
1379	#122812
1380	#0C110C
1381	#070D07
1382	#030903
1383	#000600
1384	#000600
1385	#000600
1386	#000600
1387	#000600
1388	#000600
1389	#000600
1390	#000600
1391	#000600
1392	#000600
1393	#000600
1394	#000600
1395	#000600
1396	#000600
1397	#000600
1398	#000600
1399	#000600
1400	#000600
1401	#050B05
1402	#0B120B
1403	#0F170F
1404	#172017
1405	#202B1F
1406	#252E23
1407	#2A352A
1408	#2E422E
1409	#315531
1410	#336A33
1411	#326D32
1412	#377037
1413	#3E903E
1414	#41A541
1415	#4FB951
1416	#5FC24F
1417	#6B563A
1418	#5F2B96
1419	#610A46
1420	#8D5F2B
1421	#BA7F5B
1422	#C4806F
1423	#DC83E3
1424	#F185E9
1425	#EF89EA
1426	#C689DD
1427	#FB80D5
1428	#E57BD8
1429	#DD7CDF
1430	#E37FE0
1431	#DF7FE4
1432	#EF81DD
1433	#FE83D1
1434	#FF83D5
1435	#648EE4
1436	#259FD1
1437	#519AB4
1438	#8961A4
1439	#AE4FAB
1440	#AD4AAD
1441	#AF4EAE
1442	#AA3AAA
1443	#A028A0
1444	#982E94
1445	#83448F
1446	#576692
1447	#4C8B9F
1448	#5589A6
1449	#5A97AA
1450	#58A0B2
1451	#667DA5
1452	#589FB3
1453	#878AB3
1454	#AF4AAC
1455	#AA37AA
1456	#A743A7
1457	#A0379C
1458	#6E6493
1459	#3094B1
1460	#2896C9
1461	#309FD2
1462	#4E9FB7
1463	#607BA3
1464	#6A63A2
1465	#9A5AA3
1466	#A452A3
1467	#A759A7
1468	#A943A9
1469	#9F349F
1470	#9E509E
1471	#924F98
1472	#7A5093
1473	#49638C
1474	#327D9B
1475	#BE7BBB
1476	#FF77CE
1477	#4682B7
1478	#2772A0
1479	#CA6CB8
1480	#DF70CE
1481	#EE7DEB
1482	#5C97DB
1483	#3D9AB1
1484	#546F9A
1485	#537197
1486	#4F9DAC
1487	#4699B0
1488	#3791B0
1489	#2C92BA
1490	#1686B3
1491	#B678BE
1492	#E478DA
1493	#C777EB
1494	#C578F0
1495	#CC79EB
1496	#D47AE6
1497	#D87DE6
1498	#E07EE1
1499	#EC7DD2
1500	#E379E0
1501	#D3839D
1502	#429194
1503	#148AC5
1504	#198ABF
1505	#2286B5
1506	#C16CCF
1507	#8446DB
1508	#498852
1509	#43CA42
1510	#45AB45
1511	#3EAD3E
1512	#3B973B
1513	#398939
1514	#358135
1515	#317831
1516	#2C742C
1517	#226122
1518	#173C17
1519	#111B11
1520	#0C120C
1521	#070D07
1522	#030903
1523	#000600
1524	#000600
1525	#000600
1526	#000600
1527	#000600
1528	#000600
1529	#000600
1530	#000600
1531	#000600
1532	#000600
1533	#000600
1534	#000600
1535	#000600
1536	#000600
1537	#000600
1538	#000600
1539	#000600
1540	#000600
1541	#051105
1542	#062406
1543	#094A09
1544	#108010
1545	#17A61C
1546	#1F9836
1547	#286520
1548	#2D472D
1549	#314F31
1550	#326132
1551	#316031
1552	#366536
1553	#3C783C
1554	#409940
1555	#46BA46
1556	#53DE54
1557	#56C84A
1558	#5B0B5D
1559	#803E39
1560	#CF8886
1561	#DC7FE6
1562	#E67FEB
1563	#EB83E3
1564	#F285D1
1565	#6C87D2
1566	#168BD3
1567	#4088CF
1568	#9F81CD
1569	#FE7ED4
1570	#E681DF
1571	#E883E8
1572	#BD85D7
1573	#9A83CE
1574	#FE87DE
1575	#5997E9
1576	#38A4C7
1577	#5E9FAF
1578	#9256A8
1579	#A73EA5
1580	#A548A4
1581	#A751A9
1582	#A232A1
1583	#982894
1584	#7C5190
1585	#417E9B
1586	#31899F
1587	#2A88A9
1588	#318BA7
1589	#388DA5
1590	#3F95AF
1591	#529FAC
1592	#51A6B4
1593	#8883AE
1594	#AB45A6
1595	#A540A5
1596	#A549A5
1597	#A03E9C
1598	#716C98
1599	#3595B0
1600	#2A94C3
1601	#3E9EC0
1602	#5E95AB
1603	#6464A1
1604	#7963A4
1605	#A858A5
1606	#A55CA5
1607	#A75CA7
1608	#A849A8
1609	#9F3D9F
1610	#9F539C
1611	#855197
1612	#4A5E8F
1613	#29889A
1614	#617BB1
1615	#EF75D1
1616	#EB80E8
1617	#CC7CC1
1618	#BA6EC7
1619	#BF756C
1620	#C379E1
1621	#CE7EDA
1622	#4D95D8
1623	#399AB8
1624	#4E96A5
1625	#4E7F9C
1626	#507495
1627	#3A99B9
1628	#3C9BBE
1629	#3F94AE
1630	#2C92BB
1631	#2381AC
1632	#CE78C5
1633	#DF7AE6
1634	#CE7DF0
1635	#DB7FE7
1636	#E47CD8
1637	#E17CDC
1638	#E17EDF
1639	#E97CD4
1640	#E37BE1
1641	#DE88A5
1642	#509397
1643	#1A8EC8
1644	#268FBB
1645	#347F9B
1646	#C16ED3
1647	#9E68E2
1648	#62518B
1649	#46B22E
1650	#45BC46
1651	#40B140
1652	#3C9A3C
1653	#3A8E3A
1654	#378937
1655	#317C31
1656	#2A722A
1657	#205820
1658	#163116
1659	#0E130E
1660	#0B100B
1661	#070D07
1662	#030903
1663	#000600
1664	#000600
1665	#000600
1666	#000600
1667	#000600
1668	#000600
1669	#000600
1670	#000600
1671	#000600
1672	#000600
1673	#000600
1674	#000600
1675	#000600
1676	#000600
1677	#000600
1678	#000600
1679	#000600
1680	#000600
1681	#053005
1682	#5C7F5B
1683	#999399
1684	#9B729B
1685	#86798A
1686	#4E9579
1687	#2CAB74
1688	#29732D
1689	#2F472F
1690	#2F5A2F
1691	#2F582F
1692	#356435
1693	#3A703A
1694	#3F923F
1695	#3DB03D
1696	#4DB44E
1697	#63845C
1698	#77362A
1699	#BE873A
1700	#A18FBF
1701	#357EBF
1702	#DB7FD1
1703	#F983DB
1704	#DE84D0
1705	#2686CD
1706	#0189CC
1707	#0089C9
1708	#3F86C8
1709	#A081C8
1710	#F47FD3
1711	#F484E1
1712	#2D87D3
1713	#7583CE
1714	#7E8FE2
1715	#1A9EDC
1716	#529BB9
1717	#7184A9
1718	#AB46AA
1719	#9D249B
1720	#7C4290
1721	#677DA5
1722	#99519F
1723	#843D8D
1724	#408197
1725	#1F8CB5
1726	#1483B7
1727	#0981BB
1728	#1183BC
1729	#1683B6
1730	#1E85B2
1731	#3191B4
1732	#3B9DBD
1733	#6E85B1
1734	#A551A5
1735	#A54FA5
1736	#A553A5
1737	#A44BA2
1738	#79629B
1739	#4195AD
1740	#399EC3
1741	#4AA5BE
1742	#6D75A9
1743	#8A5FA4
1744	#9461A8
1745	#A856A7
1746	#A75CA7
1747	#AB5CAB
1748	#A948A9
1749	#9F3DA0
1750	#9B4F9B
1751	#6E5E94
1752	#3B8195
1753	#127EA9
1754	#D57BCA
1755	#EC83E5
1756	#7F87D2
1757	#D471B5
1758	#C469E3
1759	#AA7492
1760	#C379B2
1761	#D28610
1762	#589DA4
1763	#429DBC
1764	#4F9DAD
1765	#4D9AAF
1766	#4D839D
1767	#308FB0
1768	#3E9CBE
1769	#4999AE
1770	#4096AF
1771	#2C91B2
1772	#667DB2
1773	#B57ACD
1774	#E57FE6
1775	#E381E4
1776	#EF81D8
1777	#EA7DD4
1778	#E87ED8
1779	#E97DD6
1780	#E27BD9
1781	#EE8BF8
1782	#5A92D0
1783	#2090BC
1784	#3292B4
1785	#3A7A8B
1786	#BE69D6
1787	#986930
1788	#83547D
1789	#5A5F8B
1790	#42DA3E
1791	#40B440
1792	#3E9C3E
1793	#3C963C
1794	#368C36
1795	#307B30
1796	#297229
1797	#1E531E
1798	#152A15
1799	#0E120E
1800	#0A100A
1801	#060C06
1802	#030903
1803	#000600
1804	#000600
1805	#000600
1806	#000600
1807	#000600
1808	#000600
1809	#000600
1810	#000600
1811	#000600
1812	#000600
1813	#000600
1814	#000600
1815	#000600
1816	#000600
1817	#000600
1818	#000600
1819	#000600
1820	#010701
1821	#10780F
1822	#9FA3A0
1823	#8E88D6
1824	#C256B8
1825	#E625E0
1826	#7AA7B2
1827	#943F9E
1828	#4B5861
1829	#2A4A27
1830	#2C532C
1831	#2D4F2D
1832	#366236
1833	#3A703A
1834	#408E40
1835	#43AB43
1836	#4FB051
1837	#70465C
1838	#AE7C16
1839	#DE8DC0
1840	#4B8EDF
1841	#0583B0
1842	#9680C6
1843	#FA83D7
1844	#FF84D3
1845	#8E85CF
1846	#0687CB
1847	#0A87CA
1848	#0088C7
1849	#3D84C5
1850	#FF80CE
1851	#F384D9
1852	#E486D8
1853	#8A8CD7
1854	#0E96D8
1855	#36A3CC
1856	#6690AF
1857	#9C5BA8
1858	#A636A4
1859	#982093
1860	#636D94
1861	#3698AC
1862	#558CA8
1863	#4E7395
1864	#2F869F
1865	#1483B5
1866	#007FBF
1867	#A280C9
1868	#BE81CA
1869	#1A84C7
1870	#0985C3
1871	#1487BF
1872	#1B91C9
1873	#479FBD
1874	#826AA7
1875	#AB57A7
1876	#A653A6
1877	#A64AA4
1878	#7E509A
1879	#528FA3
1880	#4C99B3
1881	#4FA6B8
1882	#916FAA
1883	#AA55A5
1884	#A959A7
1885	#A752A7
1886	#A858A8
1887	#AA54AA
1888	#A743A7
1889	#9E379E
1890	#964E99
1891	#4D8A9C
1892	#358FA8
1893	#1485B9
1894	#A085D6
1895	#B286D7
1896	#287CA0
1897	#A962B2
1898	#A861CA
1899	#A168D1
1900	#BA6EEA
1901	#CD830A
1902	#5A9C9E
1903	#499BB4
1904	#5590A3
1905	#4D99AB
1906	#508EAB
1907	#4392AC
1908	#3799BD
1909	#489FBA
1910	#548D9E
1911	#3E93AF
1912	#1C8BAB
1913	#627AB0
1914	#F07BD3
1915	#E784E6
1916	#F183DB
1917	#F881CF
1918	#F37DCE
1919	#EA7DD5
1920	#F17FDE
1921	#AB90F0
1922	#2494C7
1923	#3B98B1
1924	#4387A4
1925	#375F83
1926	#BB6DDC
1927	#92693C
1928	#8E6963
1929	#764AD0
1930	#46AF30
1931	#3ECA3C
1932	#3B9A3C
1933	#3A953A
1934	#348E34
1935	#2E7A2E
1936	#266B26
1937	#1A4C1A
1938	#122712
1939	#0E120E
1940	#090F09
1941	#050B05
1942	#030903
1943	#000600
1944	#000600
1945	#000600
1946	#000600
1947	#000600
1948	#000600
1949	#000600
1950	#000600
1951	#000600
1952	#000600
1953	#000600
1954	#000600
1955	#000600
1956	#000600
1957	#000600
1958	#000600
1959	#000600
1960	#0C120C
1961	#0DA30B
1962	#7C7A8C
1963	#2F9258
1964	#391631
1965	#765067
1966	#92A4B7
1967	#75A455
1968	#47A631
1969	#29562C
1970	#2B482B
1971	#2F452F
1972	#395F39
1973	#3D783D
1974	#409540
1975	#42B342
1976	#49CF4D
1977	#7C713E
1978	#D78459
1979	#B48ADB
1980	#0990D6
1981	#248AAD
1982	#2A80BC
1983	#FB83D7
1984	#FD85D8
1985	#9986D1
1986	#0987CA
1987	#0686CA
1988	#0788C4
1989	#4784C2
1990	#FA82CF
1991	#F983D5
1992	#EC88E2
1993	#4396DC
1994	#2C99C6
1995	#46A3C1
1996	#8577AB
1997	#AB50A5
1998	#A0379F
1999	#903694
2000	#567A99
2001	#2D89A1
2002	#2D8EBB
2003	#2E8FB8
2004	#2285A9
2005	#1880B5
2006	#A07FC4
2007	#F980CD
2008	#8A81C7
2009	#007FBE
2010	#037FC1
2011	#1084C5
2012	#1788CD
2013	#329EC9
2014	#688CB0
2015	#9F5BA8
2016	#A94DA8
2017	#A440A3
2018	#934E9C
2019	#616D9D
2020	#57859F
2021	#53A5AF
2022	#966EA9
2023	#A850A5
2024	#A652A6
2025	#A752A7
2026	#AA5DAA
2027	#AB53AB
2028	#A745A7
2029	#A03F9F
2030	#904D96
2031	#4492AB
2032	#3894B4
2033	#2A8EB6
2034	#0D88BF
2035	#0082BA
2036	#6B6FA3
2037	#C160BE
2038	#8B6C30
2039	#947019
2040	#AC7460
2041	#CD880D
2042	#559AA8
2043	#459AB4
2044	#5189A1
2045	#4B94A6
2046	#585C94
2047	#4985A2
2048	#3198C0
2049	#42A3C6
2050	#5D91A5
2051	#50909E
2052	#4292A9
2053	#1985A7
2054	#727BBF
2055	#EB82E7
2056	#FA85DB
2057	#F683CD
2058	#ED7FC9
2059	#EE7CCF
2060	#E582E0
2061	#4D99EC
2062	#2F9EC7
2063	#5887A3
2064	#585E90
2065	#2C5A86
2066	#BB6FDE
2067	#946D52
2068	#946E00
2069	#8B58D6
2070	#5462BE
2071	#3DC940
2072	#399839
2073	#3A8F3A
2074	#348F34
2075	#2B7C2B
2076	#235F23
2077	#1A401A
2078	#112111
2079	#0D110D
2080	#090F09
2081	#060C06
2082	#030903
2083	#000600
2084	#000600
2085	#000600
2086	#000600
2087	#000600
2088	#000600
2089	#000600
2090	#000600
2091	#000600
2092	#000600
2093	#000600
2094	#000600
2095	#000600
2096	#000600
2097	#000600
2098	#000600
2099	#000600
2100	#040A04
2101	#0A9F0A
2102	#8E6592
2103	#46BA54
2104	#303916
2105	#457951
2106	#A494B3
2107	#914992
2108	#26A175
2109	#2F5C4B
2110	#2C3E29
2111	#334533
2112	#3C623C
2113	#418141
2114	#429B42
2115	#42B741
2116	#50BB56
2117	#855F39
2118	#D2847F
2119	#7487E1
2120	#6C93DD
2121	#2E90A8
2122	#2880AE
2123	#CF83D0
2124	#FF85D6
2125	#5A87CF
2126	#0087C7
2127	#0386CD
2128	#0F89C6
2129	#0983B9
2130	#A183D0
2131	#FF85DF
2132	#A591E5
2133	#1D9AD0
2134	#459EB8
2135	#5D96B3
2136	#A159A4
2137	#9754A1
2138	#A245A1
2139	#8F3493
2140	#516F8D
2141	#17809B
2142	#B882D2
2143	#7E8FE4
2144	#008ECE
2145	#0E8CD7
2146	#9F8FE8
2147	#A68ADC
2148	#5486CD
2149	#0480C0
2150	#027BB8
2151	#3C80C1
2152	#B883D0
2153	#1C99D1
2154	#569AB9
2155	#9562AA
2156	#AC50AA
2157	#A544A5
2158	#9E499C
2159	#656B9B
2160	#529CA8
2161	#4FA3B3
2162	#966EAB
2163	#A852A5
2164	#A657A6
2165	#A64FA5
2166	#A757A6
2167	#AA51AA
2168	#A849A8
2169	#A34AA0
2170	#755B9A
2171	#4D9CAB
2172	#4596A8
2173	#398DA6
2174	#2586AA
2175	#217FAF
2176	#C870CB
2177	#AF6FE0
2178	#886933
2179	#88651A
2180	#A26FAB
2181	#D483AC
2182	#4393E5
2183	#2F9ABE
2184	#429DBA
2185	#3C9ABE
2186	#428FA5
2187	#308FB0
2188	#3292B6
2189	#3E99B9
2190	#51A5C1
2191	#626AA2
2192	#5289A0
2193	#3F8598
2194	#5278A5
2195	#FB83E2
2196	#DE88DB
2197	#3285CF
2198	#1182C4
2199	#D37DCE
2200	#DE87EC
2201	#31A3DD
2202	#3CA4C2
2203	#7D73A8
2204	#7C438A
2205	#1A7290
2206	#C06CD2
2207	#9C67D3
2208	#9C6AA5
2209	#975EF1
2210	#624BF0
2211	#40CA4C
2212	#389C37
2213	#388B38
2214	#348B34
2215	#2A7C2A
2216	#225922
2217	#193A19
2218	#101E10
2219	#0D130D
2220	#090F09
2221	#050B05
2222	#020802
2223	#000600
2224	#000600
2225	#000600
2226	#000600
2227	#000600
2228	#000600
2229	#000600
2230	#000600
2231	#000600
2232	#000600
2233	#000600
2234	#000600
2235	#000600
2236	#000600
2237	#000600
2238	#000600
2239	#000600
2240	#000600
2241	#089309
2242	#A84099
2243	#90B569
2244	#30550F
2245	#478198
2246	#A07DBD
2247	#9D5194
2248	#294D72
2249	#2E494A
2250	#2C4229
2251	#364B36
2252	#3D673D
2253	#418C41
2254	#429B42
2255	#48B54B
2256	#608C51
2257	#772B28
2258	#C98986
2259	#6488E0
2260	#6795DB
2261	#4291A2
2262	#1C7F9D
2263	#6C82C4
2264	#FB85D6
2265	#6087D1
2266	#0086C8
2267	#0487CF
2268	#0F89C8
2269	#0784BA
2270	#AC83CA
2271	#C18BE7
2272	#1F9AD9
2273	#3E9EBC
2274	#54A3AF
2275	#6A76A5
2276	#97549F
2277	#7965A0
2278	#9E47A0
2279	#7E4390
2280	#27819D
2281	#1B82B3
2282	#CB82D3
2283	#9989DB
2284	#1987C9
2285	#018AD1
2286	#0390D7
2287	#0C94D4
2288	#1593CE
2289	#178FCC
2290	#0D88C8
2291	#057FB0
2292	#BF7ECB
2293	#8293D7
2294	#4397B8
2295	#9367A9
2296	#AD4DAA
2297	#A440A4
2298	#9E479B
2299	#646D9D
2300	#51A0AD
2301	#53A3AF
2302	#906EA7
2303	#A44DA1
2304	#A050A0
2305	#9554A0
2306	#8E5CA4
2307	#AA4AA7
2308	#A341A3
2309	#A350A1
2310	#855EA0
2311	#686DA1
2312	#518A9D
2313	#3D92A4
2314	#3790A8
2315	#2B7E9C
2316	#CC64B2
2317	#A157E4
2318	#6546CA
2319	#4F9735
2320	#692F5C
2321	#B37548
2322	#A485B8
2323	#288ABF
2324	#32889E
2325	#2C8EB1
2326	#3193C0
2327	#3693D5
2328	#1593C9
2329	#2E93BA
2330	#3F9DC4
2331	#6A6EA8
2332	#5F8AA3
2333	#557498
2334	#3B789A
2335	#AC82C7
2336	#8B87D3
2337	#0086CD
2338	#0C84BC
2339	#BC81D0
2340	#EE91FC
2341	#6090B8
2342	#368EB7
2343	#7775B2
2344	#743F88
2345	#87749A
2346	#D06CD4
2347	#A16ADD
2348	#9F69B0
2349	#985BEF
2350	#6855E7
2351	#41D04C
2352	#38A236
2353	#378D37
2354	#308430
2355	#287028
2356	#205420
2357	#172F17
2358	#0F180F
2359	#0B110B
2360	#080E08
2361	#050B05
2362	#020802
2363	#000600
2364	#000600
2365	#000600
2366	#000600
2367	#000600
2368	#000600
2369	#000600
2370	#000600
2371	#000600
2372	#000600
2373	#000600
2374	#000600
2375	#000600
2376	#000600
2377	#000600
2378	#000600
2379	#000600
2380	#000600
2381	#088E09
2382	#A64997
2383	#8FC762
2384	#206714
2385	#5C4C94
2386	#B0CB86
2387	#63DB59
2388	#209D7C
2389	#2B574F
2390	#2F432A
2391	#345034
2392	#3C703C
2393	#409240
2394	#429942
2395	#55A857
2396	#714338
2397	#795706
2398	#C68488
2399	#2391F7
2400	#169DDD
2401	#5784A5
2402	#3B7593
2403	#0F84B3
2404	#E884D2
2405	#6589D7
2406	#0088CB
2407	#0789D1
2408	#138BC8
2409	#0987BD
2410	#A183C9
2411	#6394EA
2412	#2A9EC9
2413	#5990A8
2414	#6576A3
2415	#675A9C
2416	#626B9E
2417	#5993A7
2418	#8A51A4
2419	#863E93
2420	#247E9F
2421	#647FB9
2422	#F976C3
2423	#ED79D3
2424	#DC80D9
2425	#3187CA
2426	#0D8DC5
2427	#208EC2
2428	#2B92BD
2429	#2690BF
2430	#1C91CB
2431	#1C88B5
2432	#6782CA
2433	#5690D9
2434	#3BA3BF
2435	#7C75A5
2436	#A344A2
2437	#A03F9F
2438	#8B4898
2439	#596898
2440	#4C98A4
2441	#51A0AD
2442	#6F6DA3
2443	#A04D9D
2444	#7E529B
2445	#5D779F
2446	#6F7FA9
2447	#A150A7
2448	#A63EA4
2449	#9A4CA0
2450	#825A9C
2451	#79549B
2452	#54869A
2453	#4C849C
2454	#366C8D
2455	#545F82
2456	#9746C3
2457	#663893
2458	#49BF60
2459	#47EA41
2460	#589F51
2461	#875C0D
2462	#D281B8
2463	#BE86DE
2464	#1C80B1
2465	#0D78A4
2466	#A170AF
2467	#DE7CD6
2468	#7B90EA
2469	#2096E0
2470	#279FCE
2471	#628EAE
2472	#825EA1
2473	#7563A1
2474	#468A9D
2475	#2086A8
2476	#0886C7
2477	#0788CD
2478	#0A84BA
2479	#4082D5
2480	#AA99B0
2481	#5C8093
2482	#227CBA
2483	#5B7CC0
2484	#6C4889
2485	#B177A5
2486	#D86ED5
2487	#AC6CEE
2488	#9E67F3
2489	#8F59F3
2490	#6955E8
2491	#42D24D
2492	#3BB139
2493	#369636
2494	#2E802E
2495	#266726
2496	#1D4A1D
2497	#142514
2498	#0F130F
2499	#0C120C
2500	#080E08
2501	#050B05
2502	#020802
2503	#000600
2504	#000600
2505	#000600
2506	#000600
2507	#000600
2508	#000600
2509	#000600
2510	#000600
2511	#000600
2512	#000600
2513	#000600
2514	#000600
2515	#000600
2516	#000600
2517	#000600
2518	#000600
2519	#000600
2520	#000600
2521	#079E08
2522	#A25A9A
2523	#C78C7E
2524	#AA8D33
2525	#996E52
2526	#AB945A
2527	#658E45
2528	#567950
2529	#23582B
2530	#2E412D
2531	#345034
2532	#3A703A
2533	#3B8A3B
2534	#479F48
2535	#60C260
2536	#724519
2537	#856432
2538	#BD7D3A
2539	#A297B3
2540	#25A1DB
2541	#5C95B4
2542	#517B96
2543	#2881A4
2544	#5885C4
2545	#4F88D4
2546	#028ACE
2547	#0E8BCD
2548	#188DC3
2549	#2888C1
2550	#348BD9
2551	#149BDF
2552	#44A1BD
2553	#7F71A1
2554	#875098
2555	#5388A7
2556	#5D99A7
2557	#5A9DAF
2558	#8856A7
2559	#942790
2560	#525F87
2561	#D07ABC
2562	#DF73D4
2563	#C877C6
2564	#D984C6
2565	#E189E0
2566	#328DD6
2567	#0890CD
2568	#2892BE
2569	#2F91B7
2570	#2B94C1
2571	#2F91B9
2572	#1292CC
2573	#1092D2
2574	#359CC3
2575	#6085AC
2576	#9F4EA0
2577	#A0449D
2578	#7B4D98
2579	#50749A
2580	#4796A5
2581	#4799AD
2582	#5B7DA3
2583	#6B609C
2584	#5B749F
2585	#52A2AD
2586	#6B99B2
2587	#A358AC
2588	#AB3BA7
2589	#90429E
2590	#5C6C9E
2591	#615C9B
2592	#586098
2593	#455989
2594	#4C5E7C
2595	#C149A8
2596	#5F6E99
2597	#46D53F
2598	#46D143
2599	#4CCA4E
2600	#57E058
2601	#6F362E
2602	#AB746D
2603	#CD79FC
2604	#C67EE2
2605	#D774B2
2606	#D363BC
2607	#B364E5
2608	#C86FF2
2609	#9E84EF
2610	#1E9CE6
2611	#3AA7CD
2612	#9965A6
2613	#845AA0
2614	#5897A8
2615	#498E9B
2616	#2288AD
2617	#0F89C9
2618	#0D88C0
2619	#3B85CF
2620	#509CD9
2621	#497994
2622	#1582C7
2623	#3E8AC8
2624	#5F568C
2625	#847AAF
2626	#D973D6
2627	#BD6DE2
2628	#9C65F0
2629	#855CD7
2630	#6958EE
2631	#43D44D
2632	#3BBD3A
2633	#329932
2634	#2B772B
2635	#246024
2636	#1C411C
2637	#132013
2638	#0E120E
2639	#0C120C
2640	#080E08
2641	#050B05
2642	#020802
2643	#000600
2644	#000600
2645	#000600
2646	#000600
2647	#000600
2648	#000600
2649	#000600
2650	#000600
2651	#000600
2652	#000600
2653	#000600
2654	#000600
2655	#000600
2656	#000600
2657	#000600
2658	#000600
2659	#000600
2660	#000600
2661	#07B307
2662	#A45EA5
2663	#9ABAAE
2664	#AAC972
2665	#8CCA95
2666	#5E415D
2667	#965035
2668	#2C743C
2669	#263A24
2670	#2B3B2B
2671	#334A33
2672	#366C36
2673	#378037
2674	#48A049
2675	#5ECC5D
2676	#6B4013
2677	#9063CC
2678	#A5718C
2679	#AB9738
2680	#3B9FC9
2681	#58A7B4
2682	#6A6AA0
2683	#4B6C97
2684	#1789B3
2685	#0284C7
2686	#0C8ACE
2687	#158BC8
2688	#1A8CBF
2689	#2E88C6
2690	#3192E0
2691	#2B9CC9
2692	#5D96AD
2693	#94519A
2694	#6F669C
2695	#4CAABC
2696	#628CA9
2697	#6A72A4
2698	#9B4EA4
2699	#92278F
2700	#4F5B86
2701	#CE7CCC
2702	#D37AF4
2703	#B87A7A
2704	#BA8448
2705	#E286FF
2706	#D68DEF
2707	#8B91E5
2708	#1695D7
2709	#1C95C9
2710	#3295BC
2711	#4091A6
2712	#2A8EB5
2713	#2495CB
2714	#339BC7
2715	#53A3BA
2716	#9162A6
2717	#A44DA1
2718	#914C99
2719	#5B749A
2720	#4296AB
2721	#4397B1
2722	#4C9DAC
2723	#5391A5
2724	#5298A7
2725	#51A7B9
2726	#8380B2
2727	#B150AD
2728	#A932A7
2729	#903B9D
2730	#6071A0
2731	#85569B
2732	#5A4F8D
2733	#286E84
2734	#8B5E9B
2735	#9153D2
2736	#4CB541
2737	#4AE34A
2738	#49C349
2739	#4EC84E
2740	#51EA54
2741	#5E6E45
2742	#8B4C6E
2743	#9C6FA6
2744	#C474C7
2745	#E16AC0
2746	#9F5DE0
2747	#85637B
2748	#90649A
2749	#BE6AF0
2750	#AD7DE3
2751	#6DA2FD
2752	#6A8FBE
2753	#855A9D
2754	#6775A6
2755	#666FA0
2756	#457695
2757	#2289B3
2758	#1488C0
2759	#0C88C7
2760	#239ADA
2761	#4A8196
2762	#1E92C7
2763	#3D9BC1
2764	#48628E
2765	#147DB1
2766	#D278D4
2767	#CC6DD5
2768	#9C63E7
2769	#805F5E
2770	#6B5CF6
2771	#43D94B
2772	#3AC239
2773	#2E902E
2774	#296729
2775	#235423
2776	#1B3D1B
2777	#141F14
2778	#0E120E
2779	#0B110B
2780	#090F09
2781	#050B05
2782	#010701
2783	#000600
2784	#000600
2785	#000600
2786	#000600
2787	#000600
2788	#000600
2789	#000600
2790	#000600
2791	#000600
2792	#000600
2793	#000600
2794	#000600
2795	#000600
2796	#000600
2797	#000600
2798	#000600
2799	#000600
2800	#000600
2801	#0CAF0A
2802	#7E828D
2803	#569F7C
2804	#764F7B
2805	#CB6EBC
2806	#317D3A
2807	#363A61
2808	#1D5B1C
2809	#242722
2810	#293529
2811	#2D402D
2812	#316131
2813	#357235
2814	#469446
2815	#5BCA5D
2816	#683B27
2817	#8F65C7
2818	#946A8E
2819	#9A9446
2820	#48A0BE
2821	#4F9CA6
2822	#8569A3
2823	#736093
2824	#2988AA
2825	#0A89CB
2826	#128DCE
2827	#1C8BBE
2828	#1789C1
2829	#0F8ECF
2830	#2198D2
2831	#3AA0C4
2832	#7B6FA6
2833	#83509B
2834	#5996A5
2835	#5BA1AC
2836	#6169A0
2837	#7062A1
2838	#A752A3
2839	#883F94
2840	#2F6C94
2841	#9276B5
2842	#D268CC
2843	#A863E1
2844	#A167EE
2845	#B26AEE
2846	#C872ED
2847	#EA7AE0
2848	#9F87DE
2849	#4992DC
2850	#1C96C7
2851	#3C8B9E
2852	#2C88A8
2853	#208FC4
2854	#329ECE
2855	#59A3BC
2856	#A563AB
2857	#A954A8
2858	#A34C9F
2859	#844A94
2860	#477D9A
2861	#4193A6
2862	#4194AD
2863	#479AB0
2864	#54A4AF
2865	#6298AD
2866	#9467AB
2867	#B053AF
2868	#AB3BAB
2869	#A23FA1
2870	#88569C
2871	#943590
2872	#484B7E
2873	#97689E
2874	#BA58CB
2875	#765DE8
2876	#46E941
2877	#46D646
2878	#4ABB4A
2879	#51C551
2880	#4DF14E
2881	#55C058
2882	#672639
2883	#794D13
2884	#A26D45
2885	#B862E2
2886	#7D50A1
2887	#6B4600
2888	#724A0B
2889	#9061A0
2890	#BD68E8
2891	#A1869F
2892	#43AAC3
2893	#6A87AF
2894	#9D58A3
2895	#9D56A1
2896	#5C759E
2897	#3F8F9A
2898	#1684B5
2899	#158FCE
2900	#3E9ABB
2901	#388FA8
2902	#369ABF
2903	#4B7BA8
2904	#446A91
2905	#2081B1
2906	#DD78CB
2907	#D46CCB
2908	#A462DF
2909	#825D9E
2910	#6F5EF0
2911	#42E22D
2912	#38C539
2913	#2B842B
2914	#285A28
2915	#224C22
2916	#1B391B
2917	#142014
2918	#101510
2919	#0B110B
2920	#080E08
2921	#050B05
2922	#010701
2923	#000600
2924	#000600
2925	#000600
2926	#000600
2927	#000600
2928	#000600
2929	#000600
2930	#000600
2931	#000600
2932	#000600
2933	#000600
2934	#000600
2935	#000600
2936	#000600
2937	#000600
2938	#000600
2939	#000600
2940	#000600
2941	#0BA30A
2942	#856B8F
2943	#33A74C
2944	#096906
2945	#849E8D
2946	#83996F
2947	#6C3B73
2948	#207A64
2949	#212368
2950	#252A23
2951	#2A372A
2952	#2E582E
2953	#316131
2954	#468A46
2955	#5BCB60
2956	#651E3F
2957	#8C59B3
2958	#936A8F
2959	#978E36
2960	#469EBC
2961	#428E9B
2962	#5C8EA8
2963	#615C96
2964	#387F9E
2965	#118AC5
2966	#178DC8
2967	#1F8BBC
2968	#0C8ACD
2969	#1897DB
2970	#3E9CBE
2971	#49A3B9
2972	#9667A8
2973	#99499C
2974	#62749D
2975	#549EA8
2976	#5A94AC
2977	#7A6EA7
2978	#A2419D
2979	#823085
2980	#4B5A7E
2981	#C75FB2
2982	#8F53E6
2983	#714A88
2984	#734F3D
2985	#82553C
2986	#90613C
2987	#AD6EC9
2988	#D373E7
2989	#D77EE7
2990	#A98FEE
2991	#1E8FC2
2992	#1A89B7
2993	#158DCA
2994	#2E9ED3
2995	#5EA6BB
2996	#AC5EAE
2997	#A945A8
2998	#A348A2
2999	#71629C
3000	#4693A7
3001	#3890AC
3002	#3895B7
3003	#4CA1B5
3004	#637FA8
3005	#8C65A4
3006	#AB59A9
3007	#AC50AC
3008	#A92DA9
3009	#9B2399
3010	#7D468F
3011	#643981
3012	#A76193
3013	#CA64CC
3014	#8E5AF4
3015	#665483
3016	#48D941
3017	#42D243
3018	#45BD45
3019	#52CF53
3020	#4EF73B
3021	#50FF4E
3022	#58B55C
3023	#6A2A32
3024	#90603C
3025	#935CE5
3026	#63353C
3027	#590A1B
3028	#5B0F18
3029	#723A3D
3030	#9467E6
3031	#BD763D
3032	#4E97C8
3033	#4FA2BC
3034	#8472AC
3035	#A64FA3
3036	#855E9F
3037	#55889C
3038	#1D8AB9
3039	#2496CA
3040	#4E9BA6
3041	#2C90B8
3042	#419CB9
3043	#4E8D9C
3044	#3A8798
3045	#207FB1
3046	#DC79CE
3047	#D971D0
3048	#AB63E0
3049	#855CFF
3050	#6F5EEA
3051	#3FE525
3052	#35BD36
3053	#297929
3054	#265226
3055	#214621
3056	#193119
3057	#121D12
3058	#0E140E
3059	#0B110B
3060	#080E08
3061	#040A04
3062	#010701
3063	#000600
3064	#000600
3065	#000600
3066	#000600
3067	#000600
3068	#000600
3069	#000600
3070	#000600
3071	#000600
3072	#000600
3073	#000600
3074	#000600
3075	#000600
3076	#000600
3077	#000600
3078	#000600
3079	#000600
3080	#000600
3081	#0CA90E
3082	#A95794
3083	#98B160
3084	#008700
3085	#307734
3086	#DD9DB6
3087	#C73064
3088	#51503C
3089	#19381F
3090	#232223
3091	#2A322A
3092	#2E552E
3093	#305530
3094	#457F45
3095	#57DA5A
3096	#5D5F44
3097	#7F4D21
3098	#9A6E47
3099	#958989
3100	#309ECB
3101	#3F8B9C
3102	#459FB6
3103	#527CA4
3104	#417F97
3105	#1A8BBF
3106	#1E8DC0
3107	#1A8AC1
3108	#1290D3
3109	#289DD6
3110	#499EB5
3111	#747CAC
3112	#9C4FA1
3113	#9B4397
3114	#5B629A
3115	#44A1B4
3116	#698CA8
3117	#964B96
3118	#6D4886
3119	#545A84
3120	#C86192
3121	#A75BDB
3122	#633594
3123	#560532
3124	#5A082E
3125	#60170C
3126	#734107
3127	#906A74
3128	#AD6AF5
3129	#B469EA
3130	#BF77F7
3131	#848DE6
3132	#278BCF
3133	#0790D4
3134	#31A2D3
3135	#6692B3
3136	#AB55AC
3137	#A940A8
3138	#A1439F
3139	#7B5D9C
3140	#5195AC
3141	#44A2BE
3142	#4DA7BE
3143	#5A95AD
3144	#7A63A3
3145	#A958A6
3146	#A751A6
3147	#A74EA7
3148	#A52CA4
3149	#8D1E91
3150	#515A8B
3151	#216888
3152	#A467AF
3153	#B064EA
3154	#865CFF
3155	#582B5C
3156	#46CF38
3157	#44CD47
3158	#47BD48
3159	#4CC84C
3160	#49ED4A
3161	#4BFA40
3162	#4CFF49
3163	#5E9230
3164	#75458A
3165	#6F4DEC
3166	#560C1A
3167	#580719
3168	#5A0619
3169	#672A0C
3170	#806348
3171	#9D6E0D
3172	#868DA9
3173	#399DC3
3174	#5CA0B1
3175	#8370AC
3176	#A5439F
3177	#7D5D9B
3178	#339BBF
3179	#3791C0
3180	#557997
3181	#2E94C1
3182	#4B94AF
3183	#528398
3184	#308AA4
3185	#187FB8
3186	#DA7AD0
3187	#DE74D2
3188	#B164DB
3189	#8D5BF5
3190	#715DE6
3191	#3DE21F
3192	#32B334
3193	#286E28
3194	#254A25
3195	#1F431F
3196	#192C19
3197	#131B13
3198	#0E140E
3199	#0A100A
3200	#070D07
3201	#040A04
3202	#010701
3203	#000600
3204	#000600
3205	#000600
3206	#000600
3207	#000600
3208	#000600
3209	#000600
3210	#000600
3211	#000600
3212	#000600
3213	#000600
3214	#000600
3215	#000600
3216	#000600
3217	#000600
3218	#000600
3219	#000600
3220	#080E08
3221	#0E9F10
3222	#A63F97
3223	#8BB960
3224	#00AA30
3225	#0C593D
3226	#944D79
3227	#8F6AA5
3228	#706273
3229	#166D34
3230	#22261A
3231	#292E28
3232	#2E562F
3233	#2E4D2E
3234	#457845
3235	#59E95C
3236	#5DAB4B
3237	#794913
3238	#A27300
3239	#A786E0
3240	#379EE0
3241	#418F9D
3242	#3B9BB9
3243	#507FB0
3244	#4C6596
3245	#248FBA
3246	#248CBA
3247	#1189C7
3248	#1F96D2
3249	#3B9FC5
3250	#5E9AB5
3251	#A14EA5
3252	#9C459B
3253	#9C4998
3254	#66639C
3255	#2894B4
3256	#32879F
3257	#43618A
3258	#3D7795
3259	#C373B4
3260	#C45ED1
3261	#7E50AB
3262	#55340F
3263	#53D555
3264	#59B05B
3265	#5C1D3D
3266	#692C15
3267	#80611B
3268	#9363DB
3269	#9A63E0
3270	#9F67E2
3271	#D177FB
3272	#D37BD8
3273	#8D88D5
3274	#289BCD
3275	#6287B0
3276	#A652A7
3277	#A848A8
3278	#A54CA4
3279	#93529E
3280	#5D68A0
3281	#5495B3
3282	#6980B0
3283	#8069A9
3284	#A05EA9
3285	#AA52A9
3286	#A94FA9
3287	#A853A8
3288	#A738A5
3289	#832C90
3290	#2E7494
3291	#647D9F
3292	#D266C2
3293	#975CCB
3294	#6B51C5
3295	#4DB963
3296	#56AE50
3297	#5AA550
3298	#5DA158
3299	#62A066
3300	#62A862
3301	#593426
3302	#57994E
3303	#637440
3304	#6A3D30
3305	#5E2731
3306	#518336
3307	#547D31
3308	#534A22
3309	#5D2A11
3310	#775C29
3311	#876110
3312	#C88AB3
3313	#2B95CB
3314	#449DB5
3315	#5DA1B6
3316	#9761A8
3317	#914E96
3318	#4996B2
3319	#5191BC
3320	#6A4F92
3321	#3E99B6
3322	#5173A1
3323	#457297
3324	#1D88B2
3325	#0B81C2
3326	#E27AC7
3327	#DF74CF
3328	#BA68DB
3329	#975CEA
3330	#745EEA
3331	#3CE745
3332	#31AF30
3333	#266826
3334	#244624
3335	#1E3A1E
3336	#182818
3337	#131A13
3338	#0F150F
3339	#0A100A
3340	#080E08
3341	#050B05
3342	#010701
3343	#000600
3344	#000600
3345	#000600
3346	#000600
3347	#000600
3348	#000600
3349	#000600
3350	#000600
3351	#000600
3352	#000600
3353	#000600
3354	#000600
3355	#000600
3356	#000600
3357	#000600
3358	#000600
3359	#000500
3360	#0B110B
3361	#076B08
3362	#A59BA5
3363	#CB8184
3364	#683939
3365	#083142
3366	#342F33
3367	#BAAE8A
3368	#A74671
3369	#324761
3370	#1E3667
3371	#282A34
3372	#2C512B
3373	#2B4A2B
3374	#447644
3375	#58E15A
3376	#5EA249
3377	#824B2E
3378	#A47250
3379	#DB84D6
3380	#789CEC
3381	#4297A5
3382	#3D9AB4
3383	#557CAF
3384	#5B5C93
3385	#318EAA
3386	#208ABA
3387	#0F8DCF
3388	#289BD3
3389	#4FA9BE
3390	#867DAF
3391	#A437A2
3392	#9D419C
3393	#984796
3394	#495086
3395	#7076A7
3396	#A581C8
3397	#4E80B3
3398	#CB72AE
3399	#D267CD
3400	#985ED8
3401	#6F3F46
3402	#522D16
3403	#50F551
3404	#57FE58
3405	#5F6A5E
3406	#672120
3407	#786108
3408	#86657D
3409	#8B61BD
3410	#896535
3411	#A36E9A
3412	#C870E8
3413	#EE7CDA
3414	#3F92D5
3415	#52A2B8
3416	#A25EA6
3417	#A850A8
3418	#A853A7
3419	#A359A5
3420	#7B61A4
3421	#6D65A5
3422	#9262A8
3423	#B05EAD
3424	#AF55AE
3425	#AC4AAC
3426	#A94DA9
3427	#AC55AC
3428	#A837A6
3429	#852B90
3430	#296E94
3431	#6C7DAC
3432	#D364D2
3433	#8B5D78
3434	#674013
3435	#666B5F
3436	#6E1549
3437	#72352B
3438	#6B2927
3439	#630547
3440	#6B0D51
3441	#6F2725
3442	#6B133E
3443	#6D1B3A
3444	#6F2B19
3445	#642122
3446	#635F60
3447	#656B64
3448	#63725F
3449	#6B3B1F
3450	#7D5C44
3451	#83491F
3452	#C48AB3
3453	#1D8CC7
3454	#3494B8
3455	#489EB2
3456	#6295AF
3457	#785DA1
3458	#577BA4
3459	#5F95B2
3460	#8D5299
3461	#5F6B9B
3462	#506695
3463	#2D87A4
3464	#0286C4
3465	#6781C6
3466	#F779C1
3467	#D772D4
3468	#BB6BDF
3469	#9F5EE2
3470	#7C55FC
3471	#41A2B1
3472	#2FAE26
3473	#256325
3474	#214221
3475	#1E2D1E
3476	#192419
3477	#121912
3478	#0E140E
3479	#0A100A
3480	#070D07
3481	#040A04
3482	#000600
3483	#000600
3484	#000600
3485	#000600
3486	#000600
3487	#000600
3488	#000600
3489	#000600
3490	#000600
3491	#000600
3492	#000600
3493	#000600
3494	#000600
3495	#000600
3496	#000600
3497	#000600
3498	#000600
3499	#000600
3500	#000500
3501	#053E05
3502	#768577
3503	#A33A9E
3504	#62224E
3505	#044908
3506	#081007
3507	#8182AB
3508	#B25B9F
3509	#6A2B60
3510	#184094
3511	#232337
3512	#294427
3513	#2D452D
3514	#427442
3515	#53E055
3516	#5EA74C
3517	#824D0F
3518	#A67287
3519	#D882FD
3520	#6A98EA
3521	#3E9DB6
3522	#439CB2
3523	#587CAA
3524	#6D5C92
3525	#358BA0
3526	#158AC2
3527	#1593D6
3528	#38A3CD
3529	#6A8EB2
3530	#A256AA
3531	#A72BA5
3532	#981F94
3533	#52387B
3534	#746695
3535	#D36ACD
3536	#D37AF3
3537	#D876D4
3538	#D668C4
3539	#A15EF1
3540	#7A5E69
3541	#694700
3542	#533118
3543	#4FF551
3544	#52E953
3545	#5DDB5A
3546	#6D461B
3547	#7B660B
3548	#896741
3549	#8B63AF
3550	#876700
3551	#996B5D
3552	#B46EFA
3553	#CE76F0
3554	#B794EF
3555	#47A2BD
3556	#8865A7
3557	#AB57A8
3558	#A951A9
3559	#A74BA7
3560	#A452A5
3561	#A35CA5
3562	#AA5EA9
3563	#AE57AE
3564	#AE48AE
3565	#AC41AC
3566	#A948A9
3567	#AD4FAD
3568	#A935A8
3569	#8E2A92
3570	#306A93
3571	#547FC0
3572	#D36FE0
3573	#B26EEF
3574	#9C687E
3575	#8B6035
3576	#8C6191
3577	#8960F9
3578	#6B3978
3579	#5B1305
3580	#66420C
3581	#765F08
3582	#78600B
3583	#7A610A
3584	#7C5E05
3585	#77580B
3586	#6E3018
3587	#753A16
3588	#80594D
3589	#8D6A60
3590	#92710F
3591	#9F6E20
3592	#8E8FB4
3593	#1A8AC3
3594	#2B8EB3
3595	#3D94AF
3596	#5598A0
3597	#55A3B4
3598	#5C87AF
3599	#7265A1
3600	#6C63A3
3601	#943C94
3602	#56518D
3603	#1B85AD
3604	#1484C7
3605	#C982CC
3606	#FC7BC7
3607	#D475DA
3608	#BA6EE8
3609	#A663E7
3610	#894EF0
3611	#4673A1
3612	#2BAC23
3613	#245D25
3614	#203E20
3615	#1C2A1C
3616	#182218
3617	#131A13
3618	#0E140E
3619	#0A100A
3620	#070D07
3621	#040A04
3622	#000600
3623	#000600
3624	#000600
3625	#000600
3626	#000600
3627	#000600
3628	#000600
3629	#000600
3630	#000600
3631	#000600
3632	#000600
3633	#000600
3634	#000600
3635	#000600
3636	#000600
3637	#000600
3638	#000600
3639	#000600
3640	#000600
3641	#001100
3642	#081206
3643	#0C2F33
3644	#0C2F45
3645	#091906
3646	#0B0D0A
3647	#112C33
3648	#245E2D
3649	#295430
3650	#1A3037
3651	#232627
3652	#294428
3653	#2F412F
3654	#446E44
3655	#56D958
3656	#5F954B
3657	#7C4D0B
3658	#A5746F
3659	#DF81F8
3660	#5F90DE
3661	#2F9DC4
3662	#4997A8
3663	#5591A0
3664	#518799
3665	#3589A1
3666	#128CC9
3667	#249CD9
3668	#53A6C2
3669	#9964A9
3670	#B042AD
3671	#9E369D
3672	#6E2879
3673	#84638E
3674	#D66BC6
3675	#AC63E2
3676	#9F6AFF
3677	#B368E6
3678	#A761E4
3679	#815BB6
3680	#62301E
3681	#572E1D
3682	#504620
3683	#4BFD2A
3684	#4CE548
3685	#59DD58
3686	#724716
3687	#89651A
3688	#9864F1
3689	#9763C4
3690	#8C6722
3691	#906A10
3692	#A96DCE
3693	#C57795
3694	#BD95CD
3695	#48A3C0
3696	#8A68AA
3697	#AC55A9
3698	#AB4CAB
3699	#A742A7
3700	#A54DA5
3701	#A658A6
3702	#AA61AA
3703	#AE54AE
3704	#AD42AD
3705	#AD42AD
3706	#AB48AB
3707	#AE4DAE
3708	#A936A9
3709	#9B2C95
3710	#546D9A
3711	#CE88D9
3712	#D082E7
3713	#C378CC
3714	#CD67D0
3715	#A663BE
3716	#8C6266
3717	#79534A
3718	#611E35
3719	#59093A
3720	#5C191D
3721	#662B15
3722	#662A1C
3723	#662824
3724	#713E15
3725	#7B6508
3726	#724E0F
3727	#754016
3728	#8A6532
3729	#9967DE
3730	#A57544
3731	#D38C2A
3732	#4196B2
3733	#1C95D2
3734	#2C93C0
3735	#3E91A8
3736	#4A8E96
3737	#3296B9
3738	#5892C1
3739	#935EA2
3740	#895DA2
3741	#9E489B
3742	#53538C
3743	#1984A7
3744	#5980C5
3745	#FF83D4
3746	#F879BF
3747	#D874D6
3748	#BD71EA
3749	#AD67E5
3750	#9050E9
3751	#497AAC
3752	#2AAA2D
3753	#255824
3754	#203C20
3755	#1D2D1D
3756	#182118
3757	#141A14
3758	#0F150F
3759	#0B110B
3760	#080E08
3761	#030903
3762	#010701
3763	#000600
3764	#000600
3765	#000600
3766	#000600
3767	#000600
3768	#000600
3769	#000600
3770	#000600
3771	#000600
3772	#000600
3773	#000600
3774	#000600
3775	#000600
3776	#000600
3777	#000600
3778	#000600
3779	#000600
3780	#000600
3781	#000400
3782	#000600
3783	#020536
3784	#060855
3785	#0A0C06
3786	#0C130C
3787	#102A0C
3788	#132712
3789	#182017
3790	#1A2416
3791	#212820
3792	#294629
3793	#2B3C2B
3794	#446C44
3795	#59CB5C
3796	#611A4B
3797	#7C5615
3798	#A37503
3799	#D67DCE
3800	#A487DC
3801	#1D95CD
3802	#4696AB
3803	#4C95A1
3804	#4697A9
3805	#358BA4
3806	#1691D0
3807	#3EA6CE
3808	#658DAF
3809	#A64CAC
3810	#A932A8
3811	#84CA82
3812	#566786
3813	#E16BC0
3814	#B166E2
3815	#9A62E7
3816	#85617D
3817	#8E60D5
3818	#8150F9
3819	#633A1F
3820	#4E561C
3821	#4DE750
3822	#52F355
3823	#50F352
3824	#55EE59
3825	#689769
3826	#824A25
3827	#93731D
3828	#9E6C7B
3829	#A367E4
3830	#9D66FB
3831	#9C6B7D
3832	#AC6FD9
3833	#CC7DB9
3834	#BC94D7
3835	#40A0C1
3836	#8866AA
3837	#AC53A9
3838	#AB45AB
3839	#A742A7
3840	#A552A5
3841	#A857A8
3842	#AA5EAA
3843	#AE50AE
3844	#AC3FAC
3845	#AE46AE
3846	#AE49AE
3847	#AE48AE
3848	#AA34A9
3849	#922C94
3850	#4B719F
3851	#8A95DF
3852	#3694D5
3853	#1782A7
3854	#C663A3
3855	#A05ADD
3856	#6C4250
3857	#65171D
3858	#6B143D
3859	#671151
3860	#660F45
3861	#7A4717
3862	#682025
3863	#650A6B
3864	#702C33
3865	#784D16
3866	#691147
3867	#6D124D
3868	#87531B
3869	#9C6F4E
3870	#B27914
3871	#F089EB
3872	#5690D1
3873	#2794BE
3874	#3597BD
3875	#3D95B0
3876	#3A8CA3
3877	#278EB9
3878	#44A3C1
3879	#8E6EAA
3880	#A44CA0
3881	#785C9E
3882	#555B8F
3883	#28839E
3884	#D97FC9
3885	#F581D8
3886	#F97BC3
3887	#D973D0
3888	#BD6FE6
3889	#AF69E7
3890	#9A53E0
3891	#5182F1
3892	#2BAE61
3893	#26591F
3894	#214021
3895	#1E301E
3896	#192219
3897	#151B15
3898	#0F150F
3899	#0B110B
3900	#090F09
3901	#040A04
3902	#000600
3903	#000600
3904	#000600
3905	#000600
3906	#000600
3907	#000600
3908	#000600
3909	#000600
3910	#000600
3911	#000600
3912	#000600
3913	#000600
3914	#000600
3915	#000600
3916	#000600
3917	#000600
3918	#000600
3919	#000600
3920	#000600
3921	#000600
3922	#020802
3923	#040A00
3924	#060B00
3925	#090F09
3926	#0C120C
3927	#101510
3928	#151915
3929	#191E19
3930	#191E19
3931	#1F261F
3932	#254125
3933	#283728
3934	#446D44
3935	#58D05B
3936	#611C4B
3937	#825915
3938	#A27501
3939	#C98051
3940	#F186E8
3941	#458DD3
3942	#3596B8
3943	#348FAF
3944	#3295BD
3945	#358EAB
3946	#289CD2
3947	#4FA0C0
3948	#896DA8
3949	#B039AE
3950	#9D5B99
3951	#5F4F7A
3952	#A970AA
3953	#C86BD9
3954	#A463E7
3955	#8E5EEC
3956	#73542D
3957	#685034
3958	#5B6B80
3959	#4EC326
3960	#50EE50
3961	#58D65B
3962	#664D55
3963	#673B41
3964	#655953
3965	#765B5F
3966	#98673A
3967	#A87E54
3968	#B98243
3969	#BE7B9E
3970	#B571B6
3971	#B26EFF
3972	#BD70ED
3973	#D67CF4
3974	#BE92EE
3975	#35A0C6
3976	#8668AB
3977	#AE53AA
3978	#A944A9
3979	#A542A5
3980	#A656A6
3981	#A858A8
3982	#AA5BAA
3983	#AD4EAD
3984	#AB3DAB
3985	#AD44AD
3986	#AC46AC
3987	#AB43AB
3988	#A835A5
3989	#8B4097
3990	#4287A7
3991	#26A0CE
3992	#3A9DBF
3993	#378397
3994	#546A9D
3995	#B467D8
3996	#7F504D
3997	#5F1535
3998	#554237
3999	#536B31
4000	#577A53
4001	#7233B5
4002	#4FAD50
4003	#4ED24C
4004	#555842
4005	#524B20
4006	#57C85A
4007	#635E5F
4008	#7B4123
4009	#997C11
4010	#BB8422
4011	#9C90C3
4012	#1A8FCC
4013	#3490B1
4014	#3D93AE
4015	#3F93AB
4016	#368FAD
4017	#2A95C4
4018	#339EC5
4019	#708CB0
4020	#A645A4
4021	#665999
4022	#755999
4023	#2D6C97
4024	#5D84C3
4025	#FD81D7
4026	#F37CCA
4027	#DC74D0
4028	#BD6EE4
4029	#AF6CED
4030	#A45AE2
4031	#5F73E6
4032	#2DA65E
4033	#266020
4034	#214621
4035	#1D2D1D
4036	#182118
4037	#131A13
4038	#0F150F
4039	#0B110B
4040	#090F09
4041	#040A04
4042	#000600
4043	#000600
4044	#000600
4045	#000600
4046	#000600
4047	#000600
4048	#000600
4049	#000600
4050	#000600
4051	#000600
4052	#000600
4053	#000600
4054	#000600
4055	#000600
4056	#000600
4057	#000600
4058	#000600
4059	#000600
4060	#000600
4061	#000600
4062	#020802
4063	#040A04
4064	#060C06
4065	#080E08
4066	#0C120C
4067	#101610
4068	#151B15
4069	#161C16
4070	#181E18
4071	#1E261E
4072	#243B24
4073	#273227
4074	#467046
4075	#5DD360
4076	#641F4D
4077	#885A11
4078	#A47400
4079	#C47E32
4080	#E985ED
4081	#4386CD
4082	#138FC1
4083	#1D8FC5
4084	#2495CC
4085	#3C99B9
4086	#3CA0C4
4087	#659CB5
4088	#A657AD
4089	#A52AA4
4090	#920C8E
4091	#374780
4092	#AB73B9
4093	#BC68E1
4094	#975DED
4095	#7B53DC
4096	#5F344D
4097	#531011
4098	#55A945
4099	#5CEB5E
4100	#65EF65
4101	#639455
4102	#7B362F
4103	#8460A9
4104	#764835
4105	#795109
4106	#AC7761
4107	#CA7AFE
4108	#D981F9
4109	#D585A7
4110	#D78638
4111	#D58593
4112	#D681EC
4113	#F77DDC
4114	#B78DE0
4115	#2C9DCB
4116	#8369AA
4117	#AD50AA
4118	#A942A9
4119	#A444A4
4120	#A557A4
4121	#A65AA6
4122	#A85CA9
4123	#AE52AE
4124	#AC3FAC
4125	#A83DA8
4126	#A94DA9
4127	#AB4BAB
4128	#A83EA6
4129	#9453A1
4130	#5794AC
4131	#52A1B3
4132	#53A7B3
4133	#63729A
4134	#6C4F81
4135	#D25CAF
4136	#7845F0
4137	#459543
4138	#3BE72A
4139	#3DC840
4140	#46C942
4141	#4AA047
4142	#3BBF4A
4143	#3CC43C
4144	#3FD240
4145	#3CDD3F
4146	#41E042
4147	#43DE43
4148	#566724
4149	#75510F
4150	#AB8015
4151	#919360
4152	#0797E6
4153	#2295C6
4154	#3993B2
4155	#468F9C
4156	#338AA3
4157	#2594C7
4158	#2FA1D1
4159	#6691B3
4160	#AB49A4
4161	#944B99
4162	#6B599C
4163	#426D92
4164	#2581A8
4165	#BA7FD1
4166	#F77DCE
4167	#DB74D1
4168	#C070E5
4169	#AF6CEF
4170	#A766E8
4171	#703ADC
4172	#308059
4173	#276C22
4174	#204520
4175	#1C281C
4176	#191E19
4177	#141A14
4178	#0F150F
4179	#0B110B
4180	#090F09
4181	#040A04
4182	#000600
4183	#000600
4184	#000600
4185	#000600
4186	#000600
4187	#000600
4188	#000600
4189	#000600
4190	#000600
4191	#000600
4192	#000600
4193	#000600
4194	#000600
4195	#000600
4196	#000600
4197	#000600
4198	#000600
4199	#000600
4200	#000600
4201	#000600
4202	#020802
4203	#040A04
4204	#060C06
4205	#080E08
4206	#0C120C
4207	#111711
4208	#151B15
4209	#151B15
4210	#171D17
4211	#1E251E
4212	#233A23
4213	#263026
4214	#487548
4215	#5EDC60
4216	#65243F
4217	#895B0F
4218	#A37402
4219	#C47D74
4220	#E482E1
4221	#6281C7
4222	#5487CE
4223	#088FD5
4224	#2996C7
4225	#4CA2B9
4226	#49A5B7
4227	#9974B0
4228	#AA3CA6
4229	#9D2E9A
4230	#843D8F
4231	#1B7087
4232	#9D69B6
4233	#A95EEF
4234	#7E5F8D
4235	#6A381A
4236	#601717
4237	#661A1F
4238	#642722
4239	#67411C
4240	#71451A
4241	#61221E
4242	#7A472C
4243	#8762AB
4244	#7C5B6F
4245	#73500C
4246	#A1790F
4247	#D07CB4
4248	#DE7DE9
4249	#E684F5
4250	#BE8AE1
4251	#678ECD
4252	#2590DC
4253	#A988CF
4254	#2F8CCC
4255	#2B9BC8
4256	#7D75AA
4257	#A844A4
4258	#A33CA3
4259	#A145A1
4260	#A254A0
4261	#8564A6
4262	#9B61A8
4263	#AE51AD
4264	#AA3EAA
4265	#A644A6
4266	#A95DA9
4267	#AE56AE
4268	#AC3EAC
4269	#A43CA3
4270	#85589F
4271	#6379A5
4272	#648AA8
4273	#91499E
4274	#5D2C6F
4275	#714782
4276	#5292AD
4277	#38C634
4278	#3CA13D
4279	#448843
4280	#4D9F4E
4281	#44E041
4282	#3BB538
4283	#449444
4284	#46A946
4285	#43CB43
4286	#43C743
4287	#43BB44
4288	#45CE47
4289	#536826
4290	#895B16
4291	#CC7ADB
4292	#7F8DE9
4293	#3597E5
4294	#1B97CA
4295	#308FAD
4296	#1F88B1
4297	#2D8FB5
4298	#2F98C2
4299	#499CC2
4300	#8A67A9
4301	#A1449D
4302	#6F579A
4303	#545B93
4304	#1C7897
4305	#927DC8
4306	#F47BD1
4307	#D976D8
4308	#C372E5
4309	#AF6EF1
4310	#A568F1
4311	#7E44E1
4312	#348F54
4313	#267222
4314	#204420
4315	#1C2B1C
4316	#191E19
4317	#141A14
4318	#0F150F
4319	#0B110B
4320	#090F09
4321	#040A04
4322	#000600
4323	#000600
4324	#000600
4325	#000600
4326	#000600
4327	#000600
4328	#000600
4329	#000600
4330	#000600
4331	#000600
4332	#000600
4333	#000600
4334	#000600
4335	#000600
4336	#000600
4337	#000600
4338	#000600
4339	#000600
4340	#000600
4341	#010701
4342	#010701
4343	#040A04
4344	#070D07
4345	#090F09
4346	#0D130D
4347	#111711
4348	#151B15
4349	#141A14
4350	#171D17
4351	#1E251E
4352	#213721
4353	#263026
4354	#49764A
4355	#5CE75A
4356	#642A23
4357	#825C18
4358	#9E7605
4359	#C37CD9
4360	#E47DE0
4361	#FE7DD3
4362	#DD81D8
4363	#1B92DE
4364	#389FC9
4365	#5A9FAF
4366	#6392AF
4367	#9F4FAB
4368	#A1339C
4369	#894495
4370	#515A90
4371	#6C738B
4372	#C465C7
4373	#8F6786
4374	#866F09
4375	#8C6807
4376	#8A5466
4377	#815358
4378	#705306
4379	#776109
4380	#815F17
4381	#622019
4382	#622A47
4383	#6A3733
4384	#671C2D
4385	#6C135F
4386	#8A5821
4387	#C381AA
4388	#D47FFF
4389	#F489F5
4390	#5F90E2
4391	#0A8FC7
4392	#1E94CA
4393	#209ACC
4394	#2C96C2
4395	#349CC2
4396	#618EB0
4397	#9D4CA5
4398	#A33EA2
4399	#A1499F
4400	#825B9E
4401	#6563A2
4402	#9664A8
4403	#AC55A9
4404	#A647A6
4405	#A550A5
4406	#AD66AC
4407	#B254B2
4408	#AF33AF
4409	#A430A3
4410	#9D529E
4411	#6A67A4
4412	#8F5CA6
4413	#983798
4414	#8B3477
4415	#AD5B96
4416	#41DB5F
4417	#40A43E
4418	#3A973A
4419	#3C883C
4420	#4E864E
4421	#4BB94C
4422	#46BE46
4423	#499A49
4424	#51A651
4425	#4FE44F
4426	#40D840
4427	#40B340
4428	#4BC04E
4429	#62C455
4430	#814A12
4431	#AD7681
4432	#E577E4
4433	#DA7BCE
4434	#968DDF
4435	#2C94E6
4436	#1C92DD
4437	#2692BE
4438	#3890AE
4439	#449FB9
4440	#659DB4
4441	#A455A3
4442	#6C5599
4443	#605997
4444	#2C7494
4445	#A27EC3
4446	#EF78D2
4447	#D275DB
4448	#C572E3
4449	#B36FF0
4450	#A36AF5
4451	#884BE4
4452	#36A167
4453	#257D22
4454	#214421
4455	#1C2E1C
4456	#191F19
4457	#141A14
4458	#0F150F
4459	#0C120C
4460	#080E08
4461	#040A04
4462	#010701
4463	#000600
4464	#000600
4465	#000600
4466	#000600
4467	#000600
4468	#000600
4469	#000600
4470	#000600
4471	#000600
4472	#000600
4473	#000600
4474	#000600
4475	#000600
4476	#000600
4477	#000600
4478	#000600
4479	#000600
4480	#010701
4481	#141A14
4482	#000600
4483	#040A04
4484	#060C06
4485	#090F09
4486	#0D130D
4487	#101610
4488	#141A14
4489	#151B15
4490	#181D18
4491	#1C231C
4492	#1F361F
4493	#273127
4494	#4B7E4B
4495	#5B9759
4496	#621C24
4497	#7A5C16
4498	#A67A4C
4499	#CF7DE3
4500	#DA7BE3
4501	#E37EDE
4502	#F484E6
4503	#9798DF
4504	#3BA6C1
4505	#637FA8
4506	#9753A8
4507	#A33AA0
4508	#8A4497
4509	#557198
4510	#3A849B
4511	#477CA5
4512	#CA75C3
4513	#B77A7E
4514	#A27487
4515	#A37085
4516	#A46CF7
4517	#906A89
4518	#714204
4519	#7B4B06
4520	#8D6495
4521	#6C3626
4522	#56CC47
4523	#598851
4524	#5E0043
4525	#6A144B
4526	#7D3F23
4527	#AC7F20
4528	#CB8385
4529	#CC8FF0
4530	#3E9BE7
4531	#2B98C5
4532	#3696BB
4533	#4299B3
4534	#4197B0
4535	#3CA0C8
4536	#56A2BE
4537	#9B60AB
4538	#A539A3
4539	#9F3F9D
4540	#79599C
4541	#615D9C
4542	#6A5D9F
4543	#9657A2
4544	#A553A3
4545	#A259A4
4546	#A06AB0
4547	#B34AB2
4548	#AD2BAD
4549	#A735A6
4550	#9C52A0
4551	#7B67A6
4552	#A253A6
4553	#973795
4554	#5D4784
4555	#9D5DB8
4556	#53B2A7
4557	#3AB234
4558	#399539
4559	#358A35
4560	#407D40
4561	#48A948
4562	#4BCB4B
4563	#49AD49
4564	#58BF58
4565	#5BA95B
4566	#43E144
4567	#42C643
4568	#56D55A
4569	#65715A
4570	#76490E
4571	#9C725F
4572	#C570EC
4573	#D66ECF
4574	#D670D8
4575	#DB78E2
4576	#CA92F7
4577	#2B9AE5
4578	#2E96B9
4579	#3F93A9
4580	#4CA1BE
4581	#9765AB
4582	#8F5BA1
4583	#8D4C98
4584	#59548F
4585	#5B7DB3
4586	#DD77D4
4587	#CF73DC
4588	#C871DE
4589	#B56DEB
4590	#9D67F7
4591	#874FEB
4592	#3BBAD0
4593	#259026
4594	#234423
4595	#1D311D
4596	#192319
4597	#151B15
4598	#0F150F
4599	#0C120C
4600	#080E08
4601	#040A04
4602	#010701
4603	#000600
4604	#000600
4605	#000600
4606	#000600
4607	#000600
4608	#000600
4609	#000600
4610	#000600
4611	#000600
4612	#000600
4613	#000600
4614	#000600
4615	#000600
4616	#000600
4617	#000600
4618	#000600
4619	#010701
4620	#141A14
4621	#090F09
4622	#010701
4623	#040A04
4624	#070D07
4625	#080E08
4626	#0C120C
4627	#0F150F
4628	#131913
4629	#151B15
4630	#171C17
4631	#1B201B
4632	#1E3B1E
4633	#283628
4634	#4E884F
4635	#5C4A5A
4636	#600B26
4637	#7A5314
4638	#AF798A
4639	#CF75EF
4640	#CE79E7
4641	#E27DE2
4642	#D689EA
4643	#349FDE
4644	#4FA1B4
4645	#8C73AA
4646	#A632A0
4647	#933C96
4648	#53769C
4649	#3B96AD
4650	#3893B0
4651	#1A8BB2
4652	#9579BB
4653	#D76FE0
4654	#B671FC
4655	#B373FF
4656	#AE72FE
4657	#A47067
4658	#8B623E
4659	#7A526A
4660	#6B64EE
4661	#467770
4662	#39CE27
4663	#3DC139
4664	#40C036
4665	#49C628
4666	#535418
4667	#704805
4668	#915E43
4669	#CA81C8
4670	#5692D9
4671	#1B98C9
4672	#3E98B7
4673	#4F8DA0
4674	#4891A4
4675	#3BA1C8
4676	#5B9CBE
4677	#A15DAF
4678	#AA37A8
4679	#9C379B
4680	#8D4F97
4681	#7C5496
4682	#586899
4683	#6171A0
4684	#7E63A2
4685	#AA60A9
4686	#AA63B0
4687	#B348B3
4688	#B12EB1
4689	#AB36AB
4690	#A34EA3
4691	#A55BA8
4692	#A04E9F
4693	#894493
4694	#305B87
4695	#7E59A0
4696	#7B73D3
4697	#37B062
4698	#3B8936
4699	#3A8B3A
4700	#3F823F
4701	#449744
4702	#49C849
4703	#46BB46
4704	#54C954
4705	#5E875F
4706	#54A951
4707	#57AB58
4708	#637953
4709	#681D22
4710	#6F4013
4711	#9F7161
4712	#AF6CFA
4713	#B86CE5
4714	#B367E3
4715	#B166ED
4716	#D779E9
4717	#BE8AF0
4718	#339ADD
4719	#2C98C1
4720	#3F9CC0
4721	#7969A8
4722	#A260A7
4723	#A447A0
4724	#784B8B
4725	#1A7C9E
4726	#D378D3
4727	#D174DD
4728	#C66FDE
4729	#B16BEA
4730	#9966F9
4731	#8958FA
4732	#4D63CA
4733	#249B1F
4734	#234423
4735	#1E321E
4736	#1A251A
4737	#151B15
4738	#0F150F
4739	#0C120C
4740	#090F09
4741	#040A04
4742	#010701
4743	#000600
4744	#000600
4745	#000600
4746	#000600
4747	#000600
4748	#000600
4749	#000600
4750	#000600
4751	#000600
4752	#000600
4753	#000600
4754	#000600
4755	#000600
4756	#000600
4757	#000600
4758	#000600
4759	#000600
4760	#090F09
4761	#000500
4762	#010701
4763	#030903
4764	#070D07
4765	#090F09
4766	#0C120C
4767	#101610
4768	#131913
4769	#141A14
4770	#171D17
4771	#1C221C
4772	#203E20
4773	#2C3B2C
4774	#528D53
4775	#5D5858
4776	#620E25
4777	#805313
4778	#B1787B
4779	#CA73EE
4780	#C978EC
4781	#DE7FF9
4782	#7D94E9
4783	#239FCF
4784	#6294B3
4785	#A347A5
4786	#9A2F97
4787	#6B6B96
4788	#3695AF
4789	#3397C0
4790	#3D96B4
4791	#398DA1
4792	#30779E
4793	#D56EC7
4794	#BF75F0
4795	#C276EE
4796	#B36AE6
4797	#9855EE
4798	#7957E2
4799	#5B37EC
4800	#3E9DA0
4801	#34BD35
4802	#3A893A
4803	#3E983F
4804	#3EB240
4805	#47C449
4806	#46DF4A
4807	#49B03A
4808	#5A6124
4809	#A7653C
4810	#C886D8
4811	#698BD0
4812	#2799C3
4813	#4D899F
4814	#438CA2
4815	#38A0C5
4816	#6192B5
4817	#A354AE
4818	#AE41AC
4819	#A646A4
4820	#845A9F
4821	#7F5598
4822	#4F8AA2
4823	#52A7B0
4824	#7975AB
4825	#B05AAD
4826	#AF52AE
4827	#B44AB4
4828	#B430B4
4829	#A726A7
4830	#A348A3
4831	#A547A1
4832	#7B5C9C
4833	#576E99
4834	#337F91
4835	#A26A9C
4836	#9941CE
4837	#3E8964
4838	#3E8F38
4839	#3B8F3B
4840	#3D7F3D
4841	#4B8C4B
4842	#4CC84C
4843	#44C944
4844	#52CF53
4845	#659666
4846	#661333
4847	#69142C
4848	#7C4374
4849	#7C5286
4850	#784407
4851	#A26E63
4852	#A168FE
4853	#A468F6
4854	#9A63CE
4855	#946963
4856	#B96FE1
4857	#D272E1
4858	#BE83E2
4859	#2E94DF
4860	#36A4D1
4861	#5D82AB
4862	#7661A3
4863	#A84EA5
4864	#844692
4865	#356F92
4866	#DA79C5
4867	#D474DB
4868	#C170E4
4869	#AE6CEF
4870	#9866FE
4871	#895BEE
4872	#5E5FE2
4873	#26B366
4874	#244D1F
4875	#1F361F
4876	#1B251B
4877	#151B15
4878	#101610
4879	#0D130D
4880	#0A100A
4881	#050B05
4882	#010701
4883	#000600
4884	#000600
4885	#000600
4886	#000600
4887	#000600
4888	#000600
4889	#000600
4890	#000600
4891	#000600
4892	#000600
4893	#000600
4894	#000600
4895	#000600
4896	#000600
4897	#000600
4898	#000600
4899	#000600
4900	#000500
4901	#000600
4902	#010701
4903	#030903
4904	#060C06
4905	#090F09
4906	#0C120C
4907	#0F150F
4908	#131913
4909	#141A14
4910	#171D17
4911	#1C221C
4912	#1E381E
4913	#313D31
4914	#569958
4915	#5C5E3E
4916	#630B34
4917	#8F631F
4918	#B176AC
4919	#C376F7
4920	#CD79E4
4921	#E18698
4922	#579BC4
4923	#329FBE
4924	#6F84B1
4925	#A22A98
4926	#7C458E
4927	#3187A9
4928	#2D98C4
4929	#3F98B5
4930	#4394A9
4931	#3490B1
4932	#1A82A5
4933	#8277BA
4934	#E372D2
4935	#BB5DC2
4936	#8C42D9
4937	#5165B1
4938	#42C749
4939	#45B64F
4940	#3FB43F
4941	#3C913B
4942	#3E7D3E
4943	#3F7F3F
4944	#439C43
4945	#43BB43
4946	#42B141
4947	#4CD24F
4948	#559C5A
4949	#81561D
4950	#E3849E
4951	#C186E9
4952	#1C91D3
4953	#3094B4
4954	#328EAF
4955	#2CA2D6
4956	#6B95BB
4957	#A955AD
4958	#AE44AD
4959	#AB49AB
4960	#A459A8
4961	#6F76A8
4962	#5AA6B3
4963	#63A5B6
4964	#936BB0
4965	#B14CAE
4966	#AF47AF
4967	#B13FB1
4968	#AE28AE
4969	#A525A5
4970	#A449A2
4971	#994C9D
4972	#647CA2
4973	#5882A0
4974	#3F7696
4975	#7979A5
4976	#B14ABA
4977	#41B780
4978	#2D9D2C
4979	#317C31
4980	#358435
4981	#439C43
4982	#49CA49
4983	#45D545
4984	#52D154
4985	#664355
4986	#7F5811
4987	#8C6900
4988	#8D658F
4989	#8F61B0
4990	#9A6A61
4991	#A965D8
4992	#9E64F2
4993	#9263FF
4994	#8A6483
4995	#8F6E02
4996	#AA6EE7
4997	#B96EE9
4998	#CE6AD0
4999	#DA76D5
5000	#959CF5
5001	#46A9C4
5002	#7371A5
5003	#A854A3
5004	#92519D
5005	#386F92
5006	#6D79AE
5007	#EB75D1
5008	#C06EE0
5009	#AC6AF2
5010	#9666B9
5011	#816013
5012	#6C5BC6
5013	#309C94
5014	#25701B
5015	#1F3D1F
5016	#1B2B1B
5017	#151C15
5018	#101610
5019	#0C120C
5020	#0A100A
5021	#050B05
5022	#010701
5023	#000600
5024	#000600
5025	#000600
5026	#000600
5027	#000600
5028	#000600
5029	#000600
5030	#000600
5031	#000600
5032	#000600
5033	#000600
5034	#000600
5035	#000600
5036	#000600
5037	#000600
5038	#000600
5039	#000600
5040	#000600
5041	#000600
5042	#010701
5043	#040A04
5044	#070D07
5045	#090F09
5046	#0B110B
5047	#0E140E
5048	#121812
5049	#141A14
5050	#181E18
5051	#1D221D
5052	#1E321E
5053	#375037
5054	#59AF5A
5055	#5C5E54
5056	#691134
5057	#976235
5058	#B273FD
5059	#BD74F3
5060	#DB7AF0
5061	#B092B2
5062	#2499C1
5063	#5987B1
5064	#90509F
5065	#874790
5066	#4C809B
5067	#2792BD
5068	#2C96C4
5069	#4096AF
5070	#4191A6
5071	#3091B6
5072	#2D8EAB
5073	#407393
5074	#BB53A0
5075	#7F3ACD
5076	#52695A
5077	#3DCD43
5078	#43A341
5079	#49A748
5080	#43C042
5081	#3EAC3E
5082	#3E7D3E
5083	#467E46
5084	#48A948
5085	#43C443
5086	#3EB23E
5087	#42B042
5088	#50D255
5089	#724A3E
5090	#BA76A1
5091	#EA7AEF
5092	#B882D1
5093	#258CC2
5094	#1F8DBB
5095	#2DA2D3
5096	#7D90B4
5097	#B156AB
5098	#AF48AF
5099	#AD42AD
5100	#AA4BAA
5101	#9E56AB
5102	#9C6DAE
5103	#9E68AD
5104	#B055B0
5105	#B145B0
5106	#B03CB0
5107	#AD3BAD
5108	#AD30AD
5109	#A72EA7
5110	#A247A0
5111	#82599D
5112	#5C75A3
5113	#78659F
5114	#595D94
5115	#2681A2
5116	#BC55B0
5117	#5770C9
5118	#2EA32D
5119	#355C35
5120	#456C45
5121	#50A950
5122	#56C056
5123	#59E459
5124	#609E65
5125	#75243B
5126	#947417
5127	#A57A06
5128	#A17724
5129	#A27713
5130	#A86FB9
5131	#9B63CF
5132	#9A61EF
5133	#895EE6
5134	#8D6748
5135	#9C6AC4
5136	#9B68F8
5137	#AF6EF3
5138	#AF66E2
5139	#B968E7
5140	#E184EA
5141	#439DDB
5142	#559CC1
5143	#925BA3
5144	#914C9D
5145	#4982A2
5146	#32809D
5147	#C972BC
5148	#D06FDA
5149	#AD6AF8
5150	#966959
5151	#846600
5152	#7A4FAA
5153	#3D7CA5
5154	#259723
5155	#204320
5156	#1B291B
5157	#161C16
5158	#111711
5159	#0E140E
5160	#090F09
5161	#050B05
5162	#010701
5163	#000600
5164	#000600
5165	#000600
5166	#000600
5167	#000600
5168	#000600
5169	#000600
5170	#000600
5171	#000600
5172	#000600
5173	#000600
5174	#000600
5175	#000600
5176	#000600
5177	#000600
5178	#000600
5179	#000600
5180	#000600
5181	#000600
5182	#010701
5183	#040A04
5184	#070D07
5185	#090F09
5186	#0B110B
5187	#0F150F
5188	#111711
5189	#141A14
5190	#181F18
5191	#1D211D
5192	#212A21
5193	#3E653E
5194	#57C757
5195	#595759
5196	#6D2229
5197	#9C6C2E
5198	#B370F7
5199	#B673D5
5200	#CD807A
5201	#6296E4
5202	#179BD2
5203	#7A77B3
5204	#8B4193
5205	#43879D
5206	#3C94AA
5207	#258FBD
5208	#2D94BF
5209	#4095AE
5210	#4696AB
5211	#3D92A5
5212	#2E7D99
5213	#AE649D
5214	#A753CD
5215	#5930AA
5216	#42DE3E
5217	#3CB63A
5218	#3F9D3F
5219	#45AB45
5220	#3BB83B
5221	#3BB13B
5222	#357B35
5223	#438143
5224	#45AB45
5225	#41BE41
5226	#3BA13B
5227	#3EA93E
5228	#50CB54
5229	#6C3D4F
5230	#9C6D4E
5231	#C278A7
5232	#EE7DE4
5233	#C181C9
5234	#198AC5
5235	#2598C6
5236	#678EAF
5237	#A65BAA
5238	#B048AF
5239	#AD3DAD
5240	#AA43AA
5241	#AA42A8
5242	#AA45A8
5243	#AD4EAA
5244	#AE50AE
5245	#B042B0
5246	#AE38AE
5247	#AE43AE
5248	#AF3CAF
5249	#A831A7
5250	#9F42A0
5251	#7A61A1
5252	#6068A2
5253	#85579E
5254	#5E5F96
5255	#2B86AD
5256	#DA6FC5
5257	#9259D4
5258	#48A76C
5259	#488F45
5260	#539853
5261	#5BCF5B
5262	#5ECA60
5263	#68746D
5264	#783B42
5265	#996B5E
5266	#AA7C16
5267	#BE7A5B
5268	#C27C7C
5269	#CA8276
5270	#D17FBD
5271	#B87A57
5272	#B27760
5273	#9C6E3A
5274	#996B35
5275	#A862FB
5276	#9E65F7
5277	#AD66E5
5278	#935FEC
5279	#986BB2
5280	#E47DEA
5281	#9A83D3
5282	#1AA4D7
5283	#8282B8
5284	#924297
5285	#4A83A3
5286	#2C94B1
5287	#7B78AA
5288	#E86FC2
5289	#B36AF2
5290	#95695A
5291	#8B6800
5292	#845772
5293	#4FA4FD
5294	#26B940
5295	#21501D
5296	#1C2D1C
5297	#161E16
5298	#111711
5299	#0D130D
5300	#0A100A
5301	#050B05
5302	#010701
5303	#000600
5304	#000600
5305	#000600
5306	#000600
5307	#000600
5308	#000600
5309	#000600
5310	#000600
5311	#000600
5312	#000600
5313	#000600
5314	#000600
5315	#000600
5316	#000600
5317	#000600
5318	#000600
5319	#000600
5320	#000600
5321	#000600
5322	#010701
5323	#040A04
5324	#060C06
5325	#090F09
5326	#0B110B
5327	#0F150F
5328	#121812
5329	#131913
5330	#191F19
5331	#1D221D
5332	#252625
5333	#467846
5334	#54DE55
5335	#5C5B5B
5336	#6F3026
5337	#99742E
5338	#B66FF9
5339	#B372B4
5340	#B98703
5341	#2896C1
5342	#2DA0CD
5343	#7574B0
5344	#854B92
5345	#3994A9
5346	#338EAE
5347	#1D8ABA
5348	#2D93BD
5349	#4797AA
5350	#3B8C9A
5351	#2A7893
5352	#B069A7
5353	#C365E1
5354	#8361D2
5355	#5D320D
5356	#44B824
5357	#3EB441
5358	#43AE43
5359	#3EB03E
5360	#379637
5361	#3D973D
5362	#398839
5363	#3F863F
5364	#429F42
5365	#3EB23E
5366	#3F8F3F
5367	#46A246
5368	#50D253
5369	#62AD4F
5370	#814E06
5371	#A57A0D
5372	#D581BF
5373	#FF81DB
5374	#5885CD
5375	#1592CC
5376	#4DA4BC
5377	#9C6EAD
5378	#B144AE
5379	#AC3DAC
5380	#AA43AA
5381	#A842A8
5382	#A745A7
5383	#A951A9
5384	#AE52AE
5385	#B044B0
5386	#AE3EAE
5387	#B048B0
5388	#B13FB1
5389	#A931A9
5390	#A43FA1
5391	#8C5DA1
5392	#606AA4
5393	#875EA2
5394	#666CA1
5395	#2B99BB
5396	#688CCE
5397	#D860C7
5398	#71848C
5399	#45DA34
5400	#4AC44B
5401	#55E957
5402	#5C554D
5403	#701A28
5404	#96694E
5405	#B773F5
5406	#BE78D7
5407	#D47BE5
5408	#E47DE7
5409	#E97DE2
5410	#E07ADF
5411	#CA7AE7
5412	#D37FC7
5413	#C47C7A
5414	#B97C6D
5415	#B56FC3
5416	#AA6BC4
5417	#AE5FE2
5418	#845083
5419	#84600B
5420	#CC7B9E
5421	#EB81E0
5422	#3B8DD6
5423	#3EA0CC
5424	#6A6BA4
5425	#516C96
5426	#359AC0
5427	#1F88A8
5428	#9770A6
5429	#CD69E1
5430	#99687F
5431	#8B6704
5432	#8B62C9
5433	#6758FB
5434	#2CB061
5435	#22631E
5436	#1C321C
5437	#151E15
5438	#111711
5439	#0E140E
5440	#090F09
5441	#050B05
5442	#020802
5443	#000600
5444	#000600
5445	#000600
5446	#000600
5447	#000600
5448	#000600
5449	#000600
5450	#000600
5451	#000600
5452	#000600
5453	#000600
5454	#000600
5455	#000600
5456	#000600
5457	#000600
5458	#000600
5459	#000600
5460	#000600
5461	#000600
5462	#010701
5463	#030903
5464	#070D07
5465	#090F09
5466	#0B110B
5467	#0F150F
5468	#131913
5469	#141A14
5470	#1A201A
5471	#1C271C
5472	#2A2C2A
5473	#4E8C4E
5474	#57EC57
5475	#5F5D5B
5476	#703221
5477	#94712F
5478	#B56FF9
5479	#BA73B0
5480	#C38C06
5481	#2F95BF
5482	#38A0C3
5483	#7C76AB
5484	#844A90
5485	#2C8AA3
5486	#1C8DC1
5487	#2090C4
5488	#3394B8
5489	#338699
5490	#2D718B
5491	#A16AB8
5492	#BF67DF
5493	#9965F3
5494	#82605A
5495	#683E00
5496	#4C5623
5497	#40C043
5498	#46B346
5499	#3EB03E
5500	#388338
5501	#438743
5502	#3D9A3D
5503	#3B8E3B
5504	#439B43
5505	#40B140
5506	#3C863C
5507	#4BA84B
5508	#53D256
5509	#60C84B
5510	#7F5511
5511	#977408
5512	#CF82BA
5513	#F383DF
5514	#6285CE
5515	#0C92D5
5516	#47A9C4
5517	#9C6FAE
5518	#AF43AC
5519	#AB40AB
5520	#A942A9
5521	#A849A8
5522	#A74DA7
5523	#A952A9
5524	#AD4EAD
5525	#AF44AF
5526	#AE43AE
5527	#B143B1
5528	#B038B0
5529	#AA33AA
5530	#A440A2
5531	#8C59A1
5532	#666BA6
5533	#8D66A8
5534	#8D62A4
5535	#5B8EA7
5536	#2C95AF
5537	#6E79A5
5538	#B848BE
5539	#52938F
5540	#47CE46
5541	#54D557
5542	#664F3D
5543	#805A15
5544	#9B751E
5545	#B777BC
5546	#C277F4
5547	#D981EE
5548	#E87FDB
5549	#E67CD8
5550	#D77FEC
5551	#DA82EF
5552	#EF7ED9
5553	#E374D9
5554	#CD79F5
5555	#BF7CA8
5556	#C37E62
5557	#BA6EF4
5558	#834174
5559	#83450C
5560	#C47C9A
5561	#F381EA
5562	#4686CB
5563	#068FD0
5564	#2E9DCD
5565	#4F7C9D
5566	#358EB0
5567	#3393B3
5568	#4078A1
5569	#CD6AC3
5570	#A366E8
5571	#886708
5572	#8A63B9
5573	#764EFF
5574	#33BDC2
5575	#21721B
5576	#1D341D
5577	#171D17
5578	#121812
5579	#0D130D
5580	#090F09
5581	#060C06
5582	#020802
5583	#000600
5584	#000600
5585	#000600
5586	#000600
5587	#000600
5588	#000600
5589	#000600
5590	#000600
5591	#000600
5592	#000600
5593	#000600
5594	#000600
5595	#000600
5596	#000600
5597	#000600
5598	#000600
5599	#000600
5600	#000600
5601	#000600
5602	#000600
5603	#040A04
5604	#070D07
5605	#090F09
5606	#0B110B
5607	#0F150F
5608	#121812
5609	#141A14
5610	#192219
5611	#1D2A1D
5612	#323632
5613	#549954
5614	#5CB05E
5615	#620D40
5616	#75401A
5617	#98702B
5618	#AF6DF8
5619	#BF76CB
5620	#DC9062
5621	#2C95C8
5622	#3EA0C1
5623	#8364A5
5624	#773E8C
5625	#1786B0
5626	#138FCF
5627	#2E90B0
5628	#197C94
5629	#746FA1
5630	#CF68C4
5631	#B667ED
5632	#9B62FE
5633	#865F86
5634	#776100
5635	#673D05
5636	#4D5B21
5637	#40D243
5638	#45BB45
5639	#3CB53C
5640	#329032
5641	#3B7F3B
5642	#3CA13C
5643	#3DAA3D
5644	#40AE40
5645	#3CB53C
5646	#3B8E3B
5647	#4BBD4C
5648	#4FD353
5649	#62C841
5650	#885F92
5651	#996F18
5652	#D982BB
5653	#8289E5
5654	#008BCC
5655	#1D95D1
5656	#48A9C3
5657	#9D71B0
5658	#B03FAD
5659	#AA38AA
5660	#A741A7
5661	#A74DA7
5662	#A951A9
5663	#AA4FAA
5664	#AC4AAC
5665	#AE47AE
5666	#B048B0
5667	#B140B1
5668	#B034B0
5669	#AA34AA
5670	#A444A3
5671	#975DA5
5672	#9B61A7
5673	#A759A8
5674	#A64DA4
5675	#99549D
5676	#4E88A2
5677	#358BAE
5678	#B061BB
5679	#7F5EAC
5680	#49CF35
5681	#5AD65E
5682	#6C4D50
5683	#772D1E
5684	#865F1E
5685	#A88317
5686	#C27F66
5687	#D481FD
5688	#E081E6
5689	#D67CE7
5690	#CE80F6
5691	#DE84F3
5692	#D67FE1
5693	#DA7CBA
5694	#D876E4
5695	#D478E7
5696	#E17BD7
5697	#C777C9
5698	#9B750C
5699	#A37B51
5700	#D87BEA
5701	#FF7FD3
5702	#4581C5
5703	#0081C1
5704	#5C8DD8
5705	#44A2E9
5706	#3990A7
5707	#3595B9
5708	#1985AC
5709	#966BA7
5710	#B466DF
5711	#8A6544
5712	#836221
5713	#7456D9
5714	#3DD8CE
5715	#1F9017
5716	#1B391B
5717	#171D17
5718	#131913
5719	#0F150F
5720	#0B110B
5721	#060C06
5722	#030903
5723	#000600
5724	#000600
5725	#000600
5726	#000600
5727	#000600
5728	#000600
5729	#000600
5730	#000600
5731	#000600
5732	#000600
5733	#000600
5734	#000600
5735	#000600
5736	#000600
5737	#000600
5738	#000600
5739	#000600
5740	#000600
5741	#040A04
5742	#000600
5743	#030903
5744	#070D07
5745	#090F09
5746	#0B110B
5747	#0F150F
5748	#121812
5749	#151A15
5750	#1A211A
5751	#1E261E
5752	#3C453C
5753	#56A856
5754	#5CB65C
5755	#640F37
5756	#784815
5757	#976E29
5758	#A76BF7
5759	#CA79FA
5760	#7A91FD
5761	#229BD0
5762	#559EB7
5763	#89489B
5764	#6F488C
5765	#1590C1
5766	#238CBD
5767	#56789B
5768	#B165A0
5769	#BB62D0
5770	#9B65D7
5771	#866440
5772	#8160BB
5773	#7C5F72
5774	#725A00
5775	#5D260C
5776	#4BBE3F
5777	#49E14A
5778	#42CA42
5779	#3AB43A
5780	#368B37
5781	#446844
5782	#51AC52
5783	#50CF54
5784	#52C653
5785	#4CC24C
5786	#50C154
5787	#58D14F
5788	#59E85D
5789	#74D95D
5790	#976F30
5791	#AC7900
5792	#D987BC
5793	#718DE4
5794	#0E8EC7
5795	#269BD3
5796	#50A7C0
5797	#A06EB0
5798	#B13CAE
5799	#AA34AA
5800	#A743A7
5801	#A750A7
5802	#A853A8
5803	#AA4EAA
5804	#AC4AAC
5805	#AE4DAE
5806	#AF4AAF
5807	#B142B1
5808	#AF38AF
5809	#A835A8
5810	#A543A5
5811	#A859A7
5812	#A95AA8
5813	#A84FA8
5814	#A548A5
5815	#9D4C9E
5816	#5C739E
5817	#2D9AB2
5818	#7082BC
5819	#C660C6
5820	#76806D
5821	#5DBA57
5822	#775260
5823	#7C4DCE
5824	#795599
5825	#8D6B5F
5826	#A570C4
5827	#C46FE8
5828	#CF6CCD
5829	#CB6ED7
5830	#C373EE
5831	#BC76C2
5832	#A57B49
5833	#BD8521
5834	#D481B1
5835	#DA7FE5
5836	#E176E0
5837	#CB71E4
5838	#BE7D69
5839	#D98D60
5840	#D68CF6
5841	#4C84C8
5842	#107BB2
5843	#6977B5
5844	#EF769F
5845	#BF9A4B
5846	#4A9AAC
5847	#2D8EB6
5848	#2791B7
5849	#44729D
5850	#CA66DC
5851	#8F619C
5852	#7C6300
5853	#6E4F24
5854	#476B49
5855	#21B12D
5856	#1B431A
5857	#171C17
5858	#131913
5859	#0F150F
5860	#0A100A
5861	#050B05
5862	#030903
5863	#000600
5864	#000600
5865	#000600
5866	#000600
5867	#000600
5868	#000600
5869	#000600
5870	#000600
5871	#000600
5872	#000600
5873	#000600
5874	#000600
5875	#000600
5876	#000600
5877	#000600
5878	#000600
5879	#000600
5880	#040A04
5881	#0C120C
5882	#000600
5883	#030903
5884	#070D07
5885	#0A100A
5886	#0C120C
5887	#0E140E
5888	#121812
5889	#151B15
5890	#1A1F1A
5891	#202520
5892	#435D43
5893	#58BF59
5894	#5CBB58
5895	#63132F
5896	#7D6510
5897	#956A22
5898	#9F69FF
5899	#CF79FF
5900	#6294E7
5901	#2FA2C6
5902	#6988A8
5903	#9C4897
5904	#7C4C90
5905	#2E7EA1
5906	#A76EA0
5907	#DC6AC8
5908	#BA62DB
5909	#985AF7
5910	#785C65
5911	#643F07
5912	#6E4217
5913	#6D3C0C
5914	#612008
5915	#4E5A24
5916	#4ADE4F
5917	#52DA52
5918	#4FDC51
5919	#4FD752
5920	#4EC451
5921	#61B765
5922	#688A63
5923	#607D3B
5924	#59D956
5925	#58D658
5926	#5D9038
5927	#5D5268
5928	#58A94F
5929	#7F8F61
5930	#B77E57
5931	#D6827A
5932	#C98CD5
5933	#1293DB
5934	#2E95BF
5935	#38A1CB
5936	#5D99BA
5937	#A35FB0
5938	#B43DB2
5939	#AD33AD
5940	#A945A9
5941	#A954A9
5942	#A955A9
5943	#AB4DAB
5944	#AB47AB
5945	#AC49AC
5946	#AD47AD
5947	#AD45AD
5948	#AD3FAD
5949	#AA3BAA
5950	#A84AA8
5951	#A95AA9
5952	#AC57AC
5953	#AC4CAC
5954	#A94AA9
5955	#A450A4
5956	#7D6BA2
5957	#587DA4
5958	#3F6C99
5959	#C95A9B
5960	#7F4DD1
5961	#44E14F
5962	#666A73
5963	#734FC6
5964	#663981
5965	#693515
5966	#83553C
5967	#AC6CD5
5968	#BF66D6
5969	#AE5DD1
5970	#8B50E7
5971	#7043C6
5972	#6F5122
5973	#9D764C
5974	#C17E66
5975	#C9844B
5976	#CD8075
5977	#C37783
5978	#DB82FA
5979	#DC8BE7
5980	#3692DA
5981	#0B91CD
5982	#0C82B5
5983	#486F9F
5984	#CB69A2
5985	#BF8A3D
5986	#3BA0BF
5987	#3190B3
5988	#3494B1
5989	#5D7C9F
5990	#E368C3
5991	#9A63C5
5992	#7A6120
5993	#6F4800
5994	#56504B
5995	#28D07D
5996	#1C5213
5997	#182118
5998	#141914
5999	#101610
6000	#0C120C
6001	#070D07
6002	#030903
6003	#000600
6004	#000600
6005	#000600
6006	#000600
6007	#000600
6008	#000600
6009	#000600
6010	#000600
6011	#000600
6012	#000600
6013	#000600
6014	#000600
6015	#000600
6016	#000600
6017	#000600
6018	#000600
6019	#000600
6020	#0C120C
6021	#010701
6022	#000600
6023	#030903
6024	#070D07
6025	#0A100A
6026	#0C120C
6027	#0F150F
6028	#111711
6029	#151B15
6030	#191D19
6031	#262C26
6032	#4A7F4A
6033	#56D256
6034	#5AB65E
6035	#63113C
6036	#7F630A
6037	#95684F
6038	#9C69DF
6039	#BB7CCA
6040	#5D9DE7
6041	#479FB8
6042	#6A6BA0
6043	#9E459C
6044	#803688
6045	#58577B
6046	#C15BBE
6047	#8452B2
6048	#7E5278
6049	#7F56BE
6050	#685747
6051	#51511F
6052	#610A21
6053	#5C3621
6054	#58393E
6055	#582C37
6056	#60AD54
6057	#64AB66
6058	#68BC62
6059	#675739
6060	#5E431F
6061	#5AB64D
6062	#654726
6063	#713C00
6064	#5E6C27
6065	#60D455
6066	#815B62
6067	#7B44F6
6068	#568F9B
6069	#7C4A48
6070	#CF809E
6071	#F585FC
6072	#B58FEA
6073	#269ACD
6074	#469CB3
6075	#49A2B7
6076	#6E8CB1
6077	#A95AB0
6078	#B438B3
6079	#AC2BAC
6080	#A945A9
6081	#AB57AB
6082	#AB54AB
6083	#AC47AC
6084	#AA40AA
6085	#A844A8
6086	#AB4FAA
6087	#AC4EAC
6088	#AF44AF
6089	#AC3EAC
6090	#AB4EAB
6091	#AF5AAF
6092	#B04FB0
6093	#AD45AD
6094	#AB44AB
6095	#A640A3
6096	#8B4F9C
6097	#535D94
6098	#3C5789
6099	#535A8B
6100	#8F52C4
6101	#4FE85E
6102	#5A3D3E
6103	#581314
6104	#520A16
6105	#580247
6106	#661328
6107	#8B5B3B
6108	#9E61EB
6109	#834AE5
6110	#594C63
6111	#4CD739
6112	#556A23
6113	#713D72
6114	#8E61D0
6115	#9664C7
6116	#A27738
6117	#B38605
6118	#DE8C9A
6119	#358DE6
6120	#158EC0
6121	#2490C2
6122	#218FC0
6123	#297BA8
6124	#C266C1
6125	#BC788A
6126	#409DDD
6127	#3895B5
6128	#4391A3
6129	#2887AA
6130	#A26BAA
6131	#B265F3
6132	#80616E
6133	#715702
6134	#5E1F3F
6135	#348C68
6136	#1C7616
6137	#192C19
6138	#161816
6139	#101610
6140	#0C120C
6141	#070D07
6142	#030903
6143	#000600
6144	#000600
6145	#000600
6146	#000600
6147	#000600
6148	#000600
6149	#000600
6150	#000600
6151	#000600
6152	#000600
6153	#000600
6154	#000600
6155	#000600
6156	#000600
6157	#000600
6158	#000600
6159	#000600
6160	#010701
6161	#000600
6162	#000600
6163	#030903
6164	#060C06
6165	#0A100A
6166	#0C120C
6167	#101610
6168	#121812
6169	#141A14
6170	#1A1D1A
6171	#303630
6172	#509B50
6173	#53DE53
6174	#5AB35E
6175	#630F3B
6176	#7D6206
6177	#9467CA
6178	#A16A80
6179	#8F892A
6180	#20A3E3
6181	#5589AA
6182	#84599F
6183	#9B329A
6184	#832674
6185	#C85C97
6186	#9059A9
6187	#5D2220
6188	#5E1219
6189	#66300B
6190	#5F280C
6191	#4EA03A
6192	#553318
6193	#5B373A
6194	#6D6561
6195	#773C25
6196	#734412
6197	#6F2536
6198	#803A33
6199	#8D6393
6200	#7D5B37
6201	#5F240D
6202	#5D1C38
6203	#6C5012
6204	#694E23
6205	#662C64
6206	#864F3E
6207	#8E5ECD
6208	#615597
6209	#763F22
6210	#D6819D
6211	#B98CF9
6212	#1A98E5
6213	#3EA0C4
6214	#5C8BA6
6215	#598AA8
6216	#836AAB
6217	#B452B0
6218	#B132B1
6219	#A926A9
6220	#A741A7
6221	#AB57AB
6222	#AC51AC
6223	#AB42AB
6224	#A73BA7
6225	#A447A4
6226	#A461A8
6227	#AE5AAF
6228	#B243B2
6229	#AF3BAF
6230	#AB42AB
6231	#AF4CAF
6232	#B043B0
6233	#AE3EAE
6234	#A735A7
6235	#9E299B
6236	#804191
6237	#4085A3
6238	#1B92BC
6239	#3E7ABB
6240	#B955BD
6241	#5DA249
6242	#5E3E5D
6243	#570030
6244	#591111
6245	#5D2612
6246	#5B594E
6247	#794938
6248	#8256FC
6249	#5E4966
6250	#47CD36
6251	#4DDC4D
6252	#56E45B
6253	#5A4C44
6254	#6A2446
6255	#7445EC
6256	#673950
6257	#976D19
6258	#D88F48
6259	#8794C7
6260	#138FC1
6261	#2889AE
6262	#228AAB
6263	#9283BE
6264	#F278CF
6265	#DC72DE
6266	#9893FB
6267	#3099BB
6268	#418FA1
6269	#208CB0
6270	#9F6F9B
6271	#BF67E1
6272	#8A63DF
6273	#704311
6274	#5A030D
6275	#3C8322
6276	#1E9C21
6277	#193B19
6278	#171617
6279	#111611
6280	#0B110B
6281	#060C06
6282	#030903
6283	#000600
6284	#000600
6285	#000600
6286	#000600
6287	#000600
6288	#000600
6289	#000600
6290	#000600
6291	#000600
6292	#000600
6293	#000600
6294	#000600
6295	#000600
6296	#000600
6297	#000600
6298	#000600
6299	#000600
6300	#000600
6301	#000600
6302	#000600
6303	#030903
6304	#060C06
6305	#0A100A
6306	#0C120C
6307	#0F150F
6308	#121812
6309	#141A14
6310	#1C1F1C
6311	#3C423C
6312	#52A652
6313	#54EB54
6314	#5BB75E
6315	#630B3E
6316	#79610F
6317	#8C662C
6318	#AF7550
6319	#B3936F
6320	#2EA1D0
6321	#648CAA
6322	#9B3F9E
6323	#752284
6324	#5B477F
6325	#C25AAD
6326	#6A3E1E
6327	#57041B
6328	#5B0232
6329	#5E0633
6330	#591620
6331	#5E9D64
6332	#6D3F58
6333	#772C1F
6334	#8C594F
6335	#9766ED
6336	#896B0E
6337	#826800
6338	#986C89
6339	#9C69D3
6340	#816408
6341	#691B29
6342	#67A36B
6343	#767649
6344	#78371F
6345	#720E69
6346	#7D2B4E
6347	#8D6D25
6348	#713B3E
6349	#833C2E
6350	#DA8969
6351	#9C91EB
6352	#139CDB
6353	#50A7BF
6354	#7275A9
6355	#8365A7
6356	#9768AC
6357	#B34FB2
6358	#B031B0
6359	#A926A9
6360	#A131A1
6361	#A347A3
6362	#A64AA6
6363	#A63FA6
6364	#A13BA1
6365	#9B4B9E
6366	#7C68A7
6367	#AC5BB3
6368	#B33FB1
6369	#AE37AE
6370	#AC3DAC
6371	#AF4DAF
6372	#B03FB0
6373	#AA36AA
6374	#A43AA4
6375	#9F409E
6376	#755196
6377	#4486A2
6378	#1D91C1
6379	#308BCD
6380	#C96CC4
6381	#914BAC
6382	#641956
6383	#67104E
6384	#74430E
6385	#795C3B
6386	#592023
6387	#6C341F
6388	#6D48CD
6389	#504A38
6390	#49DA49
6391	#50D550
6392	#53F354
6393	#52B045
6394	#545F1A
6395	#557D2A
6396	#518637
6397	#8E4AC7
6398	#B971E2
6399	#DD8575
6400	#8494BD
6401	#0D91DB
6402	#1A87A7
6403	#8D79A7
6404	#FB7CCF
6405	#E97CE0
6406	#8E90FA
6407	#2D9ABF
6408	#3E90A7
6409	#2E8FB3
6410	#2D7495
6411	#B266D3
6412	#9562FF
6413	#75567F
6414	#5A2C04
6415	#42B82F
6416	#25B227
6417	#194719
6418	#161916
6419	#101610
6420	#0B110B
6421	#060C06
6422	#030903
6423	#000600
6424	#000600
6425	#000600
6426	#000600
6427	#000600
6428	#000600
6429	#000600
6430	#000600
6431	#000600
6432	#000600
6433	#000600
6434	#000600
6435	#000600
6436	#000600
6437	#000600
6438	#000600
6439	#000600
6440	#000600
6441	#000600
6442	#000600
6443	#020802
6444	#060C06
6445	#090F09
6446	#0D130D
6447	#101610
6448	#121912
6449	#151A15
6450	#212521
6451	#455845
6452	#53B053
6453	#55F455
6454	#58BC5B
6455	#600C39
6456	#7D610D
6457	#866D0A
6458	#D08869
6459	#5395F0
6460	#2C9ECE
6461	#8667A8
6462	#972590
6463	#574483
6464	#AD70AE
6465	#B257B1
6466	#5E4024
6467	#522625
6468	#517439
6469	#58955C
6470	#670D40
6471	#833C30
6472	#92633C
6473	#916B0B
6474	#9B7209
6475	#A76FA0
6476	#A068C1
6477	#936D49
6478	#9B6F1B
6479	#9668B0
6480	#855C35
6481	#745528
6482	#60B551
6483	#84533B
6484	#9F658F
6485	#864EC6
6486	#7A4B51
6487	#88633C
6488	#84601C
6489	#967124
6490	#CA8C28
6491	#4895DD
6492	#25A0D4
6493	#5C93B7
6494	#9961A8
6495	#AC56A7
6496	#B062AE
6497	#B553B5
6498	#B137B1
6499	#A930A9
6500	#A541A5
6501	#A148A1
6502	#A146A1
6503	#A145A1
6504	#9D4F9E
6505	#8060A2
6506	#9068AD
6507	#B753B4
6508	#B33BB3
6509	#AF33AF
6510	#AD39AD
6511	#AF4AAF
6512	#AE3CAE
6513	#A73AA7
6514	#A647A5
6515	#9E4AA0
6516	#645A9B
6517	#4F85A0
6518	#3391AF
6519	#128EC8
6520	#3184C6
6521	#B666C8
6522	#864E5F
6523	#784417
6524	#926D1F
6525	#8963A9
6526	#642C37
6527	#579D33
6528	#5A763F
6529	#4D361F
6530	#4EE553
6531	#50E650
6532	#4AE14A
6533	#4EF14F
6534	#4CFA41
6535	#49F745
6536	#5D965F
6537	#81456F
6538	#9967EB
6539	#AA6DFF
6540	#D07AEC
6541	#AF8F50
6542	#4A8EA9
6543	#8E7BCC
6544	#F676C8
6545	#EF7CCB
6546	#8892A3
6547	#2799C6
6548	#4291A6
6549	#3291B2
6550	#2F7B98
6551	#BB65CB
6552	#9863DB
6553	#7A5533
6554	#5D5A05
6555	#44ED31
6556	#2EBA30
6557	#1C5A1C
6558	#182418
6559	#121612
6560	#0C120C
6561	#070D07
6562	#030903
6563	#000600
6564	#000600
6565	#000600
6566	#000600
6567	#000600
6568	#000600
6569	#000600
6570	#000600
6571	#000600
6572	#000600
6573	#000600
6574	#000600
6575	#000600
6576	#000600
6577	#000600
6578	#000600
6579	#000600
6580	#000600
6581	#000600
6582	#000600
6583	#020802
6584	#070D07
6585	#0A100A
6586	#0D130D
6587	#101610
6588	#121912
6589	#141914
6590	#283228
6591	#4A754A
6592	#53B653
6593	#56F156
6594	#58BF5B
6595	#5F0B39
6596	#7B600E
6597	#A57B09
6598	#AB917F
6599	#1C90DA
6600	#3D9FCD
6601	#9E3F9E
6602	#5D3584
6603	#8B6CA1
6604	#EC70C8
6605	#A74FC9
6606	#578D76
6607	#4DFF3C
6608	#54F658
6609	#6D8A67
6610	#8E502F
6611	#A96F6D
6612	#A46DAD
6613	#A8744A
6614	#A27369
6615	#A17814
6616	#B36DEC
6617	#B76CDB
6618	#925B71
6619	#6251CA
6620	#4B9790
6621	#44AD6C
6622	#47D13F
6623	#77953D
6624	#9A4CCD
6625	#7A4CE8
6626	#50998F
6627	#51978F
6628	#54A024
6629	#654F05
6630	#A46DA5
6631	#BF87F9
6632	#399DD7
6633	#5689B5
6634	#A45AA7
6635	#AB56A8
6636	#AF5BAE
6637	#B44CB4
6638	#B338B3
6639	#AC35AC
6640	#AD4EAD
6641	#AB58AB
6642	#A74FA7
6643	#A550A4
6644	#9F60A6
6645	#8F68AC
6646	#AE5AB0
6647	#B44AB4
6648	#B53DB5
6649	#B334B3
6650	#AD36AD
6651	#AD45AD
6652	#AB39AB
6653	#A73FA7
6654	#A74FA6
6655	#A04EA2
6656	#675C9C
6657	#5D619A
6658	#4483A0
6659	#238DBA
6660	#0A90CA
6661	#6076B2
6662	#B460CB
6663	#976977
6664	#A465DD
6665	#9161FF
6666	#7A47A3
6667	#5CD544
6668	#65A141
6669	#613E59
6670	#518333
6671	#50E94F
6672	#50ED50
6673	#4CE94C
6674	#46D848
6675	#53E258
6676	#64A15C
6677	#76452E
6678	#8C683F
6679	#9A6883
6680	#AE69F6
6681	#C472B7
6682	#CC8175
6683	#D6887D
6684	#E27CCB
6685	#F07AD3
6686	#BF8EF4
6687	#4B9FD1
6688	#4395A8
6689	#4091A3
6690	#3C8095
6691	#C865C0
6692	#9863C4
6693	#7A5E81
6694	#633084
6695	#45852A
6696	#38C93B
6697	#1F731F
6698	#183718
6699	#131613
6700	#0C110C
6701	#070D07
6702	#040A04
6703	#000600
6704	#000600
6705	#000600
6706	#000600
6707	#000600
6708	#000600
6709	#000600
6710	#000600
6711	#000600
6712	#000600
6713	#000600
6714	#000600
6715	#000600
6716	#000600
6717	#000600
6718	#000600
6719	#000600
6720	#000600
6721	#000600
6722	#000600
6723	#020802
6724	#070D07
6725	#0A100A
6726	#0D130D
6727	#101610
6728	#121812
6729	#161A16
6730	#323E32
6731	#4B8A4B
6732	#4FBC4F
6733	#53E855
6734	#5AC14E
6735	#661B24
6736	#78481B
6737	#C98D51
6738	#7D8CD3
6739	#1F93CC
6740	#5895B5
6741	#87398A
6742	#356B95
6743	#997EBE
6744	#D96FD3
6745	#9F5CF5
6746	#577497
6747	#59BF53
6748	#6E8259
6749	#813E1C
6750	#A3728A
6751	#B267F6
6752	#A467EB
6753	#AC6EEF
6754	#9E6ADE
6755	#876D22
6756	#A66C6A
6757	#A948D4
6758	#6183CE
6759	#3AC25C
6760	#3ACB2B
6761	#3CB039
6762	#459247
6763	#5F7657
6764	#655F6B
6765	#5267C8
6766	#47E441
6767	#3ED738
6768	#41DB48
6769	#4D9837
6770	#794427
6771	#CA7AB0
6772	#6C91D4
6773	#439EBE
6774	#8F66A2
6775	#9C60A7
6776	#AF5FAF
6777	#B24AB2
6778	#B337B3
6779	#B035B0
6780	#B049B0
6781	#B257B2
6782	#B356B3
6783	#AF53AF
6784	#B158B0
6785	#B353B0
6786	#AF46AF
6787	#B243B2
6788	#B539B5
6789	#B12EB1
6790	#AA36AA
6791	#AC42AC
6792	#A73AA7
6793	#A443A4
6794	#A553A4
6795	#A055A2
6796	#795C9F
6797	#85529A
6798	#4C719B
6799	#2C91B4
6800	#1A8FC0
6801	#5887BE
6802	#CC6ED7
6803	#B76EFB
6804	#A765E1
6805	#9363B6
6806	#8462B6
6807	#6C466B
6808	#856532
6809	#865EC6
6810	#5F2845
6811	#4CD644
6812	#52EC52
6813	#4AEA4B
6814	#4CDA4A
6815	#64BA4C
6816	#663438
6817	#78510C
6818	#856600
6819	#8A6602
6820	#9E69A7
6821	#AF5EE8
6822	#875EB7
6823	#8E710E
6824	#C8864B
6825	#F27EC8
6826	#A48AEF
6827	#2A9CD6
6828	#499EB3
6829	#4D8197
6830	#476A8B
6831	#D267B5
6832	#9662C3
6833	#7A5D8E
6834	#6346AE
6835	#45A129
6836	#3CC33F
6837	#259025
6838	#184E18
6839	#131A13
6840	#0B110B
6841	#070D07
6842	#040A04
6843	#000600
6844	#000600
6845	#000600
6846	#000600
6847	#000600
6848	#000600
6849	#000600
6850	#000600
6851	#000600
6852	#000600
6853	#000600
6854	#000600
6855	#000600
6856	#000600
6857	#000600
6858	#000600
6859	#000600
6860	#000600
6861	#000600
6862	#000600
6863	#020802
6864	#060C06
6865	#090F09
6866	#0E140E
6867	#101610
6868	#121812
6869	#1B1C1B
6870	#394539
6871	#488F48
6872	#4BC14B
6873	#51E154
6874	#5FD14A
6875	#734C0F
6876	#865225
6877	#C192BF
6878	#338BDF
6879	#3E96D4
6880	#725893
6881	#3F6E8F
6882	#3D80B1
6883	#F077CA
6884	#C36EE3
6885	#986A8B
6886	#815905
6887	#794237
6888	#845865
6889	#966991
6890	#9D6B76
6891	#B372EA
6892	#AF6DF2
6893	#9459F6
6894	#714FD0
6895	#5F372A
6896	#6A451C
6897	#625CC6
6898	#34A788
6899	#369A2B
6900	#379838
6901	#348C34
6902	#378437
6903	#42B243
6904	#43DA41
6905	#3ED739
6906	#49D649
6907	#38C538
6908	#3BAC3D
6909	#4F8B45
6910	#6D3A0C
6911	#A07C06
6912	#C78CB5
6913	#349ECF
6914	#5B85A5
6915	#666BA4
6916	#986DAF
6917	#B855B5
6918	#B53CB5
6919	#B339B3
6920	#B33FB3
6921	#B444B4
6922	#B544B5
6923	#B643B6
6924	#B33FB3
6925	#B13AB1
6926	#AF38AF
6927	#B03DB0
6928	#B130B1
6929	#AB27AB
6930	#A73AA7
6931	#A843A8
6932	#A745A7
6933	#A34BA3
6934	#A456A4
6935	#A45AA4
6936	#A55DA2
6937	#98529D
6938	#52779F
6939	#3A98B5
6940	#3195BD
6941	#1C91C0
6942	#5689D9
6943	#CA83FA
6944	#C97F69
6945	#BB7904
6946	#A0791D
6947	#9F6D21
6948	#AD715B
6949	#9F68AF
6950	#673C18
6951	#58DE57
6952	#5CE25E
6953	#5BDF62
6954	#656948
6955	#73466B
6956	#6F437D
6957	#7C5D15
6958	#7D6312
6959	#826402
6960	#96669F
6961	#955CF7
6962	#7345CF
6963	#5C1A12
6964	#8B550E
6965	#DF8A94
6966	#8F8BEE
6967	#1695CD
6968	#459FB9
6969	#5484A2
6970	#536687
6971	#D368AB
6972	#995FC4
6973	#785733
6974	#617C11
6975	#46F034
6976	#41C044
6977	#2FA62F
6978	#196119
6979	#132513
6980	#0D130D
6981	#070D07
6982	#040A04
6983	#000600
6984	#000600
6985	#000600
6986	#000600
6987	#000600
6988	#000600
6989	#000600
6990	#000600
6991	#000600
6992	#000600
6993	#000600
6994	#000600
6995	#000600
6996	#000600
6997	#000600
6998	#000600
6999	#000600
7000	#000600
7001	#000500
7002	#000600
7003	#020802
7004	#060C06
7005	#0A100A
7006	#0E140E
7007	#101610
7008	#121812
7009	#212221
7010	#3C493C
7011	#498F49
7012	#4CBF4C
7013	#53E656
7014	#5E8C4C
7015	#79490A
7016	#B7860D
7017	#CD8BA9
7018	#1895CE
7019	#507AAC
7020	#4B487E
7021	#957DB3
7022	#E378CF
7023	#D074EE
7024	#B674BE
7025	#B17D00
7026	#C77D83
7027	#AE6CE6
7028	#986A7D
7029	#967013
7030	#AE794B
7031	#C870D8
7032	#A84BCD
7033	#625DBA
7034	#42CE4F
7035	#46CE3D
7036	#41BB3B
7037	#3FC045
7038	#34B13C
7039	#318F30
7040	#2E7F2E
7041	#2B772B
7042	#306830
7043	#3B793B
7044	#409040
7045	#49A249
7046	#49C649
7047	#40B440
7048	#499A4B
7049	#649058
7050	#7E4817
7051	#A47806
7052	#B786B4
7053	#1791CF
7054	#4698AC
7055	#569AA5
7056	#777CAB
7057	#B250B4
7058	#B335B3
7059	#B336B3
7060	#B33DB3
7061	#B43DB4
7062	#B236B2
7063	#B336B3
7064	#B336B3
7065	#B234B2
7066	#B036B0
7067	#AF3DAF
7068	#AF38AF
7069	#AB2EAB
7070	#A634A6
7071	#A54BA5
7072	#A753A7
7073	#A652A6
7074	#A454A4
7075	#A559A5
7076	#A65BA6
7077	#9F58A2
7078	#6D74A3
7079	#50A0AE
7080	#4CA1B5
7081	#459BB4
7082	#3295B7
7083	#218CC5
7084	#908BC4
7085	#A082C6
7086	#D175CA
7087	#CC75D1
7088	#CA69CD
7089	#A95CDC
7090	#663C63
7091	#57CF4C
7092	#643A54
7093	#742855
7094	#7E4136
7095	#866425
7096	#8A66BF
7097	#8B5DFA
7098	#7D5C75
7099	#85642F
7100	#9A63F6
7101	#7645D5
7102	#58604A
7103	#53351B
7104	#5F1809
7105	#9A6B12
7106	#AA9348
7107	#2A96C4
7108	#3A9DBD
7109	#5F8AA9
7110	#564E8A
7111	#5D639C
7112	#AD61C0
7113	#725D01
7114	#611F09
7115	#4BA526
7116	#41D542
7117	#34A334
7118	#1F711F
7119	#133A13
7120	#0D120D
7121	#080D08
7122	#040A04
7123	#000600
7124	#000600
7125	#000600
7126	#000600
7127	#000600
7128	#000600
7129	#000600
7130	#000600
7131	#000600
7132	#000600
7133	#000600
7134	#000600
7135	#000600
7136	#000600
7137	#000600
7138	#000600
7139	#000600
7140	#000500
7141	#090F09
7142	#000600
7143	#020802
7144	#050B05
7145	#090F09
7146	#0D130D
7147	#111711
7148	#141A14
7149	#272C27
7150	#3D523D
7151	#499549
7152	#4EC24E
7153	#578B53
7154	#5A003F
7155	#7D433B
7156	#D990AD
7157	#BB8ADD
7158	#3A84C6
7159	#5B4A84
7160	#836890
7161	#E577E6
7162	#C072F8
7163	#BB777B
7164	#CE856E
7165	#F087B8
7166	#E77CDB
7167	#CC6DDB
7168	#BA6FCB
7169	#BF7B56
7170	#BA6BD9
7171	#9244DA
7172	#6460B1
7173	#41D532
7174	#3DC639
7175	#3CB23D
7176	#3B9A3B
7177	#419640
7178	#419D40
7179	#348D34
7180	#2D6C2D
7181	#2D6E2D
7182	#316A31
7183	#386B38
7184	#458045
7185	#4EA84E
7186	#4BC74B
7187	#4BBA4B
7188	#5CBE5F
7189	#71B65F
7190	#8F5411
7191	#A77800
7192	#D681B1
7193	#5D88D9
7194	#198EBB
7195	#3F9AB3
7196	#5D91B1
7197	#A354B0
7198	#B439B2
7199	#B235B2
7200	#B43AB4
7201	#B436B4
7202	#B436B4
7203	#B436B4
7204	#B435B4
7205	#B333B3
7206	#B030B0
7207	#AF3EAF
7208	#B140B1
7209	#AD32AD
7210	#A634A6
7211	#A14CA1
7212	#A55AA5
7213	#A759A7
7214	#A758A7
7215	#A85BA8
7216	#A856A8
7217	#A54FA4
7218	#9C56A1
7219	#736CA2
7220	#6175A3
7221	#5796A7
7222	#529BA7
7223	#4089A3
7224	#2289A8
7225	#1382B2
7226	#DD72BC
7227	#CC6CD8
7228	#BC64DF
7229	#904DDE
7230	#59407B
7231	#627D5D
7232	#824135
7233	#9B652C
7234	#A5762E
7235	#AB7C2F
7236	#AD7A30
7237	#9C7141
7238	#8A671F
7239	#9B64AA
7240	#9647DF
7241	#5252AC
7242	#4EEF42
7243	#4FD846
7244	#533A40
7245	#694497
7246	#B68419
7247	#629AB1
7248	#2D9AC8
7249	#4F8EAB
7250	#4B6093
7251	#796185
7252	#C15FB3
7253	#6F5C1B
7254	#60170F
7255	#4F8E15
7256	#42D93F
7257	#38A038
7258	#277C27
7259	#154A15
7260	#0E140E
7261	#080D08
7262	#040A04
7263	#000600
7264	#000600
7265	#000600
7266	#000600
7267	#000600
7268	#000600
7269	#000600
7270	#000600
7271	#000600
7272	#000600
7273	#000600
7274	#000600
7275	#000600
7276	#000600
7277	#000600
7278	#000600
7279	#000600
7280	#090F09
7281	#090F09
7282	#000600
7283	#020802
7284	#050B05
7285	#090F09
7286	#0D130D
7287	#101610
7288	#181D18
7289	#2D372D
7290	#3C613C
7291	#499849
7292	#50C352
7293	#5B7039
7294	#5D282B
7295	#8C635C
7296	#9383DC
7297	#838FEB
7298	#5C73C0
7299	#803076
7300	#B165A6
7301	#A56C87
7302	#A7756C
7303	#D08539
7304	#CA8BDE
7305	#8385DA
7306	#F480CF
7307	#DB82D9
7308	#AF77C5
7309	#C754B7
7310	#763999
7311	#517D68
7312	#46CC39
7313	#40CE40
7314	#39AE3A
7315	#32A432
7316	#347C34
7317	#3C7A3C
7318	#3D8C3D
7319	#3A8B3A
7320	#3B743B
7321	#3A6C3A
7322	#377537
7323	#367636
7324	#448444
7325	#4DAD4D
7326	#50E74E
7327	#4EE14C
7328	#50D853
7329	#5EB74D
7330	#7F480E
7331	#A07400
7332	#D37EB5
7333	#BA87E7
7334	#208ECD
7335	#2E97C1
7336	#569EB7
7337	#A067AF
7338	#B641B4
7339	#B137B1
7340	#B43DB4
7341	#B435B4
7342	#B536B5
7343	#B438B4
7344	#B538B5
7345	#B333B3
7346	#B233B2
7347	#B140B1
7348	#B43EB4
7349	#AF2EAF
7350	#A631A6
7351	#A24FA2
7352	#A75CA7
7353	#AA5AAA
7354	#AA57AA
7355	#AB58AB
7356	#AA4EAA
7357	#A444A5
7358	#A24BA1
7359	#A4559F
7360	#7A579C
7361	#5C7BA0
7362	#5B8AA4
7363	#6D5997
7364	#406789
7365	#6778A3
7366	#D06ED2
7367	#B16CDB
7368	#9C6474
7369	#6F4D61
7370	#5CC354
7371	#763D5C
7372	#9A6E37
7373	#BF7AFF
7374	#CA79F4
7375	#CB79F3
7376	#C879BE
7377	#BC7C78
7378	#B27D43
7379	#AD7083
7380	#944CEB
7381	#5846AD
7382	#4BD03B
7383	#4CEA4E
7384	#4ED84A
7385	#584B1B
7386	#8F6A10
7387	#D38E59
7388	#5F9C9C
7389	#439AB6
7390	#4E959D
7391	#586A89
7392	#A95DC7
7393	#7F5C7F
7394	#5F1F06
7395	#521516
7396	#42D43F
7397	#39AE39
7398	#2E872E
7399	#195319
7400	#0D1D0D
7401	#070E07
7402	#040A04
7403	#000600
7404	#000600
7405	#000600
7406	#000600
7407	#000600
7408	#000600
7409	#000600
7410	#000600
7411	#000600
7412	#000600
7413	#000600
7414	#000600
7415	#000600
7416	#000600
7417	#000600
7418	#000600
7419	#000600
7420	#090F09
7421	#000600
7422	#000600
7423	#020802
7424	#050B05
7425	#080E08
7426	#0C120C
7427	#101610
7428	#1F221F
7429	#344334
7430	#3D6D3D
7431	#479847
7432	#4EC352
7433	#5C8033
7434	#682821
7435	#97595C
7436	#9386D4
7437	#1997DE
7438	#4E6CAA
7439	#713A76
7440	#B85BC2
7441	#7C6816
7442	#B38327
7443	#EC86E6
7444	#B987DC
7445	#0088CC
7446	#308BC9
7447	#4581B6
7448	#D7619B
7449	#9936B0
7450	#418058
7451	#3FD437
7452	#44CE45
7453	#3EAD3E
7454	#3FA03F
7455	#35A235
7456	#318131
7457	#3A743A
7458	#3D833D
7459	#3E8D3E
7460	#3F7F3F
7461	#458645
7462	#459745
7463	#3E9A3E
7464	#409040
7465	#51B24F
7466	#508645
7467	#44C625
7468	#42E543
7469	#4EA341
7470	#6A3B14
7471	#977101
7472	#C97DB6
7473	#F985E8
7474	#348CD0
7475	#2897C4
7476	#54AAB8
7477	#A074B0
7478	#B746B5
7479	#B538B5
7480	#B63CB6
7481	#B537B5
7482	#B533B5
7483	#B534B5
7484	#B638B6
7485	#B433B4
7486	#B337B3
7487	#B540B5
7488	#B535B5
7489	#AE24AE
7490	#A42EA4
7491	#A453A4
7492	#A85BA8
7493	#A955A9
7494	#A94FA9
7495	#AC4EAC
7496	#AB4AAB
7497	#A642A6
7498	#A348A1
7499	#965BA1
7500	#6864A1
7501	#626DA3
7502	#7A64A5
7503	#9E499D
7504	#714487
7505	#8F6A94
7506	#BE6FE9
7507	#A96EF3
7508	#92647C
7509	#764657
7510	#744F69
7511	#855925
7512	#A27A2A
7513	#B478BF
7514	#C077C4
7515	#CF75EE
7516	#D474E7
7517	#D778ED
7518	#D37BDA
7519	#BF77D2
7520	#9769D7
7521	#6426B4
7522	#4A8447
7523	#4BDA52
7524	#4BE946
7525	#52CE42
7526	#8E686A
7527	#C17660
7528	#A2986D
7529	#389EC9
7530	#518B9A
7531	#1D86A5
7532	#A765B0
7533	#9D5BD5
7534	#601E2F
7535	#51170D
7536	#42DF2D
7537	#36BB39
7538	#2D882D
7539	#1E591E
7540	#0F300F
7541	#091209
7542	#040A04
7543	#000600
7544	#000600
7545	#000600
7546	#000600
7547	#000600
7548	#000600
7549	#000600
7550	#000600
7551	#000600
7552	#000600
7553	#000600
7554	#000600
7555	#000600
7556	#000600
7557	#000600
7558	#000600
7559	#000600
7560	#000600
7561	#000600
7562	#000600
7563	#020802
7564	#050B05
7565	#080E08
7566	#0C120C
7567	#121812
7568	#252825
7569	#354635
7570	#3E733E
7571	#479547
7572	#4FC753
7573	#5A8134
7574	#734A10
7575	#AD7D3A
7576	#918ADA
7577	#1A9ACD
7578	#3A6B92
7579	#41558F
7580	#965F87
7581	#8A7114
7582	#BE8126
7583	#EC83DF
7584	#B688D8
7585	#0B91D0
7586	#1686AD
7587	#8E668B
7588	#B551BC
7589	#5B466D
7590	#44C935
7591	#3CC23E
7592	#3FC23F
7593	#3DA63D
7594	#459445
7595	#419C41
7596	#3EB13E
7597	#357F35
7598	#3F883F
7599	#3B913B
7600	#3D833D
7601	#3D9A3D
7602	#3AA13A
7603	#3CA53C
7604	#49A349
7605	#63B055
7606	#693174
7607	#4B6650
7608	#44DE40
7609	#53AA52
7610	#69242D
7611	#8F6E08
7612	#CA7EBF
7613	#EE86E6
7614	#348DCE
7615	#2E98C1
7616	#53AABB
7617	#A175B2
7618	#B745B4
7619	#B433B4
7620	#B532B5
7621	#B537B5
7622	#B633B6
7623	#B430B4
7624	#B431B4
7625	#B32EB3
7626	#B438B4
7627	#B63EB6
7628	#B62FB6
7629	#AD1FAD
7630	#A530A5
7631	#A759A7
7632	#AA5AAA
7633	#A950A9
7634	#AB4BAB
7635	#AB46AB
7636	#AA4AAA
7637	#A746A7
7638	#A44AA3
7639	#9560A4
7640	#6B6EA9
7641	#8169AC
7642	#A44DA5
7643	#9B3997
7644	#762E80
7645	#7C497A
7646	#A961CE
7647	#A15FD1
7648	#8F57DA
7649	#7951F1
7650	#7342B7
7651	#755E61
7652	#8C6E1B
7653	#9E7416
7654	#AF7E2A
7655	#BB7D5A
7656	#C47A8A
7657	#D378EE
7658	#DD71D9
7659	#C567E6
7660	#966966
7661	#6E2B0E
7662	#6D3039
7663	#5A4ED6
7664	#49CC61
7665	#53CB4E
7666	#7A493D
7667	#B672DE
7668	#DA8372
7669	#44A15D
7670	#4C73A1
7671	#1B85B6
7672	#5F75AD
7673	#B45CCD
7674	#6A3837
7675	#511C11
7676	#45DF43
7677	#38BE38
7678	#2E872E
7679	#236023
7680	#113E11
7681	#091509
7682	#040904
7683	#000600
7684	#000600
7685	#000600
7686	#000600
7687	#000600
7688	#000600
7689	#000600
7690	#000600
7691	#000600
7692	#000600
7693	#000600
7694	#000600
7695	#000600
7696	#000600
7697	#000600
7698	#000600
7699	#000600
7700	#000600
7701	#000600
7702	#000600
7703	#010701
7704	#040A04
7705	#090F09
7706	#0C120C
7707	#161C16
7708	#292E29
7709	#354B35
7710	#3E753E
7711	#479347
7712	#50CC52
7713	#557244
7714	#78461C
7715	#C88C20
7716	#9A8BD6
7717	#2495C0
7718	#327E8F
7719	#B05EB2
7720	#967065
7721	#A5738E
7722	#B47786
7723	#DD86A8
7724	#308EDC
7725	#0C83AD
7726	#8C6EA4
7727	#D163D3
7728	#804780
7729	#564E1C
7730	#55FC5B
7731	#52DB55
7732	#4CD54C
7733	#40C740
7734	#3FAC3F
7735	#47A247
7736	#48C148
7737	#3AA33A
7738	#39A139
7739	#329432
7740	#367736
7741	#3C793C
7742	#409040
7743	#49A04A
7744	#68D06A
7745	#847081
7746	#955C2B
7747	#773A14
7748	#5D5C50
7749	#667D68
7750	#792944
7751	#A27D11
7752	#E38982
7753	#898FED
7754	#1995CC
7755	#3E9CB9
7756	#51A7B8
7757	#A079B5
7758	#B849B5
7759	#B636B6
7760	#B531B5
7761	#B535B5
7762	#B632B6
7763	#B631B6
7764	#B430B4
7765	#B32EB3
7766	#B334B3
7767	#B53CB5
7768	#B534B5
7769	#AF26AF
7770	#A835A8
7771	#A754A7
7772	#AC55AC
7773	#AF4DAF
7774	#AD48AD
7775	#AD44AD
7776	#AA47AA
7777	#A945A9
7778	#A751A7
7779	#A862A7
7780	#A45AA6
7781	#A447A4
7782	#9F3D9C
7783	#88428F
7784	#366189
7785	#A068A3
7786	#AA60B5
7787	#86651F
7788	#704D10
7789	#5D2342
7790	#5E5B6C
7791	#622A21
7792	#73496F
7793	#925FBD
7794	#9F65C5
7795	#957728
7796	#A7810A
7797	#C07F79
7798	#B76B8C
7799	#A466A6
7800	#9D69F4
7801	#956A74
7802	#845829
7803	#7C4868
7804	#5B6A8F
7805	#53E454
7806	#70411B
7807	#AE74BF
7808	#C276AE
7809	#AE93C6
7810	#3194B8
7811	#1184B7
7812	#2D82BA
7813	#CD61C3
7814	#7C3EAB
7815	#529E1C
7816	#46F646
7817	#3AC43A
7818	#308F30
7819	#256625
7820	#134113
7821	#091509
7822	#050905
7823	#010801
7824	#000600
7825	#000600
7826	#000600
7827	#000600
7828	#000600
7829	#000600
7830	#000600
7831	#000600
7832	#000600
7833	#000600
7834	#000600
7835	#000600
7836	#000600
7837	#000600
7838	#000600
7839	#000600
7840	#000600
7841	#000600
7842	#000600
7843	#010701
7844	#050B05
7845	#090F09
7846	#0C120C
7847	#1B221B
7848	#2B352B
7849	#344F34
7850	#3B713B
7851	#459145
7852	#50C950
7853	#54D358
7854	#7E541C
7855	#DB8680
7856	#9D8AE2
7857	#1C92C1
7858	#2181A3
7859	#CD70BE
7860	#B672D5
7861	#B070F8
7862	#BD76FE
7863	#E386F3
7864	#BE7CC5
7865	#A966B2
7866	#C162DD
7867	#9663C3
7868	#713C2C
7869	#611948
7870	#63445C
7871	#604B2D
7872	#53C646
7873	#4FE550
7874	#44D445
7875	#42BD44
7876	#46A045
7877	#48A648
7878	#4DB24D
7879	#4CA64C
7880	#4F944F
7881	#53A353
7882	#5AD059
7883	#5ACF50
7884	#695D5A
7885	#85465A
7886	#BC7C63
7887	#AE73AA
7888	#8F5233
7889	#844B38
7890	#956914
7891	#D4875F
7892	#C793BF
7893	#3B9FE0
7894	#4796B9
7895	#6171A2
7896	#52A1B1
7897	#9C75B1
7898	#B649B3
7899	#B634B6
7900	#B32AB3
7901	#B537B5
7902	#B637B6
7903	#B634B6
7904	#B534B5
7905	#B332B3
7906	#B131B1
7907	#B23BB2
7908	#B53AB5
7909	#B230B2
7910	#AE3AAE
7911	#AE55AE
7912	#B24EB2
7913	#B142B1
7914	#AE41AE
7915	#AD41AD
7916	#AC40AC
7917	#A634A6
7918	#A03E9D
7919	#8D569D
7920	#8C5DA1
7921	#A74DA2
7922	#93499A
7923	#5D6D97
7924	#248AA4
7925	#8A76B3
7926	#DA62C4
7927	#905ABD
7928	#5D295F
7929	#54AE44
7930	#5EFA5F
7931	#622B48
7932	#682337
7933	#8A507B
7934	#925AF0
7935	#7656E1
7936	#805BC9
7937	#895CA4
7938	#816E1B
7939	#824741
7940	#9B7152
7941	#AC6BE1
7942	#A269D4
7943	#8F6B59
7944	#744714
7945	#655939
7946	#825F1A
7947	#B273C4
7948	#C372F7
7949	#D07FE7
7950	#6298C8
7951	#0B81B1
7952	#2687C0
7953	#D06BBC
7954	#9E489C
7955	#56BF40
7956	#49F64C
7957	#3BCF3B
7958	#2F992F
7959	#266926
7960	#164516
7961	#091509
7962	#050905
7963	#020802
7964	#000600
7965	#000600
7966	#000600
7967	#000600
7968	#000600
7969	#000600
7970	#000600
7971	#000600
7972	#000600
7973	#000600
7974	#000600
7975	#000600
7976	#000600
7977	#000600
7978	#000600
7979	#000600
7980	#000600
7981	#000600
7982	#000600
7983	#010701
7984	#050B05
7985	#090F09
7986	#0F150F
7987	#202620
7988	#2C392C
7989	#325032
7990	#3B6F3B
7991	#489448
7992	#50CD51
7993	#52F456
7994	#7F611A
7995	#E586A3
7996	#9586E5
7997	#0B90CA
7998	#258BAF
7999	#8C76B1
8000	#C570EC
8001	#BC75F4
8002	#E67EDB
8003	#D86DC6
8004	#B458DF
8005	#9B579C
8006	#856282
8007	#806321
8008	#735206
8009	#6B3C21
8010	#6F3A1E
8011	#6C3109
8012	#56C043
8013	#51EE58
8014	#577D51
8015	#51C045
8016	#53CA55
8017	#5BDC5B
8018	#51DC51
8019	#51CD50
8020	#53C453
8021	#57CF58
8022	#5E8755
8023	#673610
8024	#6E4C54
8025	#80541D
8026	#B375EB
8027	#C172F6
8028	#C471E7
8029	#AD6AA4
8030	#A5760D
8031	#F087E6
8032	#4893EA
8033	#29A1CB
8034	#727BA6
8035	#9E539B
8036	#5CA0A9
8037	#9975AD
8038	#B44BB2
8039	#B536B5
8040	#B127B1
8041	#B235B2
8042	#B437B4
8043	#B435B4
8044	#B333B3
8045	#B230B2
8046	#AE31AE
8047	#B043B0
8048	#B542B5
8049	#B533B5
8050	#B236B2
8051	#B44BB4
8052	#B443B4
8053	#B136B1
8054	#AF37AF
8055	#AF39AF
8056	#A832A8
8057	#9D2C9B
8058	#874697
8059	#5E73A1
8060	#64649F
8061	#825E9F
8062	#685A9B
8063	#517898
8064	#298AA9
8065	#0882C1
8066	#996AA8
8067	#9B4ED8
8068	#5C3BC3
8069	#49DE37
8070	#50F750
8071	#57CB58
8072	#61AB6B
8073	#7F3C3E
8074	#845EA8
8075	#5F3083
8076	#585198
8077	#458D95
8078	#48EE3E
8079	#663251
8080	#873E36
8081	#9F7535
8082	#AD6ADB
8083	#9B65C7
8084	#86532B
8085	#906A15
8086	#AA7457
8087	#BB6EF2
8088	#CE70E0
8089	#C372A7
8090	#C1911C
8091	#1787B1
8092	#5F86CB
8093	#BF79BE
8094	#BE52C4
8095	#5A767F
8096	#4AEA41
8097	#3ED43E
8098	#2E972E
8099	#266926
8100	#184818
8101	#0A160A
8102	#050A05
8103	#010701
8104	#000600
8105	#000600
8106	#000600
8107	#000600
8108	#000600
8109	#000600
8110	#000600
8111	#000600
8112	#000600
8113	#000600
8114	#000600
8115	#000600
8116	#000600
8117	#000600
8118	#000600
8119	#000600
8120	#000600
8121	#000600
8122	#000600
8123	#010701
8124	#040A04
8125	#090F09
8126	#121712
8127	#1F251F
8128	#2C3C2C
8129	#325232
8130	#3C673C
8131	#499649
8132	#51D152
8133	#53F357
8134	#7E5E1A
8135	#DF859D
8136	#B085EB
8137	#2394D3
8138	#3090A7
8139	#4174A3
8140	#D275EA
8141	#E07EE2
8142	#E56AB3
8143	#A449C7
8144	#6568A8
8145	#5B4C46
8146	#631920
8147	#6D400A
8148	#6E4F05
8149	#6F542F
8150	#6E5798
8151	#583D27
8152	#60234C
8153	#663C56
8154	#631E24
8155	#573511
8156	#57DC58
8157	#5B4930
8158	#529220
8159	#4CFD49
8160	#4FEB4F
8161	#54DA56
8162	#653B5D
8163	#783D15
8164	#776125
8165	#677C1E
8166	#7D563B
8167	#A46EA4
8168	#BF6CF8
8169	#AE66A4
8170	#B17710
8171	#9C8CE3
8172	#1798DD
8173	#45A3C1
8174	#756BA6
8175	#9A56A0
8176	#656FA2
8177	#9B68AB
8178	#B450B2
8179	#B336B3
8180	#AF27AF
8181	#AE33AE
8182	#B039B0
8183	#B138B1
8184	#B131B1
8185	#AE2AAE
8186	#AB36AB
8187	#B04EB0
8188	#B748B7
8189	#B62CB6
8190	#B42EB4
8191	#B437B4
8192	#B43CB4
8193	#B231B2
8194	#AE2EAE
8195	#A931A9
8196	#A231A2
8197	#9E3B9A
8198	#74729F
8199	#4FA2AC
8200	#5E75A0
8201	#5D609F
8202	#5A87A1
8203	#4F93A0
8204	#308CAD
8205	#0B8CC4
8206	#5B79B5
8207	#B858D3
8208	#6A4791
8209	#4ADC20
8210	#47E949
8211	#49ED49
8212	#53CF58
8213	#6D523A
8214	#703F8E
8215	#4F891C
8216	#3ECC33
8217	#3FC13A
8218	#49CA4A
8219	#4CD348
8220	#5A724F
8221	#7B362C
8222	#996949
8223	#9A6DC7
8224	#9E7132
8225	#B18248
8226	#D38581
8227	#DF75DF
8228	#DE6ECB
8229	#B6689C
8230	#9B7D1C
8231	#2C92D9
8232	#BE82D2
8233	#EA81C9
8234	#BA5BC0
8235	#6A3A56
8236	#4AE03D
8237	#41D542
8238	#319C31
8239	#296E29
8240	#1A4D1A
8241	#0B180B
8242	#060B06
8243	#020802
8244	#000600
8245	#000600
8246	#000600
8247	#000600
8248	#000600
8249	#000600
8250	#000600
8251	#000600
8252	#000600
8253	#000600
8254	#000600
8255	#000600
8256	#000600
8257	#000600
8258	#000600
8259	#000600
8260	#000600
8261	#000600
8262	#000600
8263	#000600
8264	#040A04
8265	#090F09
8266	#141A14
8267	#222622
8268	#2D422D
8269	#305430
8270	#3C633C
8271	#4B9E4B
8272	#51D251
8273	#54EE59
8274	#806117
8275	#D982A2
8276	#B489FA
8277	#3998CE
8278	#328EA2
8279	#4E7AA7
8280	#E87DD3
8281	#EB6BAF
8282	#AA46C2
8283	#5F8299
8284	#44E534
8285	#4CDD4E
8286	#55A151
8287	#583827
8288	#5D091B
8289	#5C191A
8290	#5A2219
8291	#614B42
8292	#6E242E
8293	#795711
8294	#7A6207
8295	#6C4F16
8296	#5B3848
8297	#57042A
8298	#558C35
8299	#59D05B
8300	#5A9F5A
8301	#5CDE5D
8302	#6E435D
8303	#7D412C
8304	#6D6732
8305	#63EF6C
8306	#720E6B
8307	#85433D
8308	#A67866
8309	#A76FA2
8310	#BB7E15
8311	#908DD1
8312	#189BD8
8313	#4EA5BD
8314	#7374A9
8315	#9F62A9
8316	#8366A8
8317	#A962AE
8318	#B450B3
8319	#B435B4
8320	#AF24AF
8321	#AA32AA
8322	#AD41AD
8323	#AF42AF
8324	#AF37AF
8325	#AC31AC
8326	#AA3FAA
8327	#B357B3
8328	#BA46BA
8329	#B725B7
8330	#B528B5
8331	#B12DB1
8332	#B239B2
8333	#B334B3
8334	#AD2EAD
8335	#A837A8
8336	#A240A2
8337	#9F459B
8338	#77779C
8339	#519FA5
8340	#578EA2
8341	#5885A2
8342	#5494A1
8343	#4B99AA
8344	#3F99B3
8345	#268EAF
8346	#6880B6
8347	#E268C4
8348	#814570
8349	#55D33C
8350	#4EEA4F
8351	#4ADE4A
8352	#4FF153
8353	#58962D
8354	#571DC0
8355	#41955E
8356	#35BE33
8357	#3C973C
8358	#459545
8359	#4DC14F
8360	#4DF240
8361	#51A340
8362	#704E53
8363	#8A581D
8364	#AF7D4D
8365	#D17EFF
8366	#EA87F5
8367	#A185D4
8368	#F56EB1
8369	#BD61BB
8370	#936B3D
8371	#CC9387
8372	#E282D7
8373	#7C83C2
8374	#A262BD
8375	#815AA9
8376	#4DDE4D
8377	#43D942
8378	#32AA32
8379	#297A29
8380	#1B511B
8381	#0C1B0C
8382	#060C06
8383	#020802
8384	#000600
8385	#000600
8386	#000600
8387	#000600
8388	#000600
8389	#000600
8390	#000600
8391	#000600
8392	#000600
8393	#000600
8394	#000600
8395	#000600
8396	#000600
8397	#000600
8398	#000600
8399	#000600
8400	#000600
8401	#010701
8402	#000600
8403	#000600
8404	#040A04
8405	#090F09
8406	#151B15
8407	#212721
8408	#2A3B2A
8409	#314D31
8410	#416A41
8411	#4BA44B
8412	#51DC52
8413	#55824E
8414	#7F5413
8415	#D28571
8416	#9A93F5
8417	#2496BF
8418	#3B8EA3
8419	#338AA4
8420	#2C7393
8421	#B14BAE
8422	#668591
8423	#3FDC2F
8424	#43C343
8425	#44BE44
8426	#53D554
8427	#59D659
8428	#5C395B
8429	#610552
8430	#701B50
8431	#834C13
8432	#81660D
8433	#816B09
8434	#8E6B47
8435	#885FE7
8436	#631426
8437	#5CB256
8438	#5FF55F
8439	#5DCD5D
8440	#576557
8441	#59B857
8442	#71537D
8443	#7036F1
8444	#4E95C9
8445	#47EA42
8446	#565F5A
8447	#62603E
8448	#8E5C39
8449	#A86EA5
8450	#BB800C
8451	#939395
8452	#25A0DC
8453	#56A5B4
8454	#7C6AA6
8455	#AC53A9
8456	#A85EA9
8457	#B162B0
8458	#B650B6
8459	#B739B7
8460	#B229B2
8461	#AB2FAB
8462	#AD40AD
8463	#AF45AF
8464	#AF40AF
8465	#AE3DAE
8466	#AD48AD
8467	#B650B6
8468	#BB3DBB
8469	#B926B9
8470	#B525B5
8471	#B12EB1
8472	#B237B2
8473	#B234B2
8474	#AB2FAB
8475	#A841A8
8476	#A348A3
8477	#A0439C
8478	#76729A
8479	#4D9DA7
8480	#529BA6
8481	#4D9DAB
8482	#519AA7
8483	#539AA5
8484	#538EA3
8485	#4193A6
8486	#1686B7
8487	#BC78C5
8488	#B960CF
8489	#714254
8490	#52A235
8491	#4FE752
8492	#57F95A
8493	#517B37
8494	#452E6E
8495	#35D630
8496	#339C34
8497	#348534
8498	#368736
8499	#3C973C
8500	#48B549
8501	#44DF46
8502	#49CE4D
8503	#6D4658
8504	#AB7B52
8505	#EA86D2
8506	#D582D5
8507	#D987DA
8508	#CF7CBB
8509	#B85BBC
8510	#845C91
8511	#C98F12
8512	#D8869F
8513	#1181BE
8514	#BE6DBC
8515	#9544CC
8516	#4F6636
8517	#43E545
8518	#35B635
8519	#278327
8520	#1A4D1A
8521	#0C180C
8522	#070B07
8523	#020802
8524	#000600
8525	#000600
8526	#000600
8527	#000600
8528	#000600
8529	#000600
8530	#000600
8531	#000600
8532	#000600
8533	#000600
8534	#000600
8535	#000600
8536	#000600
8537	#000600
8538	#000600
8539	#000600
8540	#010701
8541	#0D130D
8542	#000500
8543	#010701
8544	#040A04
8545	#0A100A
8546	#161C16
8547	#202620
8548	#293729
8549	#334E33
8550	#437243
8551	#4EA94E
8552	#53E157
8553	#5E8B34
8554	#81530B
8555	#B68B23
8556	#4698D4
8557	#2D92B8
8558	#428EA5
8559	#3F5F8C
8560	#7E456F
8561	#843CCB
8562	#42B55B
8563	#44C03F
8564	#45B845
8565	#42BE42
8566	#45BA45
8567	#59E15C
8568	#698351
8569	#824B2B
8570	#8D5E4F
8571	#946978
8572	#956B04
8573	#996D28
8574	#9C6C5E
8575	#8E5EFC
8576	#70548F
8577	#4E7728
8578	#40E241
8579	#3DC23D
8580	#3DB23D
8581	#47D247
8582	#48D34C
8583	#3B9D53
8584	#35B95D
8585	#32C430
8586	#3BBC3C
8587	#45CB3F
8588	#607E99
8589	#754A9D
8590	#916614
8591	#8583E6
8592	#1D98CD
8593	#51A4B7
8594	#7C67A5
8595	#A94EA5
8596	#AA5AA7
8597	#B15DB0
8598	#B74AB7
8599	#B93AB9
8600	#B733B7
8601	#B12FB1
8602	#AF3EAF
8603	#B247B2
8604	#B240B2
8605	#B141B1
8606	#B54CB5
8607	#B944B9
8608	#BB30BB
8609	#BB25BB
8610	#B51CB5
8611	#B02AB0
8612	#B134B1
8613	#AC31AC
8614	#A836A8
8615	#A94BA9
8616	#A546A5
8617	#A0419D
8618	#766D9A
8619	#509EA5
8620	#519AA5
8621	#449BB6
8622	#54A1B1
8623	#5F84A1
8624	#5E5F9A
8625	#49829D
8626	#1F8DB4
8627	#5184BE
8628	#E26FBC
8629	#9C46CF
8630	#509A6A
8631	#4BF547
8632	#54C551
8633	#59211F
8634	#514614
8635	#3BDE3E
8636	#369C36
8637	#318231
8638	#339133
8639	#349834
8640	#349034
8641	#37A037
8642	#39B339
8643	#548059
8644	#91672C
8645	#D69139
8646	#3D87CC
8647	#467FC2
8648	#E080CA
8649	#C667C0
8650	#974FCF
8651	#956240
8652	#C78AAD
8653	#0880B8
8654	#C772BC
8655	#A343B8
8656	#525E32
8657	#45EA47
8658	#37C437
8659	#278D27
8660	#184C18
8661	#0F1A0F
8662	#080C08
8663	#020802
8664	#000600
8665	#000600
8666	#000600
8667	#000600
8668	#000600
8669	#000600
8670	#000600
8671	#000600
8672	#000600
8673	#000600
8674	#000600
8675	#000600
8676	#000600
8677	#000600
8678	#000600
8679	#000500
8680	#0D130D
8681	#020802
8682	#000600
8683	#010701
8684	#040A04
8685	#0B110B
8686	#191F19
8687	#212821
8688	#2A342A
8689	#365236
8690	#437D43
8691	#4CAA4C
8692	#53E557
8693	#5C8E36
8694	#80540D
8695	#BB9127
8696	#2E98C1
8697	#3497B5
8698	#5178A3
8699	#383B76
8700	#803B88
8701	#647CA8
8702	#3FC63D
8703	#43A243
8704	#46AB46
8705	#45BD45
8706	#48C749
8707	#5BC561
8708	#6C143E
8709	#7E5E28
8710	#816389
8711	#8E6A51
8712	#A27120
8713	#AB6DFA
8714	#9756EE
8715	#6F49F4
8716	#44B2DC
8717	#2EC640
8718	#2DA82A
8719	#2C832C
8720	#3A713A
8721	#49B04A
8722	#3ABD35
8723	#32972C
8724	#388133
8725	#329033
8726	#317E31
8727	#49A34C
8728	#5C743A
8729	#641F19
8730	#843E39
8731	#848792
8732	#1091D1
8733	#3E9DBB
8734	#667EA9
8735	#9A53A1
8736	#8B60A4
8737	#A966B1
8738	#B94AB9
8739	#BB33BB
8740	#BB34BB
8741	#B92FB9
8742	#B53AB5
8743	#B641B6
8744	#B43AB4
8745	#B63DB6
8746	#BA41BA
8747	#BA35BA
8748	#B929B9
8749	#B822B8
8750	#B21BB2
8751	#B02AB0
8752	#AD32AD
8753	#AA37AA
8754	#A940A9
8755	#A94CA9
8756	#A649A6
8757	#A0469D
8758	#7B569A
8759	#55789D
8760	#5190A4
8761	#449FBA
8762	#5C9CB0
8763	#6A62A1
8764	#625D9C
8765	#4D84A3
8766	#329ABE
8767	#1A8FBF
8768	#4D83B9
8769	#C567CC
8770	#864AA2
8771	#5B7C4B
8772	#672763
8773	#691223
8774	#584A28
8775	#48DF4C
8776	#45AB45
8777	#469D46
8778	#45C446
8779	#39C637
8780	#31922E
8781	#2E7A2E
8782	#327932
8783	#4EC850
8784	#6D513F
8785	#B0821A
8786	#BC909F
8787	#2482CE
8788	#B876B6
8789	#E06ECB
8790	#A159D0
8791	#854440
8792	#BE87B3
8793	#4B80BD
8794	#E577C1
8795	#AB46B1
8796	#55612D
8797	#48EE4B
8798	#38CE38
8799	#238E23
8800	#164116
8801	#101810
8802	#080C08
8803	#020802
8804	#000600
8805	#000600
8806	#000600
8807	#000600
8808	#000600
8809	#000600
8810	#000600
8811	#000600
8812	#000600
8813	#000600
8814	#000600
8815	#000600
8816	#000600
8817	#000600
8818	#000600
8819	#000600
8820	#020802
8821	#000600
8822	#000600
8823	#000600
8824	#040A04
8825	#0B110B
8826	#191F19
8827	#212721
8828	#2A302A
8829	#385538
8830	#438743
8831	#4CB24C
8832	#55C853
8833	#591741
8834	#8C5E17
8835	#D8958D
8836	#3296D2
8837	#4B8DA9
8838	#4C698E
8839	#4B6285
8840	#AF46B5
8841	#4D64B0
8842	#40BE3A
8843	#459845
8844	#48A248
8845	#52CD54
8846	#59D657
8847	#579E43
8848	#5A3529
8849	#622C28
8850	#75381D
8851	#996F41
8852	#9D63AE
8853	#8449EF
8854	#6061C0
8855	#3A9CB5
8856	#2CAD44
8857	#2D7C29
8858	#2C682C
8859	#2D5F2D
8860	#356535
8861	#358A35
8862	#317B31
8863	#356935
8864	#376C37
8865	#387938
8866	#387D38
8867	#51A554
8868	#647545
8869	#691B26
8870	#8B3B40
8871	#868C75
8872	#1292D4
8873	#3798BA
8874	#4F95B0
8875	#6972A3
8876	#6567A2
8877	#906EB1
8878	#BD4EBC
8879	#BA2ABA
8880	#BA2DBA
8881	#B929B9
8882	#B82FB8
8883	#B938B9
8884	#B837B8
8885	#B632B6
8886	#B930B9
8887	#B82AB8
8888	#B626B6
8889	#B627B6
8890	#B324B3
8891	#B02AB0
8892	#AB37AB
8893	#AB41AB
8894	#A945A9
8895	#A94BA9
8896	#A94FA9
8897	#A64FA2
8898	#81599F
8899	#645E9D
8900	#6469A1
8901	#4DA0B2
8902	#6C7DAC
8903	#9F5DA5
8904	#7F61A4
8905	#6E80A8
8906	#4C9CBA
8907	#419FBF
8908	#2194BF
8909	#487FBD
8910	#B164C6
8911	#773854
8912	#6F2C33
8913	#7C521E
8914	#713422
8915	#637B63
8916	#65A369
8917	#64C968
8918	#5B723E
8919	#40AFA1
8920	#2CAB40
8921	#2D692A
8922	#356A35
8923	#4AB54C
8924	#5BAC4C
8925	#7E5015
8926	#B58120
8927	#B48F99
8928	#8F75C3
8929	#DC66C6
8930	#A26691
8931	#915C28
8932	#BC8DAD
8933	#897FC6
8934	#FC79C8
8935	#B349B0
8936	#5D7A52
8937	#49FB4C
8938	#37D337
8939	#1F881F
8940	#173517
8941	#101510
8942	#080D08
8943	#020802
8944	#000600
8945	#000600
8946	#000600
8947	#000600
8948	#000600
8949	#000600
8950	#000600
8951	#000600
8952	#000600
8953	#000600
8954	#000600
8955	#000600
8956	#000600
8957	#000600
8958	#000600
8959	#000600
8960	#000600
8961	#000600
8962	#000600
8963	#000600
8964	#030903
8965	#0B110B
8966	#191F19
8967	#212721
8968	#2B312B
8969	#3A563A
8970	#448944
8971	#4DB84E
8972	#53CC48
8973	#59063A
8974	#9E6556
8975	#E68FD0
8976	#309BD5
8977	#7B599E
8978	#554E86
8979	#8B72B6
8980	#A854E8
8981	#5378AF
8982	#3FB43C
8983	#428E41
8984	#55BC56
8985	#63DE60
8986	#57442C
8987	#541119
8988	#533829
8989	#67293A
8990	#752642
8991	#7755E2
8992	#6C61E5
8993	#44A9AC
8994	#30B932
8995	#2C9225
8996	#2E642B
8997	#326833
8998	#2E532E
8999	#325032
9000	#307030
9001	#2A702A
9002	#2A532A
9003	#335833
9004	#346C34
9005	#387338
9006	#488D48
9007	#5BB360
9008	#73573B
9009	#805C0E
9010	#9E702D
9011	#8D8DE9
9012	#1891C5
9013	#3390B1
9014	#3D94AE
9015	#529FAA
9016	#6483A6
9017	#A069AF
9018	#BB48B9
9019	#B827B8
9020	#B92DB9
9021	#BA26BA
9022	#B925B9
9023	#B82BB8
9024	#B72DB7
9025	#B72DB7
9026	#B92EB9
9027	#B729B7
9028	#B62AB6
9029	#B62DB6
9030	#B327B3
9031	#AF2AAF
9032	#AB3BAB
9033	#AC46AC
9034	#AC49AC
9035	#AC4EAC
9036	#AB4BAB
9037	#AA52A9
9038	#9E60A9
9039	#9A5CA7
9040	#9555A2
9041	#5A88A5
9042	#8A72A8
9043	#A856A5
9044	#A755A4
9045	#A651A2
9046	#7D5F9E
9047	#5892A6
9048	#4B9BAC
9049	#208FB1
9050	#9075BB
9051	#C269C6
9052	#85668A
9053	#8D6B18
9054	#845F6E
9055	#6A2529
9056	#721B42
9057	#6C4265
9058	#75313D
9059	#5974D4
9060	#2AC77A
9061	#2B6923
9062	#3D663D
9063	#4DAE4F
9064	#52B744
9065	#5E1811
9066	#6E2F1D
9067	#AB6F1D
9068	#CE7899
9069	#C66BCB
9070	#AB63E1
9071	#975F3C
9072	#B68DA9
9073	#8980C8
9074	#FF7DCF
9075	#C159C2
9076	#6451B0
9077	#46D31F
9078	#32D232
9079	#1C771C
9080	#162A16
9081	#101510
9082	#090F09
9083	#020802
9084	#000600
9085	#000600
9086	#000600
9087	#000600
9088	#000600
9089	#000600
9090	#000600
9091	#000600
9092	#000600
9093	#000600
9094	#000600
9095	#000600
9096	#000600
9097	#000600
9098	#000600
9099	#000600
9100	#000600
9101	#000600
9102	#000600
9103	#000600
9104	#040A04
9105	#0A100A
9106	#181E18
9107	#222822
9108	#2D392D
9109	#3C5D3C
9110	#478C47
9111	#4EC64F
9112	#51C84A
9113	#6A2B22
9114	#B5835B
9115	#E588EE
9116	#44A1C7
9117	#6E508B
9118	#A45388
9119	#D06AD7
9120	#9663BE
9121	#685AED
9122	#3C946D
9123	#51A64C
9124	#5BEC5E
9125	#546132
9126	#518A39
9127	#59A243
9128	#6F1E0F
9129	#6D5B78
9130	#4874BC
9131	#39B045
9132	#3AB943
9133	#30B132
9134	#2D772B
9135	#305931
9136	#316331
9137	#2F6E2F
9138	#2D4C2D
9139	#374F37
9140	#317A31
9141	#2B682B
9142	#2E482E
9143	#315C31
9144	#2E6D2E
9145	#3C6C3C
9146	#56AA57
9147	#699E60
9148	#8A504B
9149	#966CA3
9150	#AD7C21
9151	#9C8CDA
9152	#168CBD
9153	#278DB7
9154	#2B91BC
9155	#4095B0
9156	#55A5B1
9157	#817BB2
9158	#B848B7
9159	#B82BB8
9160	#B92BB9
9161	#BA27BA
9162	#B925B9
9163	#B725B7
9164	#B72BB7
9165	#B92EB9
9166	#B929B9
9167	#B72AB7
9168	#B730B7
9169	#B732B7
9170	#B528B5
9171	#AF28AF
9172	#AE41AE
9173	#AF4BAF
9174	#AF48AF
9175	#AF4AAF
9176	#AE44AE
9177	#AC47AC
9178	#AD53AC
9179	#AD4FAB
9180	#A446A4
9181	#7261A1
9182	#9662A6
9183	#A752A5
9184	#A34FA3
9185	#A14DA1
9186	#A14A9C
9187	#6A6097
9188	#4F99A3
9189	#3B93AC
9190	#2D82A7
9191	#AD6CB1
9192	#A95BE0
9193	#875DF5
9194	#7B598A
9195	#662D04
9196	#72570B
9197	#631D1D
9198	#670738
9199	#644B56
9200	#49E84F
9201	#378F36
9202	#429042
9203	#4DB44F
9204	#51E755
9205	#52933A
9206	#55080B
9207	#575524
9208	#78643E
9209	#A0575C
9210	#B060E1
9211	#91573D
9212	#3495B2
9213	#5482C3
9214	#BB7EC6
9215	#D560BC
9216	#6B2698
9217	#41AD11
9218	#2DC22E
9219	#1C671C
9220	#162716
9221	#111611
9222	#090F09
9223	#030903
9224	#000600
9225	#000600
9226	#000600
9227	#000600
9228	#000600
9229	#000600
9230	#000600
9231	#000600
9232	#000600
9233	#000600
9234	#000600
9235	#000600
9236	#000600
9237	#000600
9238	#000600
9239	#000600
9240	#000600
9241	#000600
9242	#000600
9243	#000600
9244	#040A04
9245	#090F09
9246	#151B15
9247	#212621
9248	#2F382F
9249	#3E603E
9250	#479647
9251	#4ECF4F
9252	#50BC4F
9253	#8B4E23
9254	#CB86B9
9255	#D886FA
9256	#5789B1
9257	#2D6385
9258	#8871AC
9259	#BD68E8
9260	#915CCC
9261	#638847
9262	#49C13E
9263	#5ABE4C
9264	#52F44C
9265	#51D94B
9266	#59B038
9267	#723D48
9268	#634CC5
9269	#33ABB5
9270	#26A531
9271	#30712C
9272	#328031
9273	#2D772C
9274	#2D582D
9275	#314E31
9276	#316831
9277	#2C742C
9278	#295029
9279	#344A34
9280	#377237
9281	#2D6B2D
9282	#2C4C2C
9283	#2F552F
9284	#306830
9285	#458245
9286	#57BF5A
9287	#775E36
9288	#A66781
9289	#A969BE
9290	#A78320
9291	#398FCD
9292	#1D89B7
9293	#1B89BC
9294	#2290C3
9295	#3795B8
9296	#4CA3B6
9297	#937CB5
9298	#B948B7
9299	#B92FB9
9300	#BA2DBA
9301	#B92DB9
9302	#BA28BA
9303	#B82AB8
9304	#B82CB8
9305	#B828B8
9306	#B82CB8
9307	#B729B7
9308	#B62FB6
9309	#B933B9
9310	#B724B7
9311	#B126B1
9312	#AF3FAF
9313	#B248B2
9314	#B141B1
9315	#AF3FAF
9316	#AF40AF
9317	#AC3FAC
9318	#AC46AC
9319	#AC45AC
9320	#A73DA6
9321	#9F56A3
9322	#A159A5
9323	#A655A6
9324	#A457A4
9325	#A159A2
9326	#7E5CA0
9327	#5D7E9F
9328	#4799AC
9329	#3797BB
9330	#1D8DB5
9331	#5B70A3
9332	#A754BF
9333	#693447
9334	#611713
9335	#551F1C
9336	#5A4412
9337	#544A1E
9338	#57BE53
9339	#60975E
9340	#5B9858
9341	#5ECF62
9342	#57BF59
9343	#4FD332
9344	#50DC22
9345	#51D13A
9346	#511D13
9347	#3BB83A
9348	#48A950
9349	#7D9556
9350	#AB6385
9351	#987131
9352	#3197B6
9353	#0B87BE
9354	#087CAF
9355	#9153A0
9356	#7373C2
9357	#37CE4F
9358	#2C9C29
9359	#1F601F
9360	#183018
9361	#121812
9362	#0A0E0A
9363	#030903
9364	#000600
9365	#000600
9366	#000600
9367	#000600
9368	#000600
9369	#000600
9370	#000600
9371	#000600
9372	#000600
9373	#000600
9374	#000600
9375	#000600
9376	#000600
9377	#000600
9378	#000600
9379	#000600
9380	#000600
9381	#000600
9382	#000600
9383	#000600
9384	#040A04
9385	#080E08
9386	#111711
9387	#202620
9388	#303930
9389	#3F623F
9390	#489E48
9391	#4DDA4D
9392	#53B05D
9393	#9F4A3A
9394	#D784AB
9395	#D08B7D
9396	#4C8397
9397	#7A689C
9398	#D771D5
9399	#AE6CFC
9400	#835BAD
9401	#651E1A
9402	#6A2D77
9403	#5A184D
9404	#4CD530
9405	#5FB74D
9406	#7B3E83
9407	#5987C3
9408	#2A9B91
9409	#268C35
9410	#2D5828
9411	#2C502D
9412	#2F602F
9413	#2C5D2C
9414	#2B4D2B
9415	#2F482F
9416	#2F652F
9417	#2E6C2E
9418	#2A512A
9419	#2E4D2E
9420	#346E34
9421	#306430
9422	#326232
9423	#396B39
9424	#488A48
9425	#59C85C
9426	#628E6C
9427	#885427
9428	#B97673
9429	#B66DB4
9430	#B08811
9431	#1D91C3
9432	#1C87B6
9433	#1489C1
9434	#1C8EC7
9435	#3195BE
9436	#4BA4B8
9437	#7E7FB3
9438	#BB4DB9
9439	#BA2EBA
9440	#B928B9
9441	#B92AB9
9442	#BA29BA
9443	#B92DB9
9444	#BA2EBA
9445	#B826B8
9446	#B92CB9
9447	#B82BB8
9448	#B62FB6
9449	#B930B9
9450	#B621B6
9451	#B026B0
9452	#AF3FAF
9453	#B343B3
9454	#B13AB1
9455	#B036B0
9456	#AE3CAE
9457	#AD3BAD
9458	#AC43AC
9459	#AD48AD
9460	#A741A7
9461	#A754A6
9462	#AA56A9
9463	#A853A8
9464	#A753A6
9465	#A44DA1
9466	#914C9B
9467	#6F5B94
9468	#3C8DA0
9469	#2C8EB3
9470	#248BAB
9471	#737297
9472	#C25DB6
9473	#6B3441
9474	#526636
9475	#55CF58
9476	#4CE94E
9477	#4BD54C
9478	#4FE851
9479	#59B952
9480	#620842
9481	#718C48
9482	#734148
9483	#714219
9484	#694C6F
9485	#5F2084
9486	#4D777F
9487	#32D344
9488	#329032
9489	#5AAF52
9490	#81682B
9491	#A07109
9492	#808FB2
9493	#148AC5
9494	#30789B
9495	#A3489C
9496	#608197
9497	#35C72B
9498	#2E882F
9499	#236223
9500	#193A19
9501	#111911
9502	#090E09
9503	#030903
9504	#000600
9505	#000600
9506	#000600
9507	#000600
9508	#000600
9509	#000600
9510	#000600
9511	#000600
9512	#000600
9513	#000600
9514	#000600
9515	#000600
9516	#000600
9517	#000600
9518	#000600
9519	#000600
9520	#000600
9521	#000600
9522	#000600
9523	#000600
9524	#040A04
9525	#090F09
9526	#0F150F
9527	#1A201A
9528	#2F362F
9529	#405F40
9530	#49A449
9531	#4CE74C
9532	#57AF5E
9533	#A84964
9534	#DD8381
9535	#DD901D
9536	#37828B
9537	#B56CAE
9538	#BA6DF3
9539	#8F5FCD
9540	#7D5B4D
9541	#8B5824
9542	#9F6FE2
9543	#723B9E
9544	#643F28
9545	#764F5D
9546	#5960D7
9547	#2A9F53
9548	#237317
9549	#294428
9550	#2B4E2C
9551	#264726
9552	#2A482A
9553	#2A482A
9554	#2B452B
9555	#2B442B
9556	#2D612D
9557	#295429
9558	#284228
9559	#2F502F
9560	#315F31
9561	#3B553B
9562	#478947
9563	#4EAA4F
9564	#60C95F
9565	#6C6E52
9566	#80494A
9567	#A97416
9568	#CD819D
9569	#CE7AC7
9570	#CE9049
9571	#2593C6
9572	#1C8EC4
9573	#1C92CC
9574	#2796CB
9575	#3C9DC0
9576	#54A3B6
9577	#7B7DB2
9578	#BB52BA
9579	#BB2FBB
9580	#BA26BA
9581	#B824B8
9582	#B928B9
9583	#BA2DBA
9584	#BB2EBB
9585	#B927B9
9586	#B926B9
9587	#B72BB7
9588	#B82FB8
9589	#B82DB8
9590	#B520B5
9591	#B028B0
9592	#B041B0
9593	#B342B3
9594	#B337B3
9595	#B135B1
9596	#AF3AAF
9597	#AE3AAE
9598	#AE43AE
9599	#B049B0
9600	#AD41AD
9601	#A64AA6
9602	#A34CA3
9603	#9F4B9D
9604	#924B9C
9605	#8D4299
9606	#8E398E
9607	#5C5288
9608	#1F83A1
9609	#0983B7
9610	#0580AB
9611	#656E94
9612	#D6459F
9613	#5F836C
9614	#3FE136
9615	#43E344
9616	#41BE41
9617	#4AB34A
9618	#52C652
9619	#5CB961
9620	#692939
9621	#8C5322
9622	#8C634E
9623	#8C7017
9624	#8F6B50
9625	#804CDE
9626	#4E80E8
9627	#2DB852
9628	#2F8729
9629	#3BA23D
9630	#62C661
9631	#9F7517
9632	#CA89B0
9633	#0B8FD4
9634	#607CA2
9635	#DE479E
9636	#4F76AE
9637	#37B532
9638	#308530
9639	#256725
9640	#1A451A
9641	#121C12
9642	#0B0F0B
9643	#040A04
9644	#000600
9645	#000600
9646	#000600
9647	#000600
9648	#000600
9649	#000600
9650	#000600
9651	#000600
9652	#000600
9653	#000600
9654	#000600
9655	#000600
9656	#000600
9657	#000600
9658	#000600
9659	#000600
9660	#000600
9661	#000600
9662	#000600
9663	#000600
9664	#040A04
9665	#0A100A
9666	#0F150F
9667	#151B15
9668	#272727
9669	#3D533D
9670	#49A149
9671	#4CEC4C
9672	#5DBE5C
9673	#A84CC3
9674	#F283CB
9675	#9695D0
9676	#217085
9677	#965FBA
9678	#8956A8
9679	#7B6015
9680	#997325
9681	#BD7BB9
9682	#B16BF2
9683	#A165EC
9684	#9A54A9
9685	#6142CE
9686	#21AA54
9687	#256C1D
9688	#253A25
9689	#283628
9690	#254725
9691	#254425
9692	#253B25
9693	#273327
9694	#283628
9695	#2B432B
9696	#2D562D
9697	#2D4B2D
9698	#354935
9699	#3B583B
9700	#426542
9701	#5C815C
9702	#6BCB6D
9703	#6C9E6C
9704	#776159
9705	#956276
9706	#AE79A6
9707	#CC7EA5
9708	#DA7CE9
9709	#E07EE5
9710	#E78CF3
9711	#2491D4
9712	#1794CF
9713	#2898CE
9714	#399CC2
9715	#50A1B5
9716	#667AA9
9717	#9469AD
9718	#BB53B9
9719	#BB30BB
9720	#BB29BB
9721	#B927B9
9722	#B927B9
9723	#B829B8
9724	#BA29BA
9725	#B925B9
9726	#B823B8
9727	#B629B6
9728	#B82EB8
9729	#B72BB7
9730	#B324B3
9731	#B02AB0
9732	#B240B2
9733	#B645B6
9734	#B639B6
9735	#B435B4
9736	#B337B3
9737	#B036B0
9738	#AC3CAC
9739	#AA3DAA
9740	#A32CA3
9741	#9E389D
9742	#9D449B
9743	#875199
9744	#5D6A9D
9745	#59819F
9746	#5D6694
9747	#2A839D
9748	#5D84BF
9749	#9D87D9
9750	#9188D5
9751	#B77BBF
9752	#D754B4
9753	#5B8B6D
9754	#39CC2E
9755	#36C036
9756	#2BA32B
9757	#319C31
9758	#44AA44
9759	#5EDE60
9760	#727C5F
9761	#8F5B3B
9762	#A069D6
9763	#9D6F5C
9764	#9F7733
9765	#9B59CC
9766	#5177E5
9767	#29B75B
9768	#2F8528
9769	#2F8830
9770	#47A24B
9771	#8A524C
9772	#B589C3
9773	#088EDB
9774	#2684B5
9775	#9C4998
9776	#5C77A8
9777	#36B532
9778	#328532
9779	#276E27
9780	#1B491B
9781	#121E12
9782	#0B0F0B
9783	#040A04
9784	#000600
9785	#000600
9786	#000600
9787	#000600
9788	#000600
9789	#000600
9790	#000600
9791	#000600
9792	#000600
9793	#000600
9794	#000600
9795	#000600
9796	#000600
9797	#000600
9798	#000600
9799	#000600
9800	#000600
9801	#070D07
9802	#000600
9803	#000600
9804	#040A04
9805	#090F09
9806	#101610
9807	#141A14
9808	#202320
9809	#364536
9810	#499049
9811	#50EA50
9812	#65D164
9813	#A953C1
9814	#E087E8
9815	#3F8ED7
9816	#704472
9817	#9B56B0
9818	#5D433F
9819	#925B3C
9820	#C57FBA
9821	#C773EF
9822	#C373E6
9823	#D96CCA
9824	#8C47C0
9825	#28906C
9826	#236B19
9827	#244624
9828	#233323
9829	#262E26
9830	#273A27
9831	#224322
9832	#1E3A1E
9833	#1F2E1F
9834	#2B2E2B
9835	#3B473B
9836	#426242
9837	#466746
9838	#4D7B4D
9839	#4E994E
9840	#50B750
9841	#69C46C
9842	#774F58
9843	#8C5D17
9844	#A26E46
9845	#B773FF
9846	#C56FEC
9847	#D773DE
9848	#D272D6
9849	#DC7CE0
9850	#FA84D8
9851	#BD88D7
9852	#2792D0
9853	#2896C6
9854	#419FBC
9855	#6295AE
9856	#9E5AA4
9857	#AC5FAB
9858	#B552B5
9859	#B831B8
9860	#BA27BA
9861	#B92BB9
9862	#B931B9
9863	#BB31BB
9864	#BC2FBC
9865	#BA28BA
9866	#B826B8
9867	#B529B5
9868	#B62EB6
9869	#B730B7
9870	#B52BB5
9871	#B22FB2
9872	#B540B5
9873	#B73DB7
9874	#B633B6
9875	#B732B7
9876	#B127B1
9877	#AA22AA
9878	#A335A3
9879	#A549A5
9880	#A244A1
9881	#98549F
9882	#9A529D
9883	#7B5699
9884	#5090A0
9885	#4C9AA5
9886	#45919F
9887	#1F88A5
9888	#9A83C4
9889	#DF8BDE
9890	#178DD4
9891	#7388D4
9892	#EF70C8
9893	#8550D0
9894	#41CB7E
9895	#3E983A
9896	#397939
9897	#3C7D3C
9898	#40AC40
9899	#47CF47
9900	#5FD663
9901	#765A58
9902	#975A99
9903	#A76DFA
9904	#B06CEA
9905	#9B5BDE
9906	#50964A
9907	#35C838
9908	#298D29
9909	#2D812D
9910	#37AB37
9911	#747F71
9912	#AC6CA2
9913	#058FD5
9914	#0389C3
9915	#7E509B
9916	#677F8F
9917	#35BD2A
9918	#328833
9919	#277327
9920	#1C4A1C
9921	#122212
9922	#0B110B
9923	#040A04
9924	#000600
9925	#000600
9926	#000600
9927	#000600
9928	#000600
9929	#000600
9930	#000600
9931	#000600
9932	#000600
9933	#000600
9934	#000600
9935	#000600
9936	#000600
9937	#000600
9938	#000600
9939	#000600
9940	#070D07
9941	#0A100A
9942	#000600
9943	#000600
9944	#040A04
9945	#0A100A
9946	#0F150F
9947	#151B15
9948	#202320
9949	#2F3D2F
9950	#3E813E
9951	#48E048
9952	#64DC59
9953	#A956B1
9954	#A887EC
9955	#008DC6
9956	#5C507D
9957	#7E6CC8
9958	#659C53
9959	#9C6752
9960	#CE79E8
9961	#DC77DE
9962	#EF78C4
9963	#B348B8
9964	#5171A7
9965	#21B132
9966	#214E1F
9967	#203320
9968	#1F311F
9969	#202E20
9970	#232C23
9971	#233023
9972	#2A352A
9973	#343B34
9974	#3B523B
9975	#3F793F
9976	#408E40
9977	#428542
9978	#4EA84E
9979	#4DCE4D
9980	#56E058
9981	#623352
9982	#732D19
9983	#A57850
9984	#BF75CD
9985	#B873E8
9986	#C171E7
9987	#C770E6
9988	#C673F1
9989	#D978E3
9990	#EF73BA
9991	#F47CD8
9992	#4C8FD8
9993	#289BC9
9994	#4FA5BA
9995	#8877A9
9996	#A84CA5
9997	#AB5AAB
9998	#B455B4
9999	#B836B8
10000	#B825B8
10001	#B623B6
10002	#B82DB8
10003	#B92FB9
10004	#B728B7
10005	#B624B6
10006	#B420B4
10007	#B22DB2
10008	#B637B6
10009	#BA34BA
10010	#B72BB7
10011	#B72FB7
10012	#B637B6
10013	#B734B7
10014	#B62AB6
10015	#B429B4
10016	#AC23AC
10017	#A628A6
10018	#A442A4
10019	#A654A6
10020	#A153A3
10021	#7462A4
10022	#9458A2
10023	#954D98
10024	#5B729B
10025	#4798A8
10026	#4595AA
10027	#2D8DAE
10028	#3288C5
10029	#3B8CD4
10030	#1090CC
10031	#1B8DD3
10032	#AE7DCD
10033	#BD57CB
10034	#5A80BB
10035	#3EA139
10036	#447E44
10037	#469646
10038	#48C148
10039	#42CC42
10040	#40C740
10041	#53D656
10042	#765A5D
10043	#9348A8
10044	#AC68CE
10045	#824BE0
10046	#527F40
10047	#50D450
10048	#36AB36
10049	#29A329
10050	#33A533
10051	#657065
10052	#A97045
10053	#1B8ED6
10054	#0087C3
10055	#8564AA
10056	#7E4DBE
10057	#38A255
10058	#318B2D
10059	#297129
10060	#1D4F1D
10061	#122312
10062	#0B110B
10063	#040A04
10064	#000600
10065	#000600
10066	#000600
10067	#000600
10068	#000600
10069	#000600
10070	#000600
10071	#000600
10072	#000600
10073	#000600
10074	#000600
10075	#000600
10076	#000600
10077	#000600
10078	#000600
10079	#000600
10080	#0A100A
10081	#000600
10082	#000600
10083	#000600
10084	#040A04
10085	#0A100A
10086	#0F150F
10087	#171D17
10088	#232723
10089	#2F3D2F
10090	#387538
10091	#3ECE3F
10092	#5DCD5B
10093	#9B4E71
10094	#C883D4
10095	#378CD3
10096	#8B5E9C
10097	#7F5ACB
10098	#604F4B
10099	#8E521B
10100	#BF7E91
10101	#AD7ED2
10102	#DE54A0
10103	#716AD2
10104	#38C955
10105	#2F9629
10106	#225D22
10107	#213C21
10108	#213021
10109	#1D281D
10110	#242824
10111	#333D33
10112	#3C543C
10113	#405840
10114	#466B46
10115	#479A47
10116	#41B641
10117	#41A241
10118	#4AB24A
10119	#52D052
10120	#5BDB5C
10121	#5D5352
10122	#690F46
10123	#966222
10124	#B47A78
10125	#B37D38
10126	#C781A4
10127	#C881A2
10128	#C58279
10129	#CB7C89
10130	#CE6ED5
10131	#DD7AE6
10132	#4090E2
10133	#2FA4CF
10134	#659BB7
10135	#A45CAA
10136	#AA4AA9
10137	#AB59AB
10138	#B353B3
10139	#B636B6
10140	#B525B5
10141	#B220B2
10142	#B22AB2
10143	#B42FB4
10144	#B42AB4
10145	#B427B4
10146	#B126B1
10147	#B137B1
10148	#B93FB9
10149	#BC36BC
10150	#BA27BA
10151	#B826B8
10152	#B62DB6
10153	#B82DB8
10154	#B522B5
10155	#AF23AF
10156	#AB2CAB
10157	#A636A6
10158	#A44CA4
10159	#A659A6
10160	#A357A4
10161	#7F62A5
10162	#9A5FA8
10163	#A54BA0
10164	#765E99
10165	#4799A7
10166	#4493A7
10167	#338FB1
10168	#198DC0
10169	#188FC4
10170	#2A8DB5
10171	#1187BA
10172	#2486C8
10173	#E16DC8
10174	#8052BA
10175	#3EB053
10176	#3F7C3D
10177	#479A47
10178	#45C945
10179	#41CC41
10180	#3EBD3E
10181	#40BF40
10182	#52C755
10183	#6F9850
10184	#7D494D
10185	#622B88
10186	#4F9F41
10187	#4FDC51
10188	#4CCA4C
10189	#32B732
10190	#2FA62F
10191	#56C95B
10192	#AE9747
10193	#7D879C
10194	#2583BE
10195	#BB70BE
10196	#963FCB
10197	#40A063
10198	#30902D
10199	#2A702A
10200	#1E561E
10201	#112711
10202	#0A100A
10203	#040A04
10204	#000600
10205	#000600
10206	#000600
10207	#000600
10208	#000600
10209	#000600
10210	#000600
10211	#000600
10212	#000600
10213	#000600
10214	#000600
10215	#000600
10216	#000600
10217	#000600
10218	#000600
10219	#000600
10220	#000600
10221	#000600
10222	#000600
10223	#000600
10224	#040A04
10225	#0A100A
10226	#101610
10227	#181E18
10228	#222522
10229	#2E392E
10230	#376937
10231	#3DBE3D
10232	#5BB664
10233	#93433D
10234	#DC82BF
10235	#E888E3
10236	#E469B9
10237	#9A57BF
10238	#5F1034
10239	#7D3627
10240	#CF838E
10241	#CF68BC
10242	#913FC3
10243	#49AA8D
10244	#37B838
10245	#338732
10246	#2A702A
10247	#234A23
10248	#1E2A1E
10249	#273027
10250	#384838
10251	#3F613F
10252	#3C7F3C
10253	#3F803F
10254	#488148
10255	#4DA04D
10256	#4BB44B
10257	#4DBF4D
10258	#50CB50
10259	#50C550
10260	#5ECE5F
10261	#5AF255
10262	#5F6560
10263	#6F3642
10264	#8C6706
10265	#AA7C40
10266	#D07DCE
10267	#D87CCC
10268	#C77E78
10269	#B87C3E
10270	#BD7BC6
10271	#E285FC
10272	#4396EB
10273	#39A8CE
10274	#877BAF
10275	#B055AC
10276	#AE4DAE
10277	#AF56AF
10278	#B552B5
10279	#B738B7
10280	#B626B6
10281	#B222B2
10282	#B02EB0
10283	#B337B3
10284	#B430B4
10285	#B22BB2
10286	#B233B2
10287	#B33EB3
10288	#BA42BA
10289	#BD32BD
10290	#BA22BA
10291	#B821B8
10292	#B629B6
10293	#B72AB7
10294	#B324B3
10295	#AE2BAE
10296	#AD37AD
10297	#A83EA8
10298	#A54CA5
10299	#A759A7
10300	#A757A6
10301	#A560A7
10302	#A762A9
10303	#A94DA7
10304	#8C4699
10305	#4D869E
10306	#4896A1
10307	#328EB0
10308	#2890BD
10309	#2D8FB7
10310	#338BA7
10311	#1A83A9
10312	#507CB9
10313	#E673CA
10314	#B452CB
10315	#5187BC
10316	#377342
10317	#4D8A4B
10318	#47BD47
10319	#41C541
10320	#41BC41
10321	#3CAA3C
10322	#42CA41
10323	#3ED942
10324	#4AA44B
10325	#60AE50
10326	#54F94E
10327	#4DEF49
10328	#4FD450
10329	#49C349
10330	#36BE36
10331	#4FEC55
10332	#86625B
10333	#5F8B76
10334	#447DBC
10335	#E474D6
10336	#A54ECC
10337	#44B04B
10338	#2F992C
10339	#297129
10340	#1D551D
10341	#112911
10342	#0A120A
10343	#040A04
10344	#000600
10345	#000600
10346	#000600
10347	#000600
10348	#000600
10349	#000600
10350	#000600
10351	#000600
10352	#000600
10353	#000600
10354	#000600
10355	#000600
10356	#000600
10357	#000600
10358	#000600
10359	#000600
10360	#000600
10361	#000600
10362	#000600
10363	#000600
10364	#040A04
10365	#090F09
10366	#101610
10367	#181E18
10368	#232723
10369	#2F372F
10370	#376437
10371	#3EBB3E
10372	#59A860
10373	#944542
10374	#D583C6
10375	#EE88EE
10376	#E772BF
10377	#AB63B5
10378	#6F4006
10379	#8E5741
10380	#C671BE
10381	#9651C3
10382	#549B91
10383	#42D33D
10384	#3CAF3B
10385	#368836
10386	#2F642F
10387	#2B472B
10388	#314931
10389	#386138
10390	#3B6C3B
10391	#3F793F
10392	#3F9E3F
10393	#3A9D3A
10394	#409B40
10395	#44AB44
10396	#52A752
10397	#4DC74D
10398	#3ACF3A
10399	#36B236
10400	#43B044
10401	#3DE135
10402	#43EF3E
10403	#4AC143
10404	#614C18
10405	#9B6C4F
10406	#D06AC9
10407	#DB5FAB
10408	#A74ECE
10409	#825AEB
10410	#A46AE9
10411	#E281F4
10412	#4E98E5
10413	#45A9C8
10414	#A36CAC
10415	#B051AE
10416	#AE4AAE
10417	#B252B2
10418	#B850B8
10419	#BA3BBA
10420	#B926B9
10421	#B321B3
10422	#B12FB1
10423	#B23AB2
10424	#B335B3
10425	#B32FB3
10426	#B435B4
10427	#B73FB7
10428	#BC3EBC
10429	#BF2DBF
10430	#BC1FBC
10431	#BA1EBA
10432	#B624B6
10433	#B529B5
10434	#B32BB3
10435	#AF35AF
10436	#AD3BAD
10437	#A73DA7
10438	#A649A6
10439	#A652A6
10440	#A551A5
10441	#A758A6
10442	#A95DA9
10443	#AB4EA9
10444	#91429E
10445	#586A98
10446	#4F809B
10447	#3893AE
10448	#2D94BE
10449	#3093BB
10450	#338EAD
10451	#1486B4
10452	#BA7FC4
10453	#F17BD1
10454	#D269CB
10455	#7142C2
10456	#308638
10457	#457E44
10458	#4CA24C
10459	#4BBE4B
10460	#44C344
10461	#3AAD3A
10462	#40B940
10463	#31C831
10464	#229522
10465	#446B46
10466	#5CD253
10467	#51F349
10468	#49E547
10469	#4CCB4D
10470	#4CBF4A
10471	#4F652C
10472	#6F8850
10473	#4B7998
10474	#3C7CC6
10475	#C56FE7
10476	#AF58D8
10477	#4BBB92
10478	#30AA2B
10479	#287129
10480	#1E521E
10481	#122812
10482	#0A120A
10483	#030903
10484	#000600
10485	#000600
10486	#000600
10487	#000600
10488	#000600
10489	#000600
10490	#000600
10491	#000600
10492	#000600
10493	#000600
10494	#000600
10495	#000600
10496	#000600
10497	#000600
10498	#000600
10499	#000600
10500	#000600
10501	#000600
10502	#000600
10503	#000600
10504	#040A04
10505	#090F09
10506	#101610
10507	#171D17
10508	#232923
10509	#2F362F
10510	#386338
10511	#3DB83D
10512	#55C25D
10513	#99B43D
10514	#D675BF
10515	#D68DFC
10516	#7974AE
10517	#AA5EB7
10518	#8F6A36
10519	#B568C9
10520	#834BCA
10521	#46C742
10522	#49C448
10523	#48C347
10524	#40AD40
10525	#3D7F3D
10526	#3F643F
10527	#4A594A
10528	#549154
10529	#47B247
10530	#3F993F
10531	#3D813D
10532	#44A544
10533	#43A943
10534	#45AB45
10535	#3BB23B
10536	#319931
10537	#2E912E
10538	#298E29
10539	#2B742B
10540	#3D6D3D
10541	#38B039
10542	#3BB83B
10543	#42C245
10544	#55A44D
10545	#884F2A
10546	#BF74D7
10547	#C959BB
10548	#7167A4
10549	#489C44
10550	#7B3A3A
10551	#E381AB
10552	#548ED4
10553	#3CA2BF
10554	#7E71AD
10555	#B04CAD
10556	#AE49AE
10557	#B34BB3
10558	#B648B6
10559	#BC3EBC
10560	#BE2ABE
10561	#BB29BB
10562	#B730B7
10563	#B73CB7
10564	#B93DB9
10565	#B936B9
10566	#B938B9
10567	#BB39BB
10568	#BE31BE
10569	#BE24BE
10570	#BE1DBE
10571	#B915B9
10572	#B422B4
10573	#B42AB4
10574	#B028B0
10575	#AC32AC
10576	#AB3EAB
10577	#A940A9
10578	#A646A6
10579	#A550A5
10580	#A558A5
10581	#A653A6
10582	#A659A6
10583	#AA4DA9
10584	#9C45A2
10585	#6773A1
10586	#576B98
10587	#458FA3
10588	#3393B6
10589	#3393B6
10590	#3690AF
10591	#238DBC
10592	#1288C5
10593	#5D83C3
10594	#E36EBD
10595	#924FC6
10596	#399F64
10597	#3A8E36
10598	#469747
10599	#4CC84C
10600	#45C645
10601	#3FA93F
10602	#3FBF3F
10603	#29A629
10604	#207C20
10605	#216121
10606	#476649
10607	#5ED458
10608	#49FB39
10609	#44C947
10610	#56A654
10611	#67321A
10612	#607A3B
10613	#B2659F
10614	#E27EDA
10615	#B66AE2
10616	#B063E5
10617	#595BD9
10618	#30B758
10619	#296C25
10620	#1D511D
10621	#122912
10622	#091209
10623	#030903
10624	#000600
10625	#000600
10626	#000600
10627	#000600
10628	#000600
10629	#000600
10630	#000600
10631	#000600
10632	#000600
10633	#000600
10634	#000600
10635	#000600
10636	#000600
10637	#000600
10638	#000600
10639	#000600
10640	#000600
10641	#000600
10642	#000600
10643	#000600
10644	#030903
10645	#090F09
10646	#101610
10647	#171D17
10648	#242824
10649	#2E362E
10650	#376337
10651	#3DB13D
10652	#50B557
10653	#90B341
10654	#E077CB
10655	#758FF1
10656	#6072A5
10657	#AC60B0
10658	#AD7379
10659	#A643CE
10660	#40787E
10661	#398F39
10662	#419740
10663	#41B041
10664	#3E9D3E
10665	#459345
10666	#56AB57
10667	#57C55A
10668	#5ACC5D
10669	#52E454
10670	#42CD44
10671	#49AC4C
10672	#55BD55
10673	#47CB47
10674	#33B633
10675	#268526
10676	#235623
10677	#2F4D2F
10678	#386E38
10679	#326D32
10680	#3A593A
10681	#3A883A
10682	#349A34
10683	#3D943D
10684	#5E8A64
10685	#884941
10686	#C173D2
10687	#B44EC9
10688	#569375
10689	#4FA14F
10690	#904238
10691	#9C914E
10692	#2195DF
10693	#3D9DB9
10694	#738BAC
10695	#AF50AC
10696	#AC4AAC
10697	#B24EB2
10698	#B84BB8
10699	#BF3DBF
10700	#C026C0
10701	#BF22BF
10702	#BC23BC
10703	#B927B9
10704	#B82DB8
10705	#B82FB8
10706	#B932B9
10707	#BC2CBC
10708	#BD26BD
10709	#BD20BD
10710	#BC1ABC
10711	#B616B6
10712	#B42AB4
10713	#B22BB2
10714	#AE28AE
10715	#AB36AB
10716	#A93CA9
10717	#A843A8
10718	#A749A7
10719	#A44EA4
10720	#A554A5
10721	#A44FA4
10722	#A658A6
10723	#A94DA9
10724	#A53FA2
10725	#885AA1
10726	#7B559B
10727	#52809C
10728	#3A96B0
10729	#3A99BB
10730	#4598AF
10731	#3793B3
10732	#268DB6
10733	#0B87BD
10734	#B678C3
10735	#B753D2
10736	#5D75B5
10737	#3AB038
10738	#479B46
10739	#47B847
10740	#41B741
10741	#3FB53F
10742	#36AD36
10743	#278527
10744	#215F21
10745	#1E551E
10746	#225322
10747	#49764A
10748	#57D058
10749	#45E045
10750	#58B75C
10751	#73314C
10752	#754211
10753	#BE7885
10754	#E67DE4
10755	#C264CB
10756	#AD65EF
10757	#685EE8
10758	#2FC993
10759	#27681E
10760	#1B4B1B
10761	#112511
10762	#0A110A
10763	#040A04
10764	#000600
10765	#000600
10766	#000600
10767	#000600
10768	#000600
10769	#000600
10770	#000600
10771	#000600
10772	#000600
10773	#000600
10774	#000600
10775	#000600
10776	#000600
10777	#000600
10778	#000600
10779	#000600
10780	#000600
10781	#000600
10782	#000600
10783	#000600
10784	#030903
10785	#090F09
10786	#111711
10787	#191F19
10788	#242824
10789	#2E372E
10790	#366336
10791	#3CA83C
10792	#4DAD51
10793	#84AA46
10794	#BA8086
10795	#298FDC
10796	#6074A8
10797	#D96BB8
10798	#BA5F92
10799	#6B40AD
10800	#258943
10801	#2E5D2A
10802	#3D793D
10803	#3A8B3A
10804	#459445
10805	#58C85A
10806	#5BC451
10807	#59853B
10808	#58423A
10809	#548D40
10810	#54AA3D
10811	#509330
10812	#3ED639
10813	#2BA62C
10814	#247E24
10815	#265926
10816	#273427
10817	#333233
10818	#385E38
10819	#337933
10820	#356635
10821	#3A713A
10822	#3B993B
10823	#449844
10824	#69876F
10825	#9A5447
10826	#DA78C1
10827	#A348CE
10828	#4C8496
10829	#5AA852
10830	#A55B35
10831	#9398A0
10832	#1D9BD6
10833	#459FB7
10834	#7195AC
10835	#AF55AB
10836	#AC4BAC
10837	#B253B2
10838	#BC4EBC
10839	#BF32BF
10840	#BE1FBE
10841	#BD1CBD
10842	#BD1FBD
10843	#BB20BB
10844	#B622B6
10845	#B72CB7
10846	#BD32BD
10847	#BE25BE
10848	#BC20BC
10849	#BC21BC
10850	#BB1BBB
10851	#B61BB6
10852	#B529B5
10853	#B42CB4
10854	#AF30AF
10855	#AB3FAB
10856	#AB40AB
10857	#A944A9
10858	#A74AA7
10859	#A550A5
10860	#A557A5
10861	#A555A5
10862	#A85EA8
10863	#AC54AC
10864	#A744A7
10865	#A855A4
10866	#915EA3
10867	#6267A0
10868	#5391AA
10869	#4FA3B5
10870	#57A3B0
10871	#509FAE
10872	#489CAF
10873	#2492B9
10874	#4589D0
10875	#E675D7
10876	#934EDE
10877	#4E809D
10878	#43CB40
10879	#42A943
10880	#45A745
10881	#46C546
10882	#309F30
10883	#2D6E2D
10884	#284C28
10885	#1F451F
10886	#1C4C1C
10887	#243C24
10888	#528652
10889	#58D158
10890	#5C994E
10891	#722D3A
10892	#9B6980
10893	#B47576
10894	#D27F72
10895	#C962CD
10896	#A068C8
10897	#7054C3
10898	#349A8A
10899	#256D1E
10900	#1B451B
10901	#101F10
10902	#0A0F0A
10903	#040A04
10904	#000600
10905	#000600
10906	#000600
10907	#000600
10908	#000600
10909	#000600
10910	#000600
10911	#000600
10912	#000600
10913	#000600
10914	#000600
10915	#000600
10916	#000600
10917	#000600
10918	#000600
10919	#000600
10920	#000600
10921	#000600
10922	#000600
10923	#000600
10924	#030903
10925	#090F09
10926	#0F150F
10927	#171E17
10928	#232723
10929	#2E382E
10930	#356135
10931	#3DA03D
10932	#49B64D
10933	#7E9347
10934	#947D3A
10935	#0E8ECC
10936	#177DB1
10937	#4571A6
10938	#A73DB1
10939	#38A98A
10940	#25791E
10941	#264E26
10942	#314F31
10943	#467F46
10944	#60C561
10945	#67BD67
10946	#684920
10947	#5C1312
10948	#5B0A13
10949	#682E17
10950	#642156
10951	#386BBB
10952	#1FB03A
10953	#1D5E1A
10954	#254225
10955	#263D26
10956	#2B362B
10957	#354D35
10958	#386938
10959	#347734
10960	#316F31
10961	#376837
10962	#3D9B3D
10963	#4BB94B
10964	#6BAF6C
10965	#9F583D
10966	#D26BB7
10967	#8B46B1
10968	#438F34
10969	#5BB24C
10970	#B4642E
10971	#A599E8
10972	#309FC7
10973	#4EA2B5
10974	#6B94AC
10975	#A455A6
10976	#AB4EAB
10977	#AF57AF
10978	#BB4ABB
10979	#BD28BD
10980	#BD1DBD
10981	#BD1DBD
10982	#BD24BD
10983	#BE26BE
10984	#BB25BB
10985	#BB2ABB
10986	#BC30BC
10987	#BD23BD
10988	#BC21BC
10989	#BD24BD
10990	#BB1CBB
10991	#B81BB8
10992	#B322B3
10993	#B12BB1
10994	#AF36AF
10995	#AE43AE
10996	#AD45AD
10997	#AB42AB
10998	#A848A8
10999	#AA55AA
11000	#AB5BAB
11001	#AB59AB
11002	#AE60AE
11003	#B157B1
11004	#AE47AE
11005	#AB51AB
11006	#A960AC
11007	#A261AA
11008	#9E60A6
11009	#7574A4
11010	#5F95A9
11011	#6A72A7
11012	#6386A5
11013	#4994A9
11014	#2993BF
11015	#918BD6
11016	#DA6FD5
11017	#8649E8
11018	#429D89
11019	#3CCA38
11020	#45B745
11021	#3AC13A
11022	#278827
11023	#285128
11024	#2A412A
11025	#244124
11026	#203820
11027	#1D4A1D
11028	#304330
11029	#62A665
11030	#6A713C
11031	#74400C
11032	#A974D0
11033	#A17083
11034	#BC7F34
11035	#CC66D3
11036	#8B6175
11037	#7141A8
11038	#38668A
11039	#24751D
11040	#1A411A
11041	#111D11
11042	#0A0F0A
11043	#030903
11044	#000600
11045	#000600
11046	#000600
11047	#000600
11048	#000600
11049	#000600
11050	#000600
11051	#000600
11052	#000600
11053	#000600
11054	#000600
11055	#000600
11056	#000600
11057	#000600
11058	#000600
11059	#000600
11060	#000600
11061	#010701
11062	#000600
11063	#000600
11064	#030903
11065	#090F09
11066	#0F150F
11067	#171D17
11068	#232723
11069	#2D362D
11070	#355D35
11071	#3E993E
11072	#44BC48
11073	#7DAA45
11074	#9C864C
11075	#158CC1
11076	#1C86AC
11077	#385C78
11078	#7D6D9E
11079	#249A3F
11080	#255922
11081	#1F4B1F
11082	#2F3E2F
11083	#599759
11084	#5FED62
11085	#67604D
11086	#7B4B0B
11087	#6C321E
11088	#6E3729
11089	#6F46A0
11090	#4C88DD
11091	#23A95B
11092	#23561E
11093	#283E28
11094	#2B432B
11095	#2B3E2B
11096	#384138
11097	#326A32
11098	#2D652D
11099	#325B32
11100	#366D36
11101	#3D703D
11102	#3F9B3F
11103	#4ECF51
11104	#656352
11105	#975714
11106	#B158BC
11107	#7565BE
11108	#3EDE36
11109	#61B84C
11110	#BE772D
11111	#9A96E5
11112	#259DCC
11113	#4BA1B7
11114	#5997B1
11115	#9260A6
11116	#AC54A9
11117	#AF5EAF
11118	#BA4BBA
11119	#BC27BC
11120	#BC20BC
11121	#BD21BD
11122	#BC23BC
11123	#BC22BC
11124	#BB1FBB
11125	#BB23BB
11126	#BC2EBC
11127	#BD25BD
11128	#BC23BC
11129	#BD28BD
11130	#BD22BD
11131	#B91BB9
11132	#B522B5
11133	#B22FB2
11134	#AF36AF
11135	#B03EB0
11136	#AF46AF
11137	#B042B0
11138	#AC44AC
11139	#AD4FAD
11140	#AD4FAD
11141	#AC4CAC
11142	#B053B0
11143	#B24AB2
11144	#AF3BAF
11145	#AC40AC
11146	#AC4BAB
11147	#AE4AAD
11148	#AB40A7
11149	#95499F
11150	#6965A3
11151	#9B5FA5
11152	#9655A0
11153	#76639A
11154	#498B9E
11155	#1E8CB4
11156	#8884D1
11157	#C46BF4
11158	#6F6E90
11159	#47811A
11160	#37D139
11161	#29BB29
11162	#1E6F1E
11163	#223C22
11164	#233023
11165	#243124
11166	#214221
11167	#1E4C1E
11168	#1C301C
11169	#477D49
11170	#736963
11171	#814A14
11172	#AC70C9
11173	#956F8E
11174	#AD7A43
11175	#C968C0
11176	#764811
11177	#7137BE
11178	#3B7187
11179	#227A1C
11180	#193E19
11181	#111911
11182	#0A0E0A
11183	#030903
11184	#000600
11185	#000600
11186	#000600
11187	#000600
11188	#000600
11189	#000600
11190	#000600
11191	#000600
11192	#000600
11193	#000600
11194	#000600
11195	#000600
11196	#000600
11197	#000600
11198	#000600
11199	#000600
11200	#010701
11201	#161C16
11202	#000600
11203	#000600
11204	#030903
11205	#080E08
11206	#0F150F
11207	#161D16
11208	#232723
11209	#2C362C
11210	#345C34
11211	#3B943B
11212	#41B046
11213	#86BA46
11214	#C188CD
11215	#388BC4
11216	#318999
11217	#B44973
11218	#617C5A
11219	#207723
11220	#243924
11221	#293B29
11222	#3F6E3F
11223	#52AC52
11224	#5DC261
11225	#67412E
11226	#8C6220
11227	#8F5CCA
11228	#7045EE
11229	#4571A4
11230	#32AB35
11231	#30572C
11232	#395039
11233	#385C38
11234	#335A33
11235	#335033
11236	#394539
11237	#356A35
11238	#2F5B2F
11239	#394D39
11240	#3F6F3F
11241	#4A934A
11242	#46A546
11243	#53D356
11244	#613048
11245	#8E5B4D
11246	#904EDA
11247	#60414C
11248	#45D046
11249	#67C344
11250	#BA78A1
11251	#B387F3
11252	#1E8ECA
11253	#2F96BB
11254	#4EA3B4
11255	#8279A7
11256	#AA55A8
11257	#B064B0
11258	#BB51BB
11259	#BD2CBD
11260	#BE26BE
11261	#BE1EBE
11262	#BC20BC
11263	#BE22BE
11264	#BB1CBB
11265	#BA1EBA
11266	#BB28BB
11267	#BD22BD
11268	#BB1FBB
11269	#BD28BD
11270	#BE21BE
11271	#BA19BA
11272	#B521B5
11273	#B333B3
11274	#B43BB4
11275	#B338B3
11276	#B141B1
11277	#B33DB3
11278	#AE3CAE
11279	#AE43AE
11280	#AD43AD
11281	#AC45AC
11282	#AF4CAF
11283	#B347B3
11284	#B03EB0
11285	#AD3CAD
11286	#AC3BAC
11287	#AB3AAB
11288	#A533A5
11289	#A03F9E
11290	#7E5DA0
11291	#8C60A3
11292	#A35AA4
11293	#A2529D
11294	#5E689A
11295	#3592AC
11296	#168BBB
11297	#847DC7
11298	#C85DCC
11299	#72725F
11300	#44D144
11301	#31AE31
11302	#1E781E
11303	#1F421F
11304	#232523
11305	#252C25
11306	#253E25
11307	#1D3A1D
11308	#1B3F1B
11309	#2F5130
11310	#678B65
11311	#8C4A64
11312	#BB70D1
11313	#873B97
11314	#944073
11315	#C36ACB
11316	#6B321C
11317	#7439C4
11318	#3D7685
11319	#217D1B
11320	#193C19
11321	#111E11
11322	#090F09
11323	#030903
11324	#000600
11325	#000600
11326	#000600
11327	#000600
11328	#000600
11329	#000600
11330	#000600
11331	#000600
11332	#000600
11333	#000600
11334	#000600
11335	#000600
11336	#000600
11337	#000600
11338	#000600
11339	#000600
11340	#161C16
11341	#070D07
11342	#000600
11343	#000600
11344	#010701
11345	#070D07
11346	#0D130D
11347	#161C16
11348	#212521
11349	#2B352B
11350	#325B32
11351	#398E39
11352	#42A549
11353	#88B645
11354	#F484D3
11355	#7B8FD4
11356	#27828C
11357	#A84681
11358	#516862
11359	#205D1D
11360	#242C25
11361	#3D4F3D
11362	#489348
11363	#45A845
11364	#57DA5A
11365	#677930
11366	#874674
11367	#696BFD
11368	#39B295
11369	#31A32E
11370	#397C36
11371	#3C683C
11372	#447F44
11373	#388838
11374	#2E792E
11375	#2C5D2C
11376	#294C29
11377	#2B5E2B
11378	#2B512B
11379	#3B5C3B
11380	#4A984A
11381	#56D959
11382	#53D854
11383	#58DA5C
11384	#6A4041
11385	#9062A2
11386	#7A4DDC
11387	#5951AE
11388	#47D436
11389	#6BD145
11390	#B26EA0
11391	#E674DD
11392	#B47CC8
11393	#1D8CC7
11394	#389DBB
11395	#667CA8
11396	#A24EA4
11397	#AD63AD
11398	#B958B9
11399	#BE32BE
11400	#BE28BE
11401	#BE1FBE
11402	#BC1FBC
11403	#BD23BD
11404	#BD20BD
11405	#BC1CBC
11406	#BC29BC
11407	#BD26BD
11408	#BB22BB
11409	#BC24BC
11410	#BC1DBC
11411	#B91CB9
11412	#B522B5
11413	#B430B4
11414	#B638B6
11415	#B332B3
11416	#B23AB2
11417	#B235B2
11418	#AE32AE
11419	#AC3AAC
11420	#AC42AC
11421	#AC44AC
11422	#AE43AE
11423	#B040B0
11424	#B043B0
11425	#B147B1
11426	#B043B0
11427	#AB3DAB
11428	#A73DA6
11429	#974DA1
11430	#667CA4
11431	#616EA6
11432	#7469A8
11433	#8E5CA2
11434	#656C9F
11435	#429CB2
11436	#2F90B0
11437	#2D84B5
11438	#DD6EB9
11439	#9A55D0
11440	#4CB76C
11441	#48AC42
11442	#338F33
11443	#1E631E
11444	#214121
11445	#213921
11446	#212D21
11447	#1E301E
11448	#1B321B
11449	#2B462B
11450	#48894D
11451	#798752
11452	#AB4EB4
11453	#7E82A5
11454	#8C5B8F
11455	#C46CC3
11456	#6F3C10
11457	#7840C5
11458	#3C7985
11459	#20801A
11460	#1A391A
11461	#111911
11462	#090E09
11463	#030903
11464	#000600
11465	#000600
11466	#000600
11467	#000600
11468	#000600
11469	#000600
11470	#000600
11471	#000600
11472	#000600
11473	#000600
11474	#000600
11475	#000600
11476	#000600
11477	#000600
11478	#000600
11479	#000600
11480	#070D07
11481	#000500
11482	#000600
11483	#000600
11484	#010701
11485	#070D07
11486	#0C120C
11487	#161C16
11488	#1E231E
11489	#2A312A
11490	#315231
11491	#378E37
11492	#4AAB4F
11493	#89B84C
11494	#C082D5
11495	#4492D4
11496	#177586
11497	#8A49A4
11498	#415F79
11499	#1F541A
11500	#373D37
11501	#447844
11502	#409C40
11503	#42AC42
11504	#54D956
11505	#5F6F4D
11506	#528CC9
11507	#36B084
11508	#369E34
11509	#3B8E3A
11510	#3E913F
11511	#387E38
11512	#308730
11513	#267C26
11514	#225D22
11515	#224722
11516	#234123
11517	#265726
11518	#2D4D2D
11519	#4A744A
11520	#57C958
11521	#568331
11522	#53DD49
11523	#56EA5C
11524	#672F4D
11525	#784C4D
11526	#6A341B
11527	#5C1C56
11528	#517638
11529	#6ADF50
11530	#A16C55
11531	#BD6DDD
11532	#E278DF
11533	#BA87DB
11534	#389ECD
11535	#647FAE
11536	#A24DA3
11537	#A95FA9
11538	#B95CB9
11539	#BE34BE
11540	#C027C0
11541	#BE1EBE
11542	#BE21BE
11543	#BC23BC
11544	#BE20BE
11545	#BD1DBD
11546	#BC26BC
11547	#BD24BD
11548	#BC23BC
11549	#BB23BB
11550	#BA1DBA
11551	#B71FB7
11552	#B623B6
11553	#B52FB5
11554	#B736B7
11555	#B52DB5
11556	#B433B4
11557	#B331B3
11558	#AF30AF
11559	#AC3AAC
11560	#AD48AD
11561	#AD47AD
11562	#AF43AF
11563	#B041B0
11564	#B143B1
11565	#B144B1
11566	#B03BB0
11567	#AB37AB
11568	#A537A4
11569	#98479E
11570	#825CA0
11571	#855CA1
11572	#7F60A1
11573	#6A5FA2
11574	#62649D
11575	#518EA5
11576	#3B97B3
11577	#1089B8
11578	#7E78B0
11579	#CB50B8
11580	#56659C
11581	#479C4A
11582	#48A747
11583	#358A35
11584	#266026
11585	#1C561C
11586	#1C2B1C
11587	#1F271F
11588	#1F241F
11589	#2F4F2F
11590	#398D39
11591	#638E63
11592	#955991
11593	#6A939E
11594	#83E349
11595	#C4718A
11596	#805F58
11597	#8251B5
11598	#3D7A85
11599	#20801A
11600	#1B351B
11601	#111811
11602	#090D09
11603	#020802
11604	#000600
11605	#000600
11606	#000600
11607	#000600
11608	#000600
11609	#000600
11610	#000600
11611	#000600
11612	#000600
11613	#000600
11614	#000600
11615	#000600
11616	#000600
11617	#000600
11618	#000600
11619	#000600
11620	#000500
11621	#000600
11622	#000600
11623	#000600
11624	#010701
11625	#070D07
11626	#0C120C
11627	#141A14
11628	#1B221B
11629	#282B28
11630	#324932
11631	#369336
11632	#53B658
11633	#827A4B
11634	#8D7951
11635	#0E90C4
11636	#56698A
11637	#A64DC0
11638	#306E69
11639	#2C6927
11640	#445C44
11641	#408C40
11642	#3F9F3F
11643	#4CA04D
11644	#4BDA3C
11645	#34B834
11646	#2DA93B
11647	#336D2A
11648	#467B46
11649	#42A542
11650	#34A034
11651	#2B752B
11652	#286B28
11653	#245324
11654	#253825
11655	#283228
11656	#313931
11657	#355D35
11658	#477747
11659	#67B367
11660	#6E733F
11661	#743D43
11662	#58B250
11663	#5C965A
11664	#6C144F
11665	#79431B
11666	#875412
11667	#885C39
11668	#6E3658
11669	#774A4A
11670	#A37A2C
11671	#B3779C
11672	#E082FA
11673	#9A91EC
11674	#2EA4D4
11675	#6B81AF
11676	#A34DA3
11677	#A65CA6
11678	#B55CB5
11679	#BC3ABC
11680	#BE25BE
11681	#BE1EBE
11682	#BC24BC
11683	#BE27BE
11684	#BE20BE
11685	#BD1EBD
11686	#BD22BD
11687	#BB1EBB
11688	#BA22BA
11689	#BA27BA
11690	#BB23BB
11691	#B921B9
11692	#B626B6
11693	#B631B6
11694	#B735B7
11695	#B52CB5
11696	#B52FB5
11697	#B22FB2
11698	#B032B0
11699	#AF3DAF
11700	#B149B1
11701	#AE45AE
11702	#AC3DAC
11703	#A93AA9
11704	#A83EA8
11705	#A941A9
11706	#A837A8
11707	#A731A7
11708	#A034A0
11709	#9B3F9B
11710	#9B4698
11711	#8A5093
11712	#6D5995
11713	#586897
11714	#5A6898
11715	#507F95
11716	#3691AB
11717	#198BC2
11718	#9E80C6
11719	#D360BB
11720	#7141D8
11721	#45A153
11722	#4CB44A
11723	#40A140
11724	#398139
11725	#2B752B
11726	#194819
11727	#1A281A
11728	#242224
11729	#335333
11730	#388438
11731	#4A8A4C
11732	#71803E
11733	#54A341
11734	#79B84F
11735	#BF7BAC
11736	#995DE9
11737	#9051E3
11738	#3F7E7E
11739	#1E8418
11740	#1A321A
11741	#101810
11742	#070E07
11743	#010701
11744	#000600
11745	#000600
11746	#000600
11747	#000600
11748	#000600
11749	#000600
11750	#000600
11751	#000600
11752	#000600
11753	#000600
11754	#000600
11755	#000600
11756	#000600
11757	#000600
11758	#000600
11759	#000600
11760	#000600
11761	#000600
11762	#000600
11763	#000600
11764	#010701
11765	#060C06
11766	#0B110B
11767	#121812
11768	#1B211B
11769	#252825
11770	#2F422F
11771	#358F35
11772	#5BB65E
11773	#75084E
11774	#82753B
11775	#2489B3
11776	#AE5B96
11777	#7D68B7
11778	#36D12B
11779	#3B953D
11780	#3D773D
11781	#417E41
11782	#4FB550
11783	#51BD3B
11784	#2BC45F
11785	#1D7A1D
11786	#293B26
11787	#3B573B
11788	#3E8C3E
11789	#35A535
11790	#288C28
11791	#235F23
11792	#243C24
11793	#283228
11794	#324132
11795	#3F563F
11796	#4C6D4C
11797	#518350
11798	#63BA67
11799	#757059
11800	#925B7A
11801	#8D61FD
11802	#612382
11803	#653A45
11804	#805422
11805	#A67F2A
11806	#B97A93
11807	#C072E3
11808	#8D607F
11809	#815600
11810	#B474A0
11811	#C97CFF
11812	#DA87ED
11813	#3C96DF
11814	#3BA4C5
11815	#707DAB
11816	#A44EA5
11817	#A758A7
11818	#B05CB0
11819	#BA43BA
11820	#BC28BC
11821	#BD23BD
11822	#BD29BD
11823	#C02AC0
11824	#BF21BF
11825	#BD1EBD
11826	#BC1FBC
11827	#BA1EBA
11828	#B724B7
11829	#B92CB9
11830	#BD29BD
11831	#B921B9
11832	#B72AB7
11833	#B832B8
11834	#BA31BA
11835	#B92DB9
11836	#B72FB7
11837	#B528B5
11838	#AF2AAF
11839	#AB34AB
11840	#AA3DAA
11841	#A73BA7
11842	#A534A5
11843	#A137A1
11844	#A349A3
11845	#A95AA9
11846	#AC51AC
11847	#AC46AC
11848	#A546A5
11849	#A14E9F
11850	#7F5498
11851	#49859D
11852	#49899F
11853	#47919C
11854	#46919D
11855	#438C9A
11856	#29849F
11857	#2A82BE
11858	#F584DD
11859	#D574DC
11860	#8C59CE
11861	#4BBA54
11862	#4FC74E
11863	#46C346
11864	#43A243
11865	#3C8B3C
11866	#257A25
11867	#1A3B1A
11868	#282628
11869	#344D34
11870	#397D39
11871	#398939
11872	#52C454
11873	#4DD750
11874	#6F4436
11875	#BE8656
11876	#B561CE
11877	#9F50E1
11878	#3F807D
11879	#1D8617
11880	#193019
11881	#101510
11882	#070D07
11883	#010701
11884	#000600
11885	#000600
11886	#000600
11887	#000600
11888	#000600
11889	#000600
11890	#000600
11891	#000600
11892	#000600
11893	#000600
11894	#000600
11895	#000600
11896	#000600
11897	#000600
11898	#000600
11899	#000600
11900	#000600
11901	#000600
11902	#000600
11903	#000600
11904	#010701
11905	#040A04
11906	#0B110B
11907	#111711
11908	#1A201A
11909	#242824
11910	#2B3E2B
11911	#337F33
11912	#5F865C
11913	#703E5C
11914	#6C8354
11915	#117AAC
11916	#B850B7
11917	#57B576
11918	#54E453
11919	#45D346
11920	#3C993E
11921	#4D984C
11922	#54EB4F
11923	#30E745
11924	#1D8728
11925	#213721
11926	#273027
11927	#3B593B
11928	#358035
11929	#298729
11930	#235D23
11931	#244024
11932	#272E27
11933	#3D483D
11934	#4F7B4F
11935	#54AB54
11936	#4FBF4F
11937	#54D455
11938	#698A59
11939	#904252
11940	#AC62EB
11941	#875C95
11942	#5E1718
11943	#6C193D
11944	#AA7B58
11945	#DB7FE0
11946	#CE74EB
11947	#C772F1
11948	#8F647F
11949	#885F07
11950	#C07B9C
11951	#E183FE
11952	#9D90E9
11953	#1A9AD4
11954	#4BA3BA
11955	#6C7CA9
11956	#A44EA6
11957	#A651A5
11958	#AF5BAF
11959	#B746B7
11960	#B925B9
11961	#BA21BA
11962	#BB23BB
11963	#BB1CBB
11964	#BA1ABA
11965	#BA20BA
11966	#B81DB8
11967	#B61DB6
11968	#B628B6
11969	#B932B9
11970	#BF2CBF
11971	#BB1DBB
11972	#B922B9
11973	#BA30BA
11974	#BD2EBD
11975	#BA25BA
11976	#B82BB8
11977	#B318B3
11978	#A517A5
11979	#A233A2
11980	#A449A3
11981	#A752A5
11982	#A74DA7
11983	#A44CA4
11984	#A65AA6
11985	#AC62AC
11986	#AF53AF
11987	#AD48AD
11988	#A740A7
11989	#A0409C
11990	#6E5997
11991	#4094AC
11992	#4398AF
11993	#3F93AB
11994	#3D8EA4
11995	#37889E
11996	#1783AC
11997	#6178B3
11998	#F474BC
11999	#DB6FCE
12000	#9766DC
12001	#55D45D
12002	#4FD74E
12003	#4BD04B
12004	#4DC94D
12005	#3CBE3C
12006	#337C33
12007	#283E28
12008	#2C3C2C
12009	#335933
12010	#377B37
12011	#32A032
12012	#347034
12013	#4DAC50
12014	#6C4B25
12015	#C08719
12016	#CF6BBC
12017	#AE50D1
12018	#43807B
12019	#1D8617
12020	#163416
12021	#0E150E
12022	#070C07
12023	#010701
12024	#000600
12025	#000600
12026	#000600
12027	#000600
12028	#000600
12029	#000600
12030	#000600
12031	#000600
12032	#000600
12033	#000600
12034	#000600
12035	#000600
12036	#000600
12037	#000600
12038	#000600
12039	#000600
12040	#000600
12041	#000600
12042	#000600
12043	#000600
12044	#000600
12045	#050B05
12046	#0A100A
12047	#111711
12048	#181E18
12049	#222922
12050	#2A3A2A
12051	#337134
12052	#622657
12053	#678D45
12054	#8D7E6D
12055	#BA6EB6
12056	#8D46C8
12057	#5BB27D
12058	#639D60
12059	#4DBE48
12060	#3FBD30
12061	#55D451
12062	#37E342
12063	#1E9C3B
12064	#1D4B19
12065	#212821
12066	#272E27
12067	#2D412D
12068	#2D5D2D
12069	#265826
12070	#283928
12071	#2F3F2F
12072	#415141
12073	#587D58
12074	#55B955
12075	#47DC47
12076	#48CF48
12077	#5AD05E
12078	#7C5735
12079	#A468A6
12080	#A05CF3
12081	#8055D2
12082	#5B925C
12083	#824B42
12084	#CF8B40
12085	#E972CE
12086	#BF6FDB
12087	#BC72F6
12088	#A06D80
12089	#A57A02
12090	#DB8697
12091	#EC8AF2
12092	#3E94DD
12093	#329CC3
12094	#55A2AD
12095	#6C7FAA
12096	#A650A8
12097	#A74DA6
12098	#AD58AD
12099	#B74AB7
12100	#B726B7
12101	#B61FB6
12102	#B723B7
12103	#B925B9
12104	#B824B8
12105	#B926B9
12106	#B924B9
12107	#B723B7
12108	#B631B6
12109	#BC36BC
12110	#C026C0
12111	#BE1ABE
12112	#B91CB9
12113	#BA29BA
12114	#BD28BD
12115	#B81BB8
12116	#B525B5
12117	#AE1AAE
12118	#A624A6
12119	#A446A4
12120	#A057A4
12121	#9063A8
12122	#AD59AC
12123	#A94DA9
12124	#A753A7
12125	#AC5BAC
12126	#AC45AC
12127	#AA43AA
12128	#A743A7
12129	#A1449E
12130	#725E9A
12131	#4895A7
12132	#499AB0
12133	#4397AF
12134	#4192A7
12135	#36859A
12136	#097DAB
12137	#C078BC
12138	#EA6EBF
12139	#D05FB7
12140	#9656B7
12141	#44D949
12142	#48AA48
12143	#4DB34D
12144	#49D049
12145	#39C639
12146	#2E862E
12147	#3A4E3A
12148	#446F44
12149	#388F38
12150	#398C39
12151	#2FA12F
12152	#225A22
12153	#458249
12154	#70A94C
12155	#C18432
12156	#DF76C7
12157	#C452C0
12158	#4B806F
12159	#1C8219
12160	#183118
12161	#0E160E
12162	#070D07
12163	#010701
12164	#000600
12165	#000600
12166	#000600
12167	#000600
12168	#000600
12169	#000600
12170	#000600
12171	#000600
12172	#000600
12173	#000600
12174	#000600
12175	#000600
12176	#000600
12177	#000600
12178	#000600
12179	#000600
12180	#000600
12181	#000600
12182	#000600
12183	#000600
12184	#000600
12185	#040A04
12186	#090F09
12187	#111711
12188	#181E18
12189	#1F2A1F
12190	#263726
12191	#355D36
12192	#663059
12193	#688941
12194	#986A75
12195	#E168CD
12196	#703397
12197	#612433
12198	#604154
12199	#5D3521
12200	#6A604B
12201	#5B86A7
12202	#1CA953
12203	#1C4813
12204	#1E2B1F
12205	#1E271E
12206	#222E22
12207	#252F25
12208	#254425
12209	#243D24
12210	#353A35
12211	#467246
12212	#488F48
12213	#48A248
12214	#50CC50
12215	#50E950
12216	#53ED55
12217	#638660
12218	#803F1A
12219	#9467B0
12220	#856381
12221	#764F52
12222	#645C53
12223	#94534C
12224	#DD897A
12225	#DD6BCC
12226	#996859
12227	#AD7479
12228	#A57183
12229	#A77B00
12230	#E98893
12231	#9B8FF3
12232	#0796DD
12233	#389CC5
12234	#55A2AE
12235	#6D7DA8
12236	#A856AA
12237	#AB55AB
12238	#AE5AAE
12239	#B84EB8
12240	#BA2EBA
12241	#B622B6
12242	#B523B5
12243	#B62CB6
12244	#B72CB7
12245	#B729B7
12246	#B82BB8
12247	#B629B6
12248	#B633B6
12249	#BD37BD
12250	#C124C1
12251	#BD18BD
12252	#BB18BB
12253	#B821B8
12254	#BA24BA
12255	#B51AB5
12256	#B225B2
12257	#AF22AF
12258	#A62FA6
12259	#A54CA5
12260	#A45EA7
12261	#9A62AA
12262	#AE52AD
12263	#A945A9
12264	#A64CA6
12265	#A853A8
12266	#AB44AB
12267	#A842A8
12268	#A641A6
12269	#A2479F
12270	#755C9C
12271	#50829C
12272	#4B97A4
12273	#4296AF
12274	#3E93AD
12275	#378AA2
12276	#097FAF
12277	#AF7BCB
12278	#DB73D8
12279	#BD61CB
12280	#8A45C6
12281	#3B9F9F
12282	#36902F
12283	#4C7D4C
12284	#4EA44E
12285	#42B942
12286	#359535
12287	#467046
12288	#589B58
12289	#45C444
12290	#36C03A
12291	#2BA22B
12292	#1A621A
12293	#36583A
12294	#72A950
12295	#C481A7
12296	#DC79E7
12297	#D156B8
12298	#568263
12299	#1A8118
12300	#172E17
12301	#0F160F
12302	#070D07
12303	#000600
12304	#000600
12305	#000600
12306	#000600
12307	#000600
12308	#000600
12309	#000600
12310	#000600
12311	#000600
12312	#000600
12313	#000600
12314	#000600
12315	#000600
12316	#000600
12317	#000600
12318	#000600
12319	#000600
12320	#000600
12321	#000600
12322	#000600
12323	#000600
12324	#000600
12325	#030903
12326	#080E08
12327	#101610
12328	#181D18
12329	#1E2A1E
12330	#263626
12331	#354D37
12332	#692E5A
12333	#6A8D3F
12334	#936881
12335	#BD5CB6
12336	#6E3C38
12337	#671B23
12338	#5E073A
12339	#732931
12340	#A256A1
12341	#4765C4
12342	#15703A
12343	#201D1C
12344	#222622
12345	#1D251D
12346	#1E2B1E
12347	#1C231C
12348	#263426
12349	#334E33
12350	#466C46
12351	#458945
12352	#43AB43
12353	#47BC47
12354	#4DC64D
12355	#58E659
12356	#608D5F
12357	#6B2431
12358	#82512D
12359	#86685E
12360	#714C4B
12361	#611F52
12362	#567D5F
12363	#7C5C59
12364	#A658C9
12365	#8867D2
12366	#5E582F
12367	#9668BA
12368	#9C679F
12369	#9A7546
12370	#DF8862
12371	#9A93E6
12372	#0C9CE1
12373	#35A2D3
12374	#4FA8BE
12375	#7C7DA9
12376	#AA57AB
12377	#AF57AF
12378	#B35BB3
12379	#BA4DBA
12380	#BE34BE
12381	#B824B8
12382	#B422B4
12383	#B42DB4
12384	#B832B8
12385	#B92DB9
12386	#BB2FBB
12387	#BB2EBB
12388	#BC32BC
12389	#C033C0
12390	#C225C2
12391	#C01BC0
12392	#BD16BD
12393	#BA1EBA
12394	#BA25BA
12395	#B620B6
12396	#B22CB2
12397	#AF28AF
12398	#A62FA6
12399	#A44CA4
12400	#A75BA7
12401	#AB59A9
12402	#AA4AAA
12403	#A844A8
12404	#A74FA7
12405	#A853A8
12406	#A948A9
12407	#A949A9
12408	#A541A5
12409	#A1439D
12410	#74649C
12411	#547E9F
12412	#4D96A1
12413	#3E94AF
12414	#3D97B6
12415	#4195AA
12416	#1A87AE
12417	#B77DC8
12418	#DC77E1
12419	#B26BE7
12420	#894BE3
12421	#4B75E1
12422	#27A054
12423	#32522C
12424	#496C49
12425	#4D984D
12426	#429E42
12427	#4BA44B
12428	#53B354
12429	#56E048
12430	#3BEE6B
12431	#23AD2E
12432	#187218
12433	#27402B
12434	#6A8549
12435	#C384B0
12436	#D27AF4
12437	#D75AB4
12438	#5985B7
12439	#1A843B
12440	#172E13
12441	#0E150E
12442	#060C06
12443	#010701
12444	#000600
12445	#000600
12446	#000600
12447	#000600
12448	#000600
12449	#000600
12450	#000600
12451	#000600
12452	#000600
12453	#000600
12454	#000600
12455	#000600
12456	#000600
12457	#000600
12458	#000600
12459	#000600
12460	#000600
12461	#040A04
12462	#000600
12463	#000600
12464	#000600
12465	#020802
12466	#060C06
12467	#0D130D
12468	#161B16
12469	#1D291D
12470	#253325
12471	#344B36
12472	#683057
12473	#6C8E3F
12474	#8E649E
12475	#B459CA
12476	#7B456E
12477	#5C1818
12478	#5E0C2D
12479	#895162
12480	#944BD5
12481	#299680
12482	#195111
12483	#211E21
12484	#1F251F
12485	#1E241E
12486	#1A201A
12487	#202420
12488	#3E413E
12489	#4C744C
12490	#429942
12491	#478B47
12492	#55AB55
12493	#56CF58
12494	#5CDC5F
12495	#637B65
12496	#691235
12497	#784C1D
12498	#7859BF
12499	#664CF7
12500	#532EAD
12501	#512EB5
12502	#44A948
12503	#4CD157
12504	#555CDB
12505	#40D6A6
12506	#4ED750
12507	#7F7F72
12508	#8F4DDA
12509	#8A5CFF
12510	#B36FF7
12511	#C47BDD
12512	#3784BF
12513	#1791C5
12514	#43A7C8
12515	#807EAD
12516	#AB54AA
12517	#AC4CAB
12518	#B24FB2
12519	#B844B8
12520	#BD2FBD
12521	#BB26BB
12522	#BB29BB
12523	#BB33BB
12524	#BD36BD
12525	#BE2DBE
12526	#BE2BBE
12527	#BD29BD
12528	#BF29BF
12529	#C125C1
12530	#C11FC1
12531	#C11DC1
12532	#C016C0
12533	#BA1BBA
12534	#B924B9
12535	#B623B6
12536	#B431B4
12537	#AF2BAF
12538	#A836A8
12539	#A64FA6
12540	#A859A8
12541	#A853A8
12542	#A847A8
12543	#A547A5
12544	#A754A7
12545	#A855A8
12546	#A94BA9
12547	#A94DA9
12548	#A747A6
12549	#96469C
12550	#63859F
12551	#54A1A5
12552	#529AA3
12553	#4296AF
12554	#449BB5
12555	#54819D
12556	#2F8095
12557	#BB79B2
12558	#DD73D6
12559	#B66CE6
12560	#9754E7
12561	#5B88ED
12562	#24B255
12563	#205719
12564	#2A462A
12565	#3D603D
12566	#4E994E
12567	#50CD50
12568	#4FD34F
12569	#59E35A
12570	#4AF53C
12571	#21C11E
12572	#177718
12573	#1F3421
12574	#5F6F49
12575	#B8765A
12576	#C878E6
12577	#DB5CB6
12578	#5B8DC3
12579	#1A8B40
12580	#173113
12581	#0E140E
12582	#060B06
12583	#000600
12584	#000600
12585	#000600
12586	#000600
12587	#000600
12588	#000600
12589	#000600
12590	#000600
12591	#000600
12592	#000600
12593	#000600
12594	#000600
12595	#000600
12596	#000600
12597	#000600
12598	#000600
12599	#000600
12600	#040A04
12601	#0D130D
12602	#000600
12603	#000600
12604	#000600
12605	#010701
12606	#060C06
12607	#0D130D
12608	#151B15
12609	#1C271C
12610	#232D23
12611	#314633
12612	#652856
12613	#6B8B40
12614	#8C61A0
12615	#B964E6
12616	#824691
12617	#58A33A
12618	#766D34
12619	#9A5CBF
12620	#5D68D3
12621	#25AC36
12622	#194917
12623	#1A231A
12624	#171D17
12625	#161C16
12626	#202620
12627	#383C38
12628	#466746
12629	#449244
12630	#40A040
12631	#48A848
12632	#56CC58
12633	#61C855
12634	#602042
12635	#5C3645
12636	#622611
12637	#56561A
12638	#49A731
12639	#46D94B
12640	#52C84E
12641	#4AE937
12642	#3FBC3C
12643	#48B843
12644	#4AD553
12645	#3BCC3B
12646	#569658
12647	#7B5357
12648	#935F7D
12649	#8D5CE6
12650	#856649
12651	#B772B3
12652	#D07ADA
12653	#2F80C3
12654	#279CCB
12655	#668CAF
12656	#A85DA8
12657	#AC56AB
12658	#B157B1
12659	#BA4CBA
12660	#C034C0
12661	#BE27BE
12662	#C029C0
12663	#BE27BE
12664	#BE22BE
12665	#BE1EBE
12666	#BC21BC
12667	#BE28BE
12668	#C223C2
12669	#C21BC2
12670	#C119C1
12671	#C015C0
12672	#BD0EBD
12673	#B817B8
12674	#BA25BA
12675	#B51FB5
12676	#B128B1
12677	#AE2CAE
12678	#A834A8
12679	#A84BA8
12680	#AC5CAC
12681	#A950A9
12682	#A847A8
12683	#A64DA6
12684	#A756A7
12685	#A854A8
12686	#A950A9
12687	#A747A7
12688	#A440A2
12689	#8E4B9C
12690	#5986A2
12691	#5B8DA4
12692	#588CA3
12693	#4E9FAE
12694	#508EAA
12695	#5B5092
12696	#39608C
12697	#2F79AC
12698	#C971E1
12699	#B571F3
12700	#AA53D2
12701	#618FEA
12702	#25C756
12703	#195813
12704	#182F18
12705	#253B25
12706	#4E5F4E
12707	#5CC35C
12708	#54EC54
12709	#54F556
12710	#4FFD53
12711	#2DCC2E
12712	#186917
12713	#1B2A1C
12714	#51514C
12715	#A6633D
12716	#BC7AE9
12717	#DB65C1
12718	#626CBF
12719	#1C883C
12720	#173213
12721	#0D140D
12722	#060C06
12723	#000600
12724	#000600
12725	#000600
12726	#000600
12727	#000600
12728	#000600
12729	#000600
12730	#000600
12731	#000600
12732	#000600
12733	#000600
12734	#000600
12735	#000600
12736	#000600
12737	#000600
12738	#000600
12739	#000600
12740	#0D130D
12741	#010701
12742	#000600
12743	#000600
12744	#000600
12745	#000600
12746	#040A04
12747	#0A100A
12748	#121812
12749	#1B251B
12750	#212A21
12751	#304732
12752	#622755
12753	#647D3F
12754	#905C9F
12755	#D36AD3
12756	#8A48C0
12757	#5AC973
12758	#89A78F
12759	#8360CD
12760	#31C882
12761	#2D7B2B
12762	#1F571E
12763	#163616
12764	#161B16
12765	#222722
12766	#373E37
12767	#3B5E3B
12768	#397939
12769	#3D883D
12770	#449144
12771	#4CB64D
12772	#5AD753
12773	#5E5F38
12774	#506786
12775	#43DB26
12776	#44A435
12777	#3EBD3D
12778	#45CB48
12779	#4DD14C
12780	#4FD94F
12781	#45DE46
12782	#3AAF3A
12783	#43A343
12784	#3EBF3C
12785	#38B837
12786	#549255
12787	#8E6B64
12788	#B86FD5
12789	#8E4DB6
12790	#6C2D1F
12791	#A57519
12792	#E882C4
12793	#828AE2
12794	#1292C9
12795	#499BB3
12796	#8964A5
12797	#A75AA7
12798	#B35FB2
12799	#BC4EBC
12800	#BE2BBE
12801	#BD21BD
12802	#BD21BD
12803	#C025C0
12804	#BF21BF
12805	#BE19BE
12806	#BC21BC
12807	#C024C0
12808	#C11AC1
12809	#BF16BF
12810	#C11CC1
12811	#BF14BF
12812	#BD12BD
12813	#BB19BB
12814	#B820B8
12815	#B420B4
12816	#B02CB0
12817	#AE30AE
12818	#A836A8
12819	#A748A7
12820	#A954A9
12821	#A84FA8
12822	#A74AA7
12823	#A54BA5
12824	#A651A6
12825	#A54CA5
12826	#A753A7
12827	#A64CA6
12828	#A448A2
12829	#8E579F
12830	#5985A5
12831	#6867A2
12832	#6B5A9C
12833	#5284A5
12834	#509DAF
12835	#576E99
12836	#37638B
12837	#8677AC
12838	#CB73E5
12839	#B875F6
12840	#B464D9
12841	#6943F3
12842	#2B9A5B
12843	#1B6F15
12844	#162A16
12845	#223022
12846	#385A38
12847	#599559
12848	#5ADA5B
12849	#526B2B
12850	#48AC12
12851	#32B72F
12852	#217A22
12853	#173E17
12854	#49794E
12855	#8F8458
12856	#B46C73
12857	#DD6FCF
12858	#6F2FBB
12859	#1D7D38
12860	#173314
12861	#0E120E
12862	#050B05
12863	#000600
12864	#000600
12865	#000600
12866	#000600
12867	#000600
12868	#000600
12869	#000600
12870	#000600
12871	#000600
12872	#000600
12873	#000600
12874	#000600
12875	#000600
12876	#000600
12877	#000600
12878	#000600
12879	#000600
12880	#010701
12881	#000600
12882	#000600
12883	#000600
12884	#000600
12885	#000600
12886	#030903
12887	#090F09
12888	#111711
12889	#192119
12890	#212721
12891	#2F4531
12892	#5F1C54
12893	#607141
12894	#97589F
12895	#E26BC1
12896	#8945CF
12897	#5E5F62
12898	#722E9E
12899	#4F9BB9
12900	#2C9824
12901	#336F32
12902	#286328
12903	#183518
12904	#242324
12905	#363D36
12906	#395339
12907	#396E39
12908	#387E38
12909	#3E803E
12910	#529852
12911	#5DDE5E
12912	#4FF145
12913	#3DE65F
12914	#3DE491
12915	#3BC738
12916	#349636
12917	#419642
12918	#4CB24C
12919	#48C948
12920	#44D044
12921	#3DBE3D
12922	#39A139
12923	#358B35
12924	#369036
12925	#42A042
12926	#54B055
12927	#98974C
12928	#AD51D6
12929	#7053BF
12930	#6D3D6A
12931	#AA730D
12932	#ED87AE
12933	#838BE2
12934	#1191CA
12935	#399CC0
12936	#697AA6
12937	#7661A2
12938	#A05FAD
12939	#BB4BBA
12940	#BB25BB
12941	#BB21BB
12942	#BC23BC
12943	#BF27BF
12944	#C123C1
12945	#C01BC0
12946	#C021C0
12947	#C21DC2
12948	#BF16BF
12949	#BF17BF
12950	#C01CC0
12951	#BF19BF
12952	#BE17BE
12953	#BB1ABB
12954	#B71FB7
12955	#B425B4
12956	#B12EB1
12957	#AE2EAE
12958	#A832A8
12959	#A642A6
12960	#A850A8
12961	#A648A6
12962	#A64BA6
12963	#A74BA7
12964	#A648A6
12965	#A54BA5
12966	#A750A7
12967	#A64DA6
12968	#A54FA4
12969	#9B56A0
12970	#6C62A1
12971	#7E5DA0
12972	#9D4F9A
12973	#67759D
12974	#4E9EAA
12975	#529AA4
12976	#3B8994
12977	#357AAA
12978	#D875DA
12979	#BF74EE
12980	#B467DC
12981	#763BF3
12982	#37A561
12983	#1E8218
12984	#192E19
12985	#253025
12986	#275E27
12987	#3C6A3C
12988	#5CA95F
12989	#58C23F
12990	#3EBD4A
12991	#2F9839
12992	#2E762D
12993	#1C561C
12994	#418842
12995	#836580
12996	#BD689C
12997	#DD70CD
12998	#7C3BBE
12999	#1F9033
13000	#163613
13001	#0D120D
13002	#050A05
13003	#000600
13004	#000600
13005	#000600
13006	#000600
13007	#000600
13008	#000600
13009	#000600
13010	#000600
13011	#000600
13012	#000600
13013	#000600
13014	#000600
13015	#000600
13016	#000600
13017	#000600
13018	#000600
13019	#000600
13020	#000600
13021	#000600
13022	#000600
13023	#000600
13024	#000600
13025	#000600
13026	#020802
13027	#090F09
13028	#111711
13029	#191F19
13030	#202220
13031	#2E412F
13032	#5E4054
13033	#627A45
13034	#9E65A3
13035	#E66CC0
13036	#844ADB
13037	#734369
13038	#48867A
13039	#2DB55A
13040	#346430
13041	#2F692F
13042	#284D28
13043	#2E422E
13044	#365536
13045	#396739
13046	#356935
13047	#396339
13048	#407B40
13049	#4A9E4A
13050	#53BA53
13051	#4CDC4C
13052	#3CCE3D
13053	#41C03E
13054	#3CB035
13055	#318E31
13056	#3A633A
13057	#4C974C
13058	#44BF44
13059	#3EC13E
13060	#37AF37
13061	#369636
13062	#369136
13063	#2F792F
13064	#356A35
13065	#4B944B
13066	#5E815D
13067	#8A45B3
13068	#7B55D8
13069	#4A79AC
13070	#63895D
13071	#AE7819
13072	#DE8CA9
13073	#288DD0
13074	#1F90C3
13075	#3097C1
13076	#4E97A5
13077	#5795AA
13078	#8E73B1
13079	#BA4CB6
13080	#B82AB8
13081	#BA24BA
13082	#BB25BB
13083	#BE28BE
13084	#C021C0
13085	#C119C1
13086	#C01FC0
13087	#C11BC1
13088	#C118C1
13089	#C01AC0
13090	#C01DC0
13091	#C21DC2
13092	#BF17BF
13093	#BA18BA
13094	#B720B7
13095	#B628B6
13096	#B22DB2
13097	#AF2DAF
13098	#AA33AA
13099	#A842A8
13100	#AA52AA
13101	#A74BA7
13102	#A851A8
13103	#AA50AA
13104	#A749A7
13105	#A750A7
13106	#A84FA8
13107	#A648A6
13108	#A34DA3
13109	#9A57A3
13110	#9858A0
13111	#795C9E
13112	#9E539D
13113	#795D99
13114	#4E93A3
13115	#4F99A5
13116	#458F9D
13117	#2184A5
13118	#8875C0
13119	#D86FD8
13120	#B769DE
13121	#7F4DF0
13122	#3FBA52
13123	#208D1B
13124	#1E401E
13125	#272E27
13126	#295129
13127	#2B602B
13128	#406140
13129	#56A753
13130	#3DE051
13131	#2F8D34
13132	#336433
13133	#2A702A
13134	#3D893E
13135	#7DB472
13136	#C37D6E
13137	#D56ACF
13138	#8444CC
13139	#229D9E
13140	#163B10
13141	#0D110D
13142	#050A05
13143	#000600
13144	#000600
13145	#000600
13146	#000600
13147	#000600
13148	#000600
13149	#000600
13150	#000600
13151	#000600
13152	#000600
13153	#000600
13154	#000600
13155	#000600
13156	#000600
13157	#000600
13158	#000600
13159	#000600
13160	#000600
13161	#000600
13162	#000600
13163	#000600
13164	#000600
13165	#000600
13166	#010701
13167	#070D07
13168	#0E140E
13169	#171D17
13170	#202320
13171	#294329
13172	#5AB557
13173	#692F60
13174	#A96388
13175	#EB70C0
13176	#9256E0
13177	#7A48F1
13178	#31667E
13179	#28681D
13180	#334D34
13181	#2F512F
13182	#3C503C
13183	#4B744B
13184	#419D41
13185	#33A133
13186	#347734
13187	#3F663F
13188	#4F984F
13189	#4ECB4E
13190	#3ABC3A
13191	#37A437
13192	#389A38
13193	#3AA53A
13194	#319431
13195	#306530
13196	#405740
13197	#48A448
13198	#3CC43C
13199	#32AC32
13200	#309130
13201	#317431
13202	#317931
13203	#286F28
13204	#316831
13205	#4B964B
13206	#61815C
13207	#731EC0
13208	#4D9CAD
13209	#38D93D
13210	#59E557
13211	#AA8B20
13212	#758EA6
13213	#1A8DC4
13214	#248CB9
13215	#2C92BC
13216	#4796A8
13217	#4CA0AF
13218	#798EB4
13219	#B452B6
13220	#BB34BA
13221	#BA28BA
13222	#BC24BC
13223	#BD26BD
13224	#C022C0
13225	#C017C0
13226	#C01DC0
13227	#C11AC1
13228	#C117C1
13229	#C01DC0
13230	#C120C1
13231	#C219C2
13232	#BF13BF
13233	#B915B9
13234	#B722B7
13235	#B72CB7
13236	#B536B5
13237	#B436B4
13238	#B03CB0
13239	#AF4AAF
13240	#B052B0
13241	#AD55AD
13242	#B05CB0
13243	#B158B1
13244	#B051B0
13245	#AF50AF
13246	#AD52AD
13247	#AA43AA
13248	#A44CA5
13249	#9C62A8
13250	#A55EA7
13251	#7264A5
13252	#9A5DA5
13253	#845D9F
13254	#5693A5
13255	#529AA5
13256	#4E96A3
13257	#3C8999
13258	#3E769F
13259	#CA6BBD
13260	#B968DE
13261	#7C4AF0
13262	#47B570
13263	#2DA328
13264	#226022
13265	#242D24
13266	#2C3C2C
13267	#296129
13268	#264B26
13269	#3F603F
13270	#43A442
13271	#319230
13272	#346D34
13273	#368D36
13274	#3F9840
13275	#74B064
13276	#C3855B
13277	#C464D7
13278	#874CD9
13279	#25A6AF
13280	#154210
13281	#0E130E
13282	#050905
13283	#000600
13284	#000600
13285	#000600
13286	#000600
13287	#000600
13288	#000600
13289	#000600
13290	#000600
13291	#000600
13292	#000600
13293	#000600
13294	#000600
13295	#000600
13296	#000600
13297	#000600
13298	#000600
13299	#000600
13300	#000600
13301	#000600
13302	#000600
13303	#000600
13304	#000600
13305	#000600
13306	#010701
13307	#060C06
13308	#0E140E
13309	#181C18
13310	#1F281F
13311	#275427
13312	#54AB55
13313	#713B66
13314	#BA775A
13315	#FF76BC
13316	#D35DBC
13317	#6E4EB7
13318	#1B8D56
13319	#283323
13320	#2C492C
13321	#395639
13322	#4F8B4F
13323	#54AB54
13324	#53C053
13325	#3FBC3F
13326	#3C9E3C
13327	#49A246
13328	#46CC46
13329	#2DBB2D
13330	#287928
13331	#346734
13332	#368036
13333	#2E842E
13334	#2A6D2A
13335	#2F572F
13336	#395339
13337	#419341
13338	#39A139
13339	#389538
13340	#359135
13341	#2C692C
13342	#2F4D2F
13343	#2F522F
13344	#386638
13345	#569F58
13346	#59B441
13347	#4F733F
13348	#38DA71
13349	#3BBA35
13350	#64DF64
13351	#AD8A1A
13352	#348FA1
13353	#198DC6
13354	#278FBB
13355	#2F92BB
13356	#4097B3
13357	#4B9DAD
13358	#698CAD
13359	#B05DB8
13360	#BD38BB
13361	#BC2ABC
13362	#BD22BD
13363	#BC23BC
13364	#BF25BF
13365	#BF1CBF
13366	#C01EC0
13367	#C11BC1
13368	#C119C1
13369	#C11BC1
13370	#C11FC1
13371	#C217C2
13372	#BE0FBE
13373	#B917B9
13374	#B724B7
13375	#B82DB8
13376	#B836B8
13377	#B730B7
13378	#B231B2
13379	#B13BB1
13380	#B040B0
13381	#AE47AE
13382	#B14DB1
13383	#B44FB4
13384	#B647B6
13385	#B13AB1
13386	#AE3FAE
13387	#AE3FAE
13388	#A94AA9
13389	#AB56AA
13390	#AB57AB
13391	#A75CA9
13392	#A957A9
13393	#A555A5
13394	#7E61A3
13395	#5A90AB
13396	#53A9B5
13397	#676295
13398	#285987
13399	#CB6EB0
13400	#C166D4
13401	#8046E2
13402	#4AAC71
13403	#3DB538
13404	#258525
13405	#214021
13406	#2D352D
13407	#2A5F2A
13408	#1F6B1F
13409	#1D481D
13410	#3B543B
13411	#3E903E
13412	#338633
13413	#398B39
13414	#4B964C
13415	#6CC95D
13416	#C58A63
13417	#AC5FE5
13418	#7F51ED
13419	#2BB1AF
13420	#15520F
13421	#0E170E
13422	#050905
13423	#000600
13424	#000600
13425	#000600
13426	#000600
13427	#000600
13428	#000600
13429	#000600
13430	#000600
13431	#000600
13432	#000600
13433	#000600
13434	#000600
13435	#000600
13436	#000600
13437	#000600
13438	#000600
13439	#000600
13440	#000600
13441	#000600
13442	#000600
13443	#000600
13444	#000600
13445	#000600
13446	#000600
13447	#040A04
13448	#0D130D
13449	#161816
13450	#1E2C1E
13451	#266326
13452	#51A855
13453	#809F56
13454	#D776B3
13455	#847CBA
13456	#625791
13457	#604E9B
13458	#147414
13459	#222423
13460	#303F30
13461	#4A744A
13462	#51AD51
13463	#4DD74D
13464	#4CD64C
13465	#50CD50
13466	#4EBE54
13467	#3EDB45
13468	#24AB23
13469	#226C22
13470	#275227
13471	#2C4D2C
13472	#2F692F
13473	#296829
13474	#275827
13475	#2E542E
13476	#344734
13477	#3D803D
13478	#3AA03A
13479	#39A539
13480	#2D932D
13481	#256025
13482	#2B392B
13483	#385538
13484	#459545
13485	#4FC44F
13486	#4AEE45
13487	#43EA3F
13488	#3DC839
13489	#46D248
13490	#6B7C65
13491	#AD7353
13492	#B28AD1
13493	#1290D1
13494	#2A96C8
13495	#3B94B2
13496	#4397AC
13497	#4A9DAD
13498	#628DAE
13499	#AF62B8
13500	#BD37BB
13501	#BD2ABD
13502	#BC22BC
13503	#BC26BC
13504	#BD26BD
13505	#BF1CBF
13506	#C020C0
13507	#C31CC3
13508	#C115C1
13509	#BF16BF
13510	#C01EC0
13511	#C118C1
13512	#BD11BD
13513	#B916B9
13514	#B823B8
13515	#BA2DBA
13516	#B82AB8
13517	#B725B7
13518	#B127B1
13519	#AF32AF
13520	#B13CB1
13521	#B041B0
13522	#B13EB1
13523	#B442B4
13524	#B63CB6
13525	#B22FB2
13526	#AF3AAF
13527	#AC35AC
13528	#A940A9
13529	#AB50AB
13530	#A94AA9
13531	#A952A9
13532	#AA52AA
13533	#AA4FAA
13534	#A44FA4
13535	#7D69A5
13536	#617BAB
13537	#6F6EA2
13538	#3C8498
13539	#7071A1
13540	#DA60B8
13541	#8147E3
13542	#4AA16F
13543	#41C83C
13544	#309B30
13545	#266326
13546	#2A322A
13547	#2F482F
13548	#266B26
13549	#144E14
13550	#1F251F
13551	#445F44
13552	#348C34
13553	#3C923C
13554	#59B05D
13555	#6A843E
13556	#C67B59
13557	#A15CE9
13558	#7E54F3
13559	#31BEB3
13560	#14640F
13561	#0E190E
13562	#050805
13563	#000600
13564	#000600
13565	#000600
13566	#000600
13567	#000600
13568	#000600
13569	#000600
13570	#000600
13571	#000600
13572	#000600
13573	#000600
13574	#000600
13575	#000600
13576	#000600
13577	#000600
13578	#000600
13579	#000600
13580	#000600
13581	#000600
13582	#000600
13583	#000600
13584	#000600
13585	#000600
13586	#000600
13587	#030903
13588	#0B110B
13589	#161716
13590	#1F311F
13591	#257225
13592	#4C8652
13593	#8BA551
13594	#EB7EC9
13595	#6A82C3
13596	#7F4677
13597	#449D68
13598	#135717
13599	#1C1D1C
13600	#3C473C
13601	#4D904D
13602	#51C051
13603	#52E553
13604	#50F252
13605	#5D9C36
13606	#5A5074
13607	#2EC09D
13608	#21751D
13609	#2D3A2C
13610	#2B462B
13611	#2E482E
13612	#2E542E
13613	#295229
13614	#2D552D
13615	#2D502D
13616	#2E372E
13617	#3F713F
13618	#41AC41
13619	#36B436
13620	#258825
13621	#245E24
13622	#2C362C
13623	#436843
13624	#45AA45
13625	#42B042
13626	#50CF50
13627	#52DF55
13628	#51E555
13629	#56874D
13630	#69403D
13631	#B27E1F
13632	#8C93B3
13633	#1C98DC
13634	#359CC8
13635	#4F9EB1
13636	#5580A2
13637	#5297A7
13638	#608BAC
13639	#AB62B3
13640	#BD40BB
13641	#BD28BD
13642	#BC23BC
13643	#BD29BD
13644	#BE29BE
13645	#C022C0
13646	#C224C2
13647	#C21BC2
13648	#C114C1
13649	#BF17BF
13650	#BE1DBE
13651	#BF19BF
13652	#BE15BE
13653	#BB17BB
13654	#B820B8
13655	#B928B9
13656	#B82AB8
13657	#B622B6
13658	#B125B1
13659	#B034B0
13660	#B13BB1
13661	#B33AB3
13662	#B135B1
13663	#B13AB1
13664	#B53BB5
13665	#B32FB3
13666	#B13AB1
13667	#AE36AE
13668	#A93DA9
13669	#A94AA9
13670	#A745A7
13671	#A84EA8
13672	#AA50AA
13673	#A94CA9
13674	#A548A5
13675	#A44FA3
13676	#7C5B9F
13677	#636BA3
13678	#518CA0
13679	#3C84A3
13680	#B56ABF
13681	#9153E8
13682	#5B3647
13683	#449F28
13684	#39B53A
13685	#2E7F2E
13686	#2C472C
13687	#2F4B2F
13688	#275D27
13689	#184918
13690	#111D11
13691	#313431
13692	#409140
13693	#42A742
13694	#5FD664
13695	#737A3B
13696	#CB739E
13697	#9E58DD
13698	#7D54FA
13699	#33C2BB
13700	#146F0E
13701	#0E1A0E
13702	#050605
13703	#000600
13704	#000600
13705	#000600
13706	#000600
13707	#000600
13708	#000600
13709	#000600
13710	#000600
13711	#000600
13712	#000600
13713	#000600
13714	#000600
13715	#000600
13716	#000600
13717	#000600
13718	#000600
13719	#000600
13720	#000600
13721	#000600
13722	#000600
13723	#000600
13724	#000600
13725	#000600
13726	#000600
13727	#020802
13728	#0B110B
13729	#161716
13730	#1F321F
13731	#247624
13732	#49794E
13733	#8E9F4F
13734	#D57CBC
13735	#6183C2
13736	#C53A73
13737	#367A2E
13738	#143814
13739	#232323
13740	#3B4D3B
13741	#4D9D4D
13742	#51C751
13743	#58C659
13744	#64A050
13745	#603F55
13746	#3BCE7C
13747	#2FAD2E
13748	#2C5F2B
13749	#2D422D
13750	#2F4C2F
13751	#304B30
13752	#2E482E
13753	#305130
13754	#2D572D
13755	#2D4F2D
13756	#374437
13757	#477847
13758	#44AD44
13759	#339F33
13760	#2E692E
13761	#305F30
13762	#475F46
13763	#5DA95E
13764	#57B05A
13765	#5BD65C
13766	#67D16A
13767	#6A4F55
13768	#704F1B
13769	#733679
13770	#744D7B
13771	#A4791E
13772	#3496B2
13773	#2699D1
13774	#3FA0C3
13775	#5F97AE
13776	#745D9E
13777	#606D9E
13778	#6382A6
13779	#A964B1
13780	#BB44B9
13781	#BB27BB
13782	#BB25BB
13783	#BC28BC
13784	#BE28BE
13785	#C028C0
13786	#C023C0
13787	#C019C0
13788	#BF15BF
13789	#BC18BC
13790	#BD24BD
13791	#C022C0
13792	#C01AC0
13793	#BF1ABF
13794	#BB20BB
13795	#BB27BB
13796	#BB2DBB
13797	#BA23BA
13798	#B428B4
13799	#B33AB3
13800	#B43EB4
13801	#B436B4
13802	#B134B1
13803	#B23DB2
13804	#B43BB4
13805	#B331B3
13806	#B033B0
13807	#AC37AC
13808	#AA40AA
13809	#A94AA9
13810	#A94FA9
13811	#A84FA8
13812	#A751A8
13813	#A850A6
13814	#A84DA5
13815	#A447A2
13816	#90509B
13817	#656BA1
13818	#5D88A2
13819	#3088A4
13820	#747EC4
13821	#CB70EB
13822	#8453C4
13823	#4E793E
13824	#39C737
13825	#388E39
13826	#2E712E
13827	#2A662A
13828	#204D20
13829	#163016
13830	#152215
13831	#1B261B
13832	#407340
13833	#4EBB4F
13834	#5F9160
13835	#794B41
13836	#D081F0
13837	#9F55D5
13838	#7B53D7
13839	#36C7B7
13840	#157B11
13841	#0F1F0F
13842	#050605
13843	#000600
13844	#000600
13845	#000600
13846	#000600
13847	#000600
13848	#000600
13849	#000600
13850	#000600
13851	#000600
13852	#000600
13853	#000600
13854	#000600
13855	#000600
13856	#000600
13857	#000600
13858	#000600
13859	#000600
13860	#000600
13861	#0A100A
13862	#000600
13863	#000600
13864	#000600
13865	#000600
13866	#000600
13867	#020802
13868	#0A100A
13869	#151615
13870	#1E311E
13871	#237223
13872	#4A7D4E
13873	#8C8C55
13874	#9876C0
13875	#1A82B3
13876	#B3357A
13877	#2E5E3B
13878	#1D2B27
13879	#2E362D
13880	#365A36
13881	#4C934C
13882	#52C754
13883	#5E6C3C
13884	#6622A8
13885	#4587E8
13886	#31A43A
13887	#398936
13888	#2B6E2B
13889	#255725
13890	#2A502A
13891	#264B26
13892	#294829
13893	#2E532E
13894	#2A592A
13895	#2C552C
13896	#3B533B
13897	#4A8F4A
13898	#4BC64C
13899	#42A142
13900	#496C49
13901	#4F844F
13902	#5CAE5C
13903	#639962
13904	#5D2836
13905	#5B664D
13906	#765764
13907	#924E3E
13908	#A46D9C
13909	#9A63E7
13910	#8152F3
13911	#955734
13912	#3898AE
13913	#2A96C8
13914	#42A4C4
13915	#6C7DAA
13916	#A657A2
13917	#775B9E
13918	#676AA5
13919	#A766B0
13920	#B740B6
13921	#B929B9
13922	#B924B9
13923	#BA22BA
13924	#B71CB7
13925	#B923B9
13926	#BC20BC
13927	#BD1BBD
13928	#BD17BD
13929	#BC1CBC
13930	#BD2ABD
13931	#C329C3
13932	#C31DC3
13933	#C119C1
13934	#C021C0
13935	#C028C0
13936	#BE25BE
13937	#BA19BA
13938	#B521B5
13939	#B539B5
13940	#B53EB5
13941	#B33BB3
13942	#B238B2
13943	#B03EB0
13944	#B13DB1
13945	#AF33AF
13946	#AC31AC
13947	#A735A7
13948	#A640A6
13949	#A64CA6
13950	#A653A6
13951	#A753A8
13952	#A651A3
13953	#9261A5
13954	#8A5EA5
13955	#A345A1
13956	#9B4798
13957	#6A7FA1
13958	#519FAA
13959	#4B94A1
13960	#2082A1
13961	#8777C3
13962	#BA67E8
13963	#724AF1
13964	#37C492
13965	#389733
13966	#2C942C
13967	#227122
13968	#194019
13969	#142014
13970	#141C14
13971	#102510
13972	#2E362E
13973	#5DB65F
13974	#633534
13975	#794A14
13976	#C68295
13977	#A85AE9
13978	#7E5264
13979	#3BD28C
13980	#158D15
13981	#0E240E
13982	#050505
13983	#000600
13984	#000600
13985	#000600
13986	#000600
13987	#000600
13988	#000600
13989	#000600
13990	#000600
13991	#000600
13992	#000600
13993	#000600
13994	#000600
13995	#000600
13996	#000600
13997	#000600
13998	#000600
13999	#000600
14000	#0A100A
14001	#060C06
14002	#000600
14003	#000600
14004	#000600
14005	#000600
14006	#000600
14007	#020802
14008	#090F09
14009	#131513
14010	#1E301E
14011	#237023
14012	#4F9351
14013	#837F5D
14014	#9471D1
14015	#237D9E
14016	#9C348F
14017	#274758
14018	#2C2E65
14019	#365131
14020	#377537
14021	#488448
14022	#54B454
14023	#5A7D61
14024	#428F8B
14025	#2EA637
14026	#3B943B
14027	#328B31
14028	#296829
14029	#2A532A
14030	#244B24
14031	#253725
14032	#2F502F
14033	#294A29
14034	#294929
14035	#2E5F2E
14036	#476447
14037	#5AB95B
14038	#58C54F
14039	#4DCE4B
14040	#4EB64E
14041	#57D757
14042	#59E65C
14043	#5D5240
14044	#611210
14045	#5B071F
14046	#7F4323
14047	#B779AF
14048	#B765EE
14049	#9B5FF5
14050	#865ABC
14051	#955923
14052	#6E90AB
14053	#2291C3
14054	#42A1BE
14055	#697CA8
14056	#985BA5
14057	#A358A3
14058	#9363A6
14059	#AA65B1
14060	#B949B8
14061	#B620B6
14062	#B31BB3
14063	#B526B5
14064	#B62BB6
14065	#B62DB6
14066	#BB28BB
14067	#BB20BB
14068	#BD1CBD
14069	#BC20BC
14070	#BF2ABF
14071	#C526C5
14072	#C414C4
14073	#C10DC1
14074	#C016C0
14075	#BF20BF
14076	#BE1CBE
14077	#BB10BB
14078	#B210B2
14079	#AD22AD
14080	#AA2DAA
14081	#A930A9
14082	#A832A8
14083	#A837A8
14084	#A83AA8
14085	#A836A8
14086	#A63BA6
14087	#A238A2
14088	#9F3D9F
14089	#9D489D
14090	#9B479A
14091	#9E449B
14092	#9C4399
14093	#6A7BA5
14094	#6D94B1
14095	#A746A1
14096	#994095
14097	#5F869E
14098	#439AAE
14099	#4196B1
14100	#2C8EAC
14101	#44769D
14102	#C066CD
14103	#84597B
14104	#46962C
14105	#35B437
14106	#2D8E2D
14107	#216C21
14108	#163A16
14109	#161816
14110	#151E15
14111	#122C12
14112	#1C221C
14113	#5CAF5E
14114	#6A4B34
14115	#7C6000
14116	#B18141
14117	#B15DC5
14118	#895091
14119	#40DF1E
14120	#169B17
14121	#0F290F
14122	#050605
14123	#000600
14124	#000600
14125	#000600
14126	#000600
14127	#000600
14128	#000600
14129	#000600
14130	#000600
14131	#000600
14132	#000600
14133	#000600
14134	#000600
14135	#000600
14136	#000600
14137	#000600
14138	#000600
14139	#000600
14140	#060C06
14141	#000600
14142	#000600
14143	#000600
14144	#000600
14145	#000600
14146	#000600
14147	#020802
14148	#090F09
14149	#131713
14150	#1E2C1E
14151	#266326
14152	#55B156
14153	#7E806F
14154	#866E71
14155	#30759D
14156	#8744B4
14157	#2D6957
14158	#33542A
14159	#355A35
14160	#3F6A3F
14161	#469C46
14162	#50CD4D
14163	#3DE15B
14164	#2BA830
14165	#356532
14166	#3D893D
14167	#2B782B
14168	#2C632C
14169	#2C5E2C
14170	#235323
14171	#283728
14172	#2B4C2B
14173	#263C26
14174	#364B36
14175	#427D42
14176	#559655
14177	#5DC761
14178	#591F2E
14179	#4B5320
14180	#50DB52
14181	#58F759
14182	#5A6255
14183	#610B1F
14184	#601A10
14185	#580239
14186	#6F3425
14187	#9F66B8
14188	#915695
14189	#754243
14190	#775A1A
14191	#7F4A23
14192	#BE8CAF
14193	#2592E2
14194	#39A1C5
14195	#5F87AD
14196	#8467A9
14197	#B05CAD
14198	#AE5DAC
14199	#B362B2
14200	#BB4FBB
14201	#B92AB9
14202	#B41CB4
14203	#B327B3
14204	#B536B5
14205	#B734B7
14206	#BB2FBB
14207	#BD28BD
14208	#BC21BC
14209	#BD22BD
14210	#C127C1
14211	#C521C5
14212	#C412C4
14213	#C107C1
14214	#BF0EBF
14215	#BF1DBF
14216	#BE16BE
14217	#B80BB8
14218	#AE11AE
14219	#A928A9
14220	#A838A8
14221	#A842A8
14222	#A842A8
14223	#A646A6
14224	#A749A7
14225	#A63FA6
14226	#A64FA6
14227	#A44CA4
14228	#9F4A9F
14229	#9F519E
14230	#81539A
14231	#6B5898
14232	#665091
14233	#48799E
14234	#5196B3
14235	#8E5DA3
14236	#9D4595
14237	#5982A0
14238	#3B96AF
14239	#3A95B4
14240	#3193B9
14241	#1083AD
14242	#AB6EBC
14243	#B057BC
14244	#61609C
14245	#44C842
14246	#36A736
14247	#237B23
14248	#163816
14249	#171817
14250	#161D16
14251	#132013
14252	#181C18
14253	#4E7F52
14254	#6C9F4D
14255	#82556A
14256	#8E5733
14257	#A9639C
14258	#8D4BE9
14259	#466B33
14260	#16A711
14261	#0F2F0F
14262	#050705
14263	#000600
14264	#000600
14265	#000600
14266	#000600
14267	#000600
14268	#000600
14269	#000600
14270	#000600
14271	#000600
14272	#000600
14273	#000600
14274	#000600
14275	#000600
14276	#000600
14277	#000600
14278	#000600
14279	#000600
14280	#000600
14281	#000600
14282	#000600
14283	#000600
14284	#000600
14285	#000600
14286	#000600
14287	#010701
14288	#080E08
14289	#131813
14290	#1D231D
14291	#284928
14292	#55B955
14293	#76846E
14294	#697761
14295	#9865AB
14296	#7B89B9
14297	#37D350
14298	#337630
14299	#385B38
14300	#488948
14301	#42CC42
14302	#329F33
14303	#2D7D2A
14304	#2B642A
14305	#375A37
14306	#357335
14307	#2D642D
14308	#306030
14309	#2D622D
14310	#234F23
14311	#243024
14312	#2B382B
14313	#3F533F
14314	#508450
14315	#4CB14C
14316	#55D758
14317	#5F9043
14318	#5E080E
14319	#4D7C2E
14320	#50D552
14321	#53EA54
14322	#5E865E
14323	#682827
14324	#693408
14325	#584B49
14326	#6D2051
14327	#9459D0
14328	#8A5285
14329	#702B0A
14330	#7A5517
14331	#836123
14332	#C58D2B
14333	#7E98B7
14334	#2FA0CE
14335	#61A4B1
14336	#9B6AAC
14337	#B050AE
14338	#AF53AF
14339	#B65DB6
14340	#BE4ABE
14341	#BE2ABE
14342	#B91EB9
14343	#B227B2
14344	#B638B6
14345	#BA38BA
14346	#BD31BD
14347	#C02BC0
14348	#C126C1
14349	#C223C2
14350	#C422C4
14351	#C51DC5
14352	#C713C7
14353	#C40BC4
14354	#C111C1
14355	#C018C0
14356	#BD14BD
14357	#B70CB7
14358	#AE18AE
14359	#A934A9
14360	#A746A7
14361	#A852A8
14362	#A94BA9
14363	#A74DA7
14364	#A954A9
14365	#A447A4
14366	#A556A5
14367	#A557A5
14368	#A255A2
14369	#A1569E
14370	#755A9A
14371	#538AA0
14372	#50879D
14373	#408FA3
14374	#3C95AE
14375	#5E8BA9
14376	#7F4F97
14377	#4E7D9A
14378	#3990A6
14379	#2F8DAE
14380	#2090C5
14381	#098EC8
14382	#6976B2
14383	#D258BE
14384	#7172BA
14385	#42CA40
14386	#3DAF3D
14387	#278C27
14388	#194F19
14389	#152315
14390	#171B17
14391	#121612
14392	#1D261D
14393	#3E4C42
14394	#6A9A46
14395	#7B619A
14396	#715C76
14397	#A04DC1
14398	#8E4CDD
14399	#4A4456
14400	#18B140
14401	#0F370B
14402	#060A06
14403	#000600
14404	#000600
14405	#000600
14406	#000600
14407	#000600
14408	#000600
14409	#000600
14410	#000600
14411	#000600
14412	#000600
14413	#000600
14414	#000600
14415	#000600
14416	#000600
14417	#000600
14418	#000600
14419	#000600
14420	#000600
14421	#000600
14422	#000600
14423	#000600
14424	#000600
14425	#000600
14426	#000600
14427	#010701
14428	#070D07
14429	#121812
14430	#1D1F1D
14431	#2B3F2C
14432	#588B4F
14433	#657E4B
14434	#9A6E99
14435	#CE58B6
14436	#627F8C
14437	#48CF3B
14438	#328C33
14439	#417341
14440	#49CA49
14441	#2CC82C
14442	#1E631E
14443	#243524
14444	#2C462C
14445	#2F582F
14446	#2F562F
14447	#305C30
14448	#335F33
14449	#315831
14450	#2B472B
14451	#344C34
14452	#435D43
14453	#4D804D
14454	#50AD50
14455	#50D151
14456	#578556
14457	#5A0B14
14458	#522808
14459	#4AD145
14460	#58D15A
14461	#5CF45C
14462	#5CD95B
14463	#662752
14464	#596247
14465	#40D73E
14466	#588B53
14467	#7037A0
14468	#6955AC
14469	#514E2D
14470	#575219
14471	#6B4DDD
14472	#794E3A
14473	#BE8571
14474	#4197D4
14475	#54A3B7
14476	#9066AC
14477	#AF46AC
14478	#AC49AD
14479	#B656B6
14480	#BC41BC
14481	#BD22BD
14482	#BD20BD
14483	#BB2CBB
14484	#BB32BB
14485	#BD32BD
14486	#C030C0
14487	#C229C2
14488	#C423C4
14489	#C51DC5
14490	#C51BC5
14491	#C518C5
14492	#C711C7
14493	#C50CC5
14494	#C211C2
14495	#BF13BF
14496	#BB10BB
14497	#B50EB5
14498	#AC1EAC
14499	#A838A8
14500	#A94DA9
14501	#AB56AB
14502	#A94BA9
14503	#A749A7
14504	#A74EA7
14505	#A54CA5
14506	#A453A4
14507	#A358A3
14508	#A55CA5
14509	#A459A2
14510	#775B9B
14511	#5590A0
14512	#4E99A2
14513	#3E93AB
14514	#3D95B1
14515	#4C97A7
14516	#546D9B
14517	#40829C
14518	#368A9F
14519	#2684A6
14520	#0784C1
14521	#3C8CD7
14522	#5582C7
14523	#DD5DB6
14524	#7A749C
14525	#3FDA38
14526	#3AA13A
14527	#338B33
14528	#226A22
14529	#163C16
14530	#141714
14531	#131713
14532	#263726
14533	#364439
14534	#5B674E
14535	#663432
14536	#66CE63
14537	#A186B0
14538	#8C46D6
14539	#4B4B77
14540	#19B76E
14541	#0F3C06
14542	#050B05
14543	#000500
14544	#000600
14545	#000600
14546	#000600
14547	#000600
14548	#000600
14549	#000600
14550	#000600
14551	#000600
14552	#000600
14553	#000600
14554	#000600
14555	#000600
14556	#000600
14557	#000600
14558	#000600
14559	#000600
14560	#000600
14561	#000600
14562	#000600
14563	#000600
14564	#000600
14565	#000600
14566	#000600
14567	#010701
14568	#070D07
14569	#101710
14570	#1B1D1B
14571	#2E442F
14572	#5B1B50
14573	#5F6F3F
14574	#9E5AA7
14575	#C152B7
14576	#677129
14577	#526930
14578	#3DC037
14579	#4DB948
14580	#35DA35
14581	#1C911C
14582	#183718
14583	#222122
14584	#2B372B
14585	#274427
14586	#2C462C
14587	#2F522F
14588	#2F582F
14589	#345034
14590	#425842
14591	#478A47
14592	#449544
14593	#4EAF4E
14594	#55C656
14595	#5CCF5B
14596	#611C2E
14597	#5A010F
14598	#48890E
14599	#47ED40
14600	#53CC54
14601	#49E149
14602	#4AE345
14603	#506053
14604	#3E8472
14605	#39A638
14606	#51CD54
14607	#514831
14608	#45B233
14609	#47DF4C
14610	#46F43D
14611	#48B96C
14612	#4B9537
14613	#AB6082
14614	#8E8FE9
14615	#359EBF
14616	#7E81AD
14617	#AE4EAB
14618	#AD4FAD
14619	#B758B7
14620	#C03FC0
14621	#C124C1
14622	#BF26BF
14623	#C229C2
14624	#BF22BF
14625	#BD1FBD
14626	#BF23BF
14627	#C222C2
14628	#C419C4
14629	#C413C4
14630	#C415C4
14631	#C512C5
14632	#C40CC4
14633	#C306C3
14634	#C10CC1
14635	#BF16BF
14636	#BA0EBA
14637	#B210B2
14638	#AB24AB
14639	#A83DA8
14640	#A94EA9
14641	#AC54AC
14642	#AC4DAC
14643	#A946A9
14644	#A545A5
14645	#A34AA3
14646	#A250A1
14647	#A05BA2
14648	#A159A3
14649	#A355A0
14650	#7A5A9D
14651	#5B669B
14652	#4E8FA2
14653	#4195AC
14654	#4295AD
14655	#4492A4
14656	#3E93A7
14657	#328DAA
14658	#2A87A9
14659	#137EA5
14660	#6B76B1
14661	#F57ED7
14662	#EC84EA
14663	#D86FD4
14664	#894C8E
14665	#43A72A
14666	#38AA3A
14667	#368036
14668	#2E702E
14669	#1D4F1D
14670	#162416
14671	#171C17
14672	#283728
14673	#344D34
14674	#4B8B4D
14675	#5C9950
14676	#5CBB5C
14677	#A29744
14678	#8A46D6
14679	#4C4D72
14680	#1BBC6A
14681	#114108
14682	#050D05
14683	#000400
14684	#000600
14685	#000600
14686	#000600
14687	#000600
14688	#000600
14689	#000600
14690	#000600
14691	#000600
14692	#000600
14693	#000600
14694	#000600
14695	#000600
14696	#000600
14697	#000600
14698	#000600
14699	#000600
14700	#000600
14701	#000600
14702	#000600
14703	#000600
14704	#000600
14705	#000600
14706	#000600
14707	#010701
14708	#060C06
14709	#111711
14710	#1B1D1B
14711	#2F4531
14712	#5E1E53
14713	#5E6D3E
14714	#9052A6
14715	#B464D7
14716	#7F4A4E
14717	#572913
14718	#54AD56
14719	#4CC07D
14720	#22B61F
14721	#195A19
14722	#172617
14723	#202220
14724	#262B26
14725	#2A362A
14726	#284728
14727	#2A3D2A
14728	#344B34
14729	#466B46
14730	#508750
14731	#4CB94C
14732	#4BB14B
14733	#55C955
14734	#56E957
14735	#5CB158
14736	#6C450C
14737	#586E3D
14738	#4EF43E
14739	#3DE436
14740	#38B839
14741	#39A439
14742	#49B74A
14743	#48CC42
14744	#3DBB36
14745	#439D45
14746	#4AE740
14747	#439C57
14748	#3FBF42
14749	#4EAD4F
14750	#4CE14C
14751	#4CED43
14752	#58AA42
14753	#9C5F19
14754	#AF8D91
14755	#2297C9
14756	#589AB4
14757	#9E63AA
14758	#B15FAF
14759	#BB5FBB
14760	#C33DC3
14761	#C01BC0
14762	#BF1EBF
14763	#C223C2
14764	#C11DC1
14765	#BF1CBF
14766	#C121C1
14767	#C320C3
14768	#C516C5
14769	#C40EC4
14770	#C410C4
14771	#C411C4
14772	#C40EC4
14773	#C20AC2
14774	#C00DC0
14775	#BE12BE
14776	#B810B8
14777	#B116B1
14778	#AB2AAB
14779	#AA42AA
14780	#AB4DAB
14781	#AB4FAB
14782	#AC4AAC
14783	#A842A8
14784	#A341A3
14785	#A24DA1
14786	#9A589F
14787	#7361A2
14788	#875AA1
14789	#A2519D
14790	#7B569B
14791	#5C729B
14792	#4A97A6
14793	#4496AB
14794	#4292A6
14795	#378EA9
14796	#2C8AAD
14797	#238AB4
14798	#1086BB
14799	#0080BB
14800	#9F74B4
14801	#E16DCB
14802	#C374E9
14803	#BE70E6
14804	#9046E3
14805	#479F7C
14806	#37A431
14807	#368A36
14808	#2F6F2F
14809	#2A592A
14810	#164C16
14811	#192519
14812	#2D2F2D
14813	#366036
14814	#3DA23D
14815	#59D45A
14816	#5AC35C
14817	#A19C4F
14818	#8C4ADD
14819	#516469
14820	#1FC86D
14821	#114A08
14822	#061106
14823	#000400
14824	#000600
14825	#000600
14826	#000600
14827	#000600
14828	#000600
14829	#000600
14830	#000600
14831	#000600
14832	#000600
14833	#000600
14834	#000600
14835	#000600
14836	#000600
14837	#000600
14838	#000600
14839	#000600
14840	#000600
14841	#000600
14842	#000600
14843	#000600
14844	#000600
14845	#000600
14846	#000600
14847	#000600
14848	#050B05
14849	#111811
14850	#1B1D1B
14851	#344A35
14852	#5F2352
14853	#5E7537
14854	#8A54A3
14855	#B765EC
14856	#905E9E
14857	#612006
14858	#7A2E81
14859	#5354B3
14860	#1C8A18
14861	#1A2F1A
14862	#191D19
14863	#1C211C
14864	#212A21
14865	#253525
14866	#1F321F
14867	#262F26
14868	#3D5E3D
14869	#498649
14870	#509D50
14871	#4ED14E
14872	#4FC94F
14873	#57D957
14874	#59FE5A
14875	#5D604E
14876	#673769
14877	#4DC76C
14878	#41DB3F
14879	#37B338
14880	#399939
14881	#39A039
14882	#43A743
14883	#43B744
14884	#40A740
14885	#51A752
14886	#4CD449
14887	#3FE265
14888	#41A945
14889	#57B557
14890	#5AD75E
14891	#648F69
14892	#88502C
14893	#AE7625
14894	#9D88AB
14895	#1B94CD
14896	#43A3BE
14897	#7C75AD
14898	#B25DAE
14899	#BB56BB
14900	#BF2CBF
14901	#BF18BF
14902	#BF1DBF
14903	#C01EC0
14904	#C01AC0
14905	#C020C0
14906	#C120C1
14907	#C21AC2
14908	#C416C4
14909	#C513C5
14910	#C410C4
14911	#C315C3
14912	#C512C5
14913	#C30AC3
14914	#C00BC0
14915	#BC11BC
14916	#B715B7
14917	#B018B0
14918	#AA2DAA
14919	#AA46AA
14920	#A94AA9
14921	#A94AA9
14922	#AB46AB
14923	#A742A7
14924	#A143A1
14925	#9F52A0
14926	#725FA0
14927	#6562A2
14928	#8A5CA2
14929	#98579E
14930	#6A5B9D
14931	#5C5E97
14932	#4C879C
14933	#4494A6
14934	#3C92AA
14935	#338FB1
14936	#2886A9
14937	#1687BC
14938	#2E84C3
14939	#247FBE
14940	#A578BE
14941	#D665C3
14942	#A461E2
14943	#9E5CEE
14944	#7165BB
14945	#3BC33A
14946	#368336
14947	#378037
14948	#347334
14949	#336733
14950	#1B531B
14951	#1E2A1E
14952	#2F382F
14953	#336633
14954	#338633
14955	#4B974B
14956	#5FCB5F
14957	#9FA153
14958	#9D5AE6
14959	#6651D1
14960	#259265
14961	#105409
14962	#050F05
14963	#000400
14964	#000600
14965	#000600
14966	#000600
14967	#000600
14968	#000600
14969	#000600
14970	#000600
14971	#000600
14972	#000600
14973	#000600
14974	#000600
14975	#000600
14976	#000600
14977	#000600
14978	#000600
14979	#000600
14980	#000600
14981	#000600
14982	#000600
14983	#000600
14984	#000600
14985	#000600
14986	#000600
14987	#000600
14988	#040A04
14989	#111711
14990	#1A1D1A
14991	#354B36
14992	#602253
14993	#617C3C
14994	#8D5C9F
14995	#BA64E5
14996	#805097
14997	#784D1C
14998	#9755A6
14999	#503D8C
15000	#165C14
15001	#181C18
15002	#1B1E1B
15003	#1B221B
15004	#212921
15005	#192519
15006	#232A23
15007	#2F3C2F
15008	#386138
15009	#3E7D3E
15010	#4EA14E
15011	#50DE50
15012	#50DD50
15013	#54DC54
15014	#56FA58
15015	#5C673D
15016	#5950FB
15017	#3FB971
15018	#39AC32
15019	#379437
15020	#397E39
15021	#359235
15022	#41A841
15023	#51C154
15024	#63B568
15025	#6D6F6F
15026	#747445
15027	#708632
15028	#62B44C
15029	#698968
15030	#79614C
15031	#864536
15032	#BF7374
15033	#D377F4
15034	#A085F4
15035	#0F90CA
15036	#3397BD
15037	#5F8BB0
15038	#A164AD
15039	#B950B8
15040	#BD2FBD
15041	#BF1CBF
15042	#BE1CBE
15043	#C01BC0
15044	#BF17BF
15045	#C122C1
15046	#C21DC2
15047	#C117C1
15048	#C214C2
15049	#C411C4
15050	#C512C5
15051	#C417C4
15052	#C611C6
15053	#C406C4
15054	#BF09BF
15055	#BA12BA
15056	#B61BB6
15057	#B01BB0
15058	#A82CA8
15059	#A846A8
15060	#A84AA8
15061	#A949A9
15062	#AA40AA
15063	#A53DA5
15064	#A246A2
15065	#9F519F
15066	#7A5C9E
15067	#6461A1
15068	#875DA1
15069	#93599E
15070	#62659F
15071	#597B9E
15072	#4F8D9E
15073	#4393A6
15074	#3491B1
15075	#2F8FB4
15076	#2082A3
15077	#787FBD
15078	#FD81D1
15079	#FE7CC2
15080	#F271B6
15081	#BC64D0
15082	#8B56E6
15083	#7443E9
15084	#4391B7
15085	#369E2E
15086	#3C6B3C
15087	#3E863E
15088	#368536
15089	#316C31
15090	#244B24
15091	#303A30
15092	#315331
15093	#2F702F
15094	#2D772D
15095	#357835
15096	#5FBA60
15097	#979C57
15098	#B062E2
15099	#8140E5
15100	#2C845B
15101	#11590A
15102	#060F06
15103	#000300
15104	#000600
15105	#000600
15106	#000600
15107	#000600
15108	#000600
15109	#000600
15110	#000600
15111	#000600
15112	#000600
15113	#000600
15114	#000600
15115	#000600
15116	#000600
15117	#000600
15118	#000600
15119	#000600
15120	#000600
15121	#010701
15122	#000600
15123	#000600
15124	#000600
15125	#000600
15126	#000600
15127	#000600
15128	#040A04
15129	#101710
15130	#181C18
15131	#354A36
15132	#601D54
15133	#5F7C3F
15134	#92649F
15135	#BA61CC
15136	#622730
15137	#8F5A31
15138	#9B4ED6
15139	#3A5698
15140	#134910
15141	#191E19
15142	#171D17
15143	#171D17
15144	#191F19
15145	#1E241E
15146	#2E3B2E
15147	#2F4B2F
15148	#345B34
15149	#407540
15150	#4EA74E
15151	#4CD34C
15152	#4AD74A
15153	#49CE4A
15154	#50D349
15155	#507756
15156	#39CD91
15157	#30A032
15158	#378437
15159	#429B43
15160	#53B655
15161	#5CAF61
15162	#68A36B
15163	#798160
15164	#8C4A4E
15165	#A65E1B
15166	#CD797A
15167	#B56AC1
15168	#895C32
15169	#884B25
15170	#B47E31
15171	#D38980
15172	#BC87EB
15173	#DB81DA
15174	#BF86DF
15175	#088FD1
15176	#3096BE
15177	#4C97AF
15178	#906CAD
15179	#BB57B8
15180	#BE3CBE
15181	#C020C0
15182	#C01DC0
15183	#BF17BF
15184	#BD17BD
15185	#C122C1
15186	#C31AC3
15187	#C219C2
15188	#C315C3
15189	#C310C3
15190	#C413C4
15191	#C517C5
15192	#C70EC7
15193	#C403C4
15194	#BE08BE
15195	#BA14BA
15196	#B61CB6
15197	#AF1DAF
15198	#A82FA8
15199	#A64CA6
15200	#AA54AA
15201	#A94BA9
15202	#A943A9
15203	#A643A6
15204	#A247A2
15205	#9F4B9E
15206	#9E549E
15207	#7D5D9F
15208	#8D5A9F
15209	#94599D
15210	#5F619C
15211	#5791A0
15212	#4E97A1
15213	#3E8FA6
15214	#2F90B3
15215	#2A8CB2
15216	#1781A5
15217	#C67BBC
15218	#F67ED5
15219	#F57BC6
15220	#EA69AD
15221	#A75AD1
15222	#8958EF
15223	#5555F1
15224	#26AC54
15225	#2E672A
15226	#344A34
15227	#377B37
15228	#318831
15229	#2E652E
15230	#2C422C
15231	#3F513F
15232	#378337
15233	#2F8C2F
15234	#277C27
15235	#267026
15236	#5D975E
15237	#90885D
15238	#C36BDC
15239	#9A46CE
15240	#328E76
15241	#106111
15242	#061005
15243	#000300
15244	#000600
15245	#000600
15246	#000600
15247	#000600
15248	#000600
15249	#000600
15250	#000600
15251	#000600
15252	#000600
15253	#000600
15254	#000600
15255	#000600
15256	#000600
15257	#000600
15258	#000600
15259	#000600
15260	#010701
15261	#0E140E
15262	#000500
15263	#000600
15264	#000600
15265	#000600
15266	#000600
15267	#000600
15268	#030903
15269	#101610
15270	#191A19
15271	#364B37
15272	#601F53
15273	#61793D
15274	#95649C
15275	#B367C8
15276	#5D5851
15277	#9B4E9B
15278	#8752D8
15279	#28AE63
15280	#134A0F
15281	#172017
15282	#171B17
15283	#161D16
15284	#1C201C
15285	#303930
15286	#305330
15287	#2E562E
15288	#325432
15289	#407840
15290	#46AC46
15291	#44B944
15292	#40BA40
15293	#3FB040
15294	#41A237
15295	#3ABE5E
15296	#31B235
15297	#449743
15298	#5EA461
15299	#70B16C
15300	#786D68
15301	#887447
15302	#AB5B46
15303	#BF7B6C
15304	#CB89A0
15305	#D5909A
15306	#6389D5
15307	#B47EEA
15308	#C67C81
15309	#D2872B
15310	#DE8DDE
15311	#668DED
15312	#1D8ECE
15313	#3B88C4
15314	#5388CE
15315	#0E8FD1
15316	#319AC4
15317	#4D93AC
15318	#7969A7
15319	#B45FB7
15320	#C03FBF
15321	#BF20BF
15322	#C01DC0
15323	#C019C0
15324	#BD17BD
15325	#C021C0
15326	#C318C3
15327	#C119C1
15328	#C41AC4
15329	#C414C4
15330	#C615C6
15331	#C719C7
15332	#C60CC6
15333	#C204C2
15334	#BF0BBF
15335	#BB17BB
15336	#B41AB4
15337	#AD1FAD
15338	#A836A8
15339	#AB53AB
15340	#B05BB0
15341	#AF52AF
15342	#AF51AF
15343	#AE52AE
15344	#AA4FAA
15345	#A34CA4
15346	#A151A1
15347	#A1579E
15348	#8C599D
15349	#75589B
15350	#625598
15351	#597299
15352	#4B949B
15353	#3A8EA6
15354	#298BB1
15355	#1F87B3
15356	#0C80B0
15357	#C67BBC
15358	#F375C5
15359	#E772C3
15360	#DA68BB
15361	#A655C9
15362	#8945DD
15363	#3F8BA6
15364	#219B26
15365	#2A4928
15366	#292F29
15367	#355D35
15368	#307330
15369	#2A552A
15370	#353F35
15371	#497649
15372	#41B041
15373	#2CA82C
15374	#238E23
15375	#1C6A1C
15376	#556F55
15377	#8A6261
15378	#C96DDC
15379	#AB49C0
15380	#3A9DC8
15381	#106320
15382	#061104
15383	#000400
15384	#000600
15385	#000600
15386	#000600
15387	#000600
15388	#000600
15389	#000600
15390	#000600
15391	#000600
15392	#000600
15393	#000600
15394	#000600
15395	#000600
15396	#000600
15397	#000600
15398	#000600
15399	#000500
15400	#0E140E
15401	#030903
15402	#000600
15403	#000600
15404	#000600
15405	#000600
15406	#000600
15407	#000600
15408	#040A04
15409	#0F150F
15410	#191B19
15411	#354A37
15412	#622B53
15413	#65103C
15414	#94437C
15415	#AB5BCB
15416	#671860
15417	#9742CF
15418	#6498BE
15419	#2AB539
15420	#145E12
15421	#142114
15422	#151615
15423	#1C221C
15424	#292D29
15425	#344034
15426	#325C32
15427	#315931
15428	#365B36
15429	#417E41
15430	#3BA03B
15431	#31A231
15432	#359E35
15433	#378337
15434	#479B48
15435	#57CD58
15436	#61D366
15437	#769A77
15438	#92424B
15439	#AD8338
15440	#CC7977
15441	#BA8458
15442	#9D97BA
15443	#6590D8
15444	#198BD8
15445	#2197E8
15446	#1491C8
15447	#188CC5
15448	#5688CF
15449	#A18DE3
15450	#4F95E9
15451	#1B94C0
15452	#2590BB
15453	#2090BF
15454	#168FC2
15455	#2094CE
15456	#3B9FC5
15457	#5399AF
15458	#676DA6
15459	#AD62B5
15460	#C041BF
15461	#C024C0
15462	#BF1EBF
15463	#BF1CBF
15464	#BE1CBE
15465	#C020C0
15466	#C117C1
15467	#C11BC1
15468	#C419C4
15469	#C40EC4
15470	#C40DC4
15471	#C514C5
15472	#C40AC4
15473	#C005C0
15474	#BF10BF
15475	#BB16BB
15476	#B41CB4
15477	#B029B0
15478	#AD3BAD
15479	#AF4CAF
15480	#B24DB2
15481	#B144B1
15482	#B044B0
15483	#B148B1
15484	#AF48AF
15485	#AA4AAA
15486	#A953A8
15487	#9F60A6
15488	#6964A4
15489	#745D9E
15490	#765196
15491	#526F97
15492	#4C9297
15493	#39899F
15494	#2489B0
15495	#1788BD
15496	#0B86BF
15497	#857FC7
15498	#F47EDE
15499	#E27DE7
15500	#D775DF
15501	#B863D6
15502	#8E3DC8
15503	#376F6B
15504	#1D7D17
15505	#224822
15506	#203520
15507	#2E3D2E
15508	#2D542D
15509	#2A502A
15510	#425142
15511	#4B9F4B
15512	#4ABC4A
15513	#34B734
15514	#1E9F1E
15515	#196419
15516	#476047
15517	#835A65
15518	#BD6BE4
15519	#B051C3
15520	#4472B8
15521	#115C1F
15522	#060E05
15523	#000400
15524	#000600
15525	#000600
15526	#000600
15527	#000600
15528	#000600
15529	#000600
15530	#000600
15531	#000600
15532	#000600
15533	#000600
15534	#000600
15535	#000600
15536	#000600
15537	#000600
15538	#000600
15539	#000600
15540	#030903
15541	#000600
15542	#000600
15543	#000600
15544	#000600
15545	#000600
15546	#000600
15547	#000600
15548	#030903
15549	#0E140E
15550	#1A1C1A
15551	#364B38
15552	#642453
15553	#6C183A
15554	#9A506D
15555	#AD56B7
15556	#79461E
15557	#823CB5
15558	#4A7381
15559	#31992A
15560	#1C6C1C
15561	#152515
15562	#1A191A
15563	#262B26
15564	#2B352B
15565	#304630
15566	#345234
15567	#345934
15568	#3D803D
15569	#358C35
15570	#2B732B
15571	#346934
15572	#449644
15573	#4FAD4F
15574	#719374
15575	#88694E
15576	#988E35
15577	#B77F46
15578	#B58573
15579	#D58CC0
15580	#8193F2
15581	#3697E4
15582	#259AC7
15583	#2E92B4
15584	#2B92BB
15585	#369DC6
15586	#3D94B0
15587	#3691AF
15588	#198BBC
15589	#0C90CE
15590	#2699CC
15591	#4B9BAF
15592	#4294A9
15593	#3B95B3
15594	#3895B7
15595	#3896B9
15596	#4BA1B6
15597	#5D80A8
15598	#6B69A6
15599	#AC63B3
15600	#BF43BE
15601	#C024C0
15602	#BF1DBF
15603	#BF1DBF
15604	#BF1CBF
15605	#C021C0
15606	#C11DC1
15607	#C41EC4
15608	#C516C5
15609	#C40CC4
15610	#C411C4
15611	#C416C4
15612	#C411C4
15613	#C20CC2
15614	#BF0CBF
15615	#BA11BA
15616	#B51AB5
15617	#B126B1
15618	#AE35AE
15619	#AF44AF
15620	#B042B0
15621	#B03CB0
15622	#AE39AE
15623	#AF3CAF
15624	#B03FB0
15625	#AC40AC
15626	#A949A9
15627	#A657A8
15628	#9A5CA7
15629	#9E5AA5
15630	#7B61A1
15631	#4F93A9
15632	#499CAA
15633	#3D96AD
15634	#2F96BD
15635	#2999C9
15636	#309CC6
15637	#2496C8
15638	#5092D8
15639	#3E91E2
15640	#9C8DE1
15641	#DA82E3
15642	#B35AE0
15643	#447D86
15644	#24771F
15645	#205220
15646	#195919
15647	#213821
15648	#242B24
15649	#324332
15650	#4B714B
15651	#4BB24B
15652	#46C346
15653	#3ECE3E
15654	#1CA41C
15655	#155615
15656	#3D543B
15657	#805672
15658	#B16BF8
15659	#B05DD1
15660	#4E24B0
15661	#12531E
15662	#061105
15663	#000400
15664	#000600
15665	#000600
15666	#000600
15667	#000600
15668	#000600
15669	#000600
15670	#000600
15671	#000600
15672	#000600
15673	#000600
15674	#000600
15675	#000600
15676	#000600
15677	#000600
15678	#000600
15679	#000600
15680	#000600
15681	#000600
15682	#000600
15683	#000600
15684	#000600
15685	#000600
15686	#000600
15687	#000600
15688	#030903
15689	#0D130D
15690	#1A1C1A
15691	#344636
15692	#627754
15693	#733B20
15694	#A47056
15695	#B752B2
15696	#9B6879
15697	#6951D1
15698	#379595
15699	#33742B
15700	#2A572A
15701	#1D2B1D
15702	#293729
15703	#2A332A
15704	#2D3D2D
15705	#2E582E
15706	#314E31
15707	#355F35
15708	#347434
15709	#306F30
15710	#3F6D3F
15711	#509050
15712	#5EBB61
15713	#697171
15714	#954F4C
15715	#D88555
15716	#B9897C
15717	#6C97CD
15718	#1798E2
15719	#289AD5
15720	#34A1C7
15721	#3F9DB8
15722	#519DAB
15723	#4A98A8
15724	#4497AF
15725	#4F9FB1
15726	#4E98A4
15727	#4496A9
15728	#3293B7
15729	#2D97C3
15730	#3CA0C1
15731	#54A3B0
15732	#5A9FA5
15733	#529CA6
15734	#4D9EAE
15735	#4DA1B1
15736	#5899AB
15737	#826AA6
15738	#8064A7
15739	#A962B2
15740	#BB41BA
15741	#BF25BF
15742	#BE1CBE
15743	#BF1FBF
15744	#C122C1
15745	#C322C3
15746	#C31FC3
15747	#C41EC4
15748	#C513C5
15749	#C209C2
15750	#C010C0
15751	#C21BC2
15752	#C417C4
15753	#C30EC3
15754	#C011C0
15755	#BE17BE
15756	#B91EB9
15757	#B221B2
15758	#AE2FAE
15759	#AF41AF
15760	#B245B2
15761	#B03CB0
15762	#AE3EAE
15763	#AF41AF
15764	#AF3FAF
15765	#AB39AB
15766	#A844A8
15767	#A850A8
15768	#AA55A8
15769	#AA58A6
15770	#9463A8
15771	#688BB1
15772	#828CB4
15773	#758AB2
15774	#588CB7
15775	#5489B5
15776	#6089B3
15777	#5588AF
15778	#3E9EB5
15779	#329BBC
15780	#2696BD
15781	#4491C4
15782	#CF74D2
15783	#705F80
15784	#43933B
15785	#427242
15786	#277E27
15787	#175F17
15788	#1B2F1B
15789	#353735
15790	#4A714A
15791	#4BAA4B
15792	#48D048
15793	#3DCE3D
15794	#209520
15795	#144C14
15796	#334933
15797	#7B4C73
15798	#A16BC3
15799	#A961E8
15800	#562BAA
15801	#125A1C
15802	#061205
15803	#000300
15804	#000600
15805	#000600
15806	#000600
15807	#000600
15808	#000600
15809	#000600
15810	#000600
15811	#000600
15812	#000600
15813	#000600
15814	#000600
15815	#000600
15816	#000600
15817	#000600
15818	#000600
15819	#000600
15820	#000600
15821	#000600
15822	#000600
15823	#000600
15824	#000600
15825	#000600
15826	#000600
15827	#000600
15828	#030903
15829	#0D130D
15830	#1A1C1A
15831	#334435
15832	#627255
15833	#816C19
15834	#B07A4C
15835	#BA54BD
15836	#AA59E8
15837	#49B4B7
15838	#32B740
15839	#346032
15840	#384638
15841	#335E33
15842	#2F6C2F
15843	#284B28
15844	#304830
15845	#2A5E2A
15846	#2A4E2A
15847	#315C31
15848	#3A673A
15849	#4F804F
15850	#58A959
15851	#61A662
15852	#756956
15853	#9D5522
15854	#CD896A
15855	#5F90E3
15856	#2797E4
15857	#259AC9
15858	#3E9EC2
15859	#4A9FBF
15860	#5E95AB
15861	#5E83A3
15862	#5C86A3
15863	#589AA6
15864	#56A2A8
15865	#5E9BAA
15866	#5B93A9
15867	#5795AE
15868	#4D9EB9
15869	#4E9CBF
15870	#689DBC
15871	#7B8EB4
15872	#8471AF
15873	#7E6AA8
15874	#7677A8
15875	#7296AC
15876	#886DA9
15877	#AA56A8
15878	#A85DAA
15879	#B361B4
15880	#BB41BB
15881	#BE24BE
15882	#BE19BE
15883	#BD1EBD
15884	#BF21BF
15885	#C01CC0
15886	#C018C0
15887	#C019C0
15888	#C113C1
15889	#BF0CBF
15890	#BF16BF
15891	#C120C1
15892	#C518C5
15893	#C510C5
15894	#C416C4
15895	#C41AC4
15896	#C018C0
15897	#B41EB4
15898	#B12DB1
15899	#B03AB0
15900	#B243B2
15901	#B138B1
15902	#AF3DAF
15903	#AF42AF
15904	#AD3EAD
15905	#A83CA8
15906	#A549A5
15907	#A957A9
15908	#AD5CAD
15909	#B05BB0
15910	#B359B2
15911	#AC59B3
15912	#B553B3
15913	#B052B0
15914	#A85BB0
15915	#A65AAD
15916	#A555AA
15917	#A354A7
15918	#8A64A4
15919	#6C6DA3
15920	#636A9E
15921	#4D7E99
15922	#50759C
15923	#A14EC7
15924	#549C61
15925	#57BD57
15926	#44BB46
15927	#2E882E
15928	#1F561F
15929	#2D502D
15930	#476C47
15931	#4FA74F
15932	#4BD44B
15933	#37BE37
15934	#248924
15935	#174F17
15936	#2E4231
15937	#753962
15938	#906C1A
15939	#A363D0
15940	#5F30AD
15941	#13631D
15942	#061605
15943	#000400
15944	#000600
15945	#000600
15946	#000600
15947	#000600
15948	#000600
15949	#000600
15950	#000600
15951	#000600
15952	#000600
15953	#000600
15954	#000600
15955	#000600
15956	#000600
15957	#000600
15958	#000600
15959	#000600
15960	#000600
15961	#000600
15962	#000600
15963	#000600
15964	#000600
15965	#000600
15966	#000600
15967	#000600
15968	#020802
15969	#0B120B
15970	#1A1C1A
15971	#324134
15972	#5FC553
15973	#8C7515
15974	#B97D46
15975	#BC5BC9
15976	#9E4ACC
15977	#36974F
15978	#31902B
15979	#2F5E2F
15980	#3C4D3C
15981	#4DA64D
15982	#2DA32D
15983	#277127
15984	#2C4B2C
15985	#274B27
15986	#2C502C
15987	#396139
15988	#4B894B
15989	#5BCF5D
15990	#648965
15991	#7C3038
15992	#AA7826
15993	#DC8DA0
15994	#5891E0
15995	#1095D5
15996	#389DC1
15997	#4C9BAE
15998	#529DA9
15999	#5D90A6
16000	#6A60A2
16001	#6D63A3
16002	#6E66A6
16003	#6F73A8
16004	#7083AB
16005	#7977AF
16006	#9666AD
16007	#9665AD
16008	#9775B0
16009	#996BB0
16010	#AA57AE
16011	#B250AE
16012	#B24EB0
16013	#B24BAF
16014	#AE4CAB
16015	#AE59AA
16016	#B052AD
16017	#AA48AA
16018	#AD53AC
16019	#B75EB7
16020	#BE41BE
16021	#BF1FBF
16022	#BB11BB
16023	#B915B9
16024	#BB1CBB
16025	#BB19BB
16026	#BC1ABC
16027	#BC1FBC
16028	#C01AC0
16029	#C017C0
16030	#C123C1
16031	#C425C4
16032	#C817C8
16033	#C708C7
16034	#C60CC6
16035	#C20BC2
16036	#BF08BF
16037	#B415B4
16038	#B327B3
16039	#B02DB0
16040	#AD37AD
16041	#AA31AA
16042	#A630A6
16043	#A535A5
16044	#A63BA4
16045	#A447A3
16046	#A759A8
16047	#AF62AF
16048	#B55EB5
16049	#B750B7
16050	#B845B8
16051	#B83FB7
16052	#B737B6
16053	#B537B4
16054	#B540B4
16055	#B645B5
16056	#B346B2
16057	#B045AF
16058	#AB48A9
16059	#A151A4
16060	#9B519F
16061	#8B3D8E
16062	#45618D
16063	#BD65D1
16064	#6F4C33
16065	#5C5A49
16066	#4F7E3D
16067	#4BA24D
16068	#469246
16069	#32A932
16070	#369732
16071	#449E44
16072	#43C443
16073	#33B533
16074	#248224
16075	#1D541D
16076	#2A412C
16077	#6C8364
16078	#805120
16079	#A166BB
16080	#6735AE
16081	#146E1D
16082	#081B07
16083	#000300
16084	#000600
16085	#000600
16086	#000600
16087	#000600
16088	#000600
16089	#000600
16090	#000600
16091	#000600
16092	#000600
16093	#000600
16094	#000600
16095	#000600
16096	#000600
16097	#000600
16098	#000600
16099	#000600
16100	#000600
16101	#000600
16102	#000600
16103	#000600
16104	#000600
16105	#000600
16106	#000600
16107	#000600
16108	#020802
16109	#0A110A
16110	#181A18
16111	#303F32
16112	#5BAB53
16113	#8D5A19
16114	#C78238
16115	#CB63CC
16116	#923AB4
16117	#357B51
16118	#2C6E29
16119	#2D552D
16120	#475F47
16121	#51B451
16122	#39BC39
16123	#2D912D
16124	#285328
16125	#333F33
16126	#3C603C
16127	#4C8D4D
16128	#5BCB5D
16129	#668C66
16130	#843E34
16131	#B27F2C
16132	#D78C7C
16133	#5A91F1
16134	#1793CB
16135	#3397BE
16136	#4D9CB0
16137	#579AA2
16138	#549EA8
16139	#5B94AB
16140	#7F62A6
16141	#A763AA
16142	#AB5FAD
16143	#AB57AE
16144	#AD58AF
16145	#B05AB2
16146	#B24CB0
16147	#B247AF
16148	#B247AF
16149	#B349B0
16150	#B043AF
16151	#B13FB1
16152	#B044B0
16153	#B344B3
16154	#B140B1
16155	#B350B3
16156	#B346B3
16157	#AF3FAF
16158	#B24BB2
16159	#BA51BA
16160	#C03DC0
16161	#C31FC3
16162	#BE14BE
16163	#BC1BBC
16164	#BD23BD
16165	#BC20BC
16166	#BE24BE
16167	#BD26BD
16168	#C11FC1
16169	#C118C1
16170	#C120C1
16171	#C721C7
16172	#C90EC9
16173	#C837C8
16174	#C518C5
16175	#C109C1
16176	#BE0CBE
16177	#B712B7
16178	#B218B2
16179	#A91DA9
16180	#A42EA4
16181	#A33EA2
16182	#A03E9F
16183	#A0499F
16184	#8E5AA2
16185	#9D5DA6
16186	#AC5BAC
16187	#AF50AF
16188	#B444B4
16189	#B83CB8
16190	#BA38BA
16191	#B934B9
16192	#B830B8
16193	#B733B7
16194	#B737B7
16195	#B734B7
16196	#B336B3
16197	#B23FB2
16198	#AF41AF
16199	#A83FA8
16200	#A43EA1
16201	#7B378D
16202	#3166A1
16203	#C972E0
16204	#94615F
16205	#753619
16206	#682D19
16207	#5B8542
16208	#5DDE64
16209	#579F3F
16210	#3D9849
16211	#368D3B
16212	#43B942
16213	#2EA12E
16214	#266326
16215	#244924
16216	#295529
16217	#60A964
16218	#774A4A
16219	#9E5D74
16220	#6F3DB4
16221	#147C1C
16222	#072006
16223	#000000
16224	#000600
16225	#000600
16226	#000600
16227	#000600
16228	#000600
16229	#000600
16230	#000600
16231	#000600
16232	#000600
16233	#000600
16234	#000600
16235	#000600
16236	#000600
16237	#000600
16238	#000600
16239	#000600
16240	#000600
16241	#000600
16242	#000600
16243	#000600
16244	#000600
16245	#000600
16246	#000600
16247	#000600
16248	#020802
16249	#0A100A
16250	#171917
16251	#2F3B2F
16252	#5B995F
16253	#8D513E
16254	#CE85A0
16255	#DD67AD
16256	#892DA4
16257	#2D644E
16258	#254322
16259	#354F35
16260	#4E834E
16261	#49C249
16262	#40AD40
16263	#348034
16264	#346834
16265	#466C46
16266	#4F9A4F
16267	#5EBE5F
16268	#688C64
16269	#853E34
16270	#BB8023
16271	#EC89CC
16272	#6691F6
16273	#1097D4
16274	#3699C0
16275	#449AB5
16276	#4FA0B3
16277	#58A0AB
16278	#589FAF
16279	#7595B3
16280	#B15CB1
16281	#B150B0
16282	#B14DB0
16283	#B147B0
16284	#B045B0
16285	#B346B3
16286	#B53FB5
16287	#B43BB4
16288	#B13EB1
16289	#B145B1
16290	#B548B5
16291	#B842B8
16292	#B545B5
16293	#B845B8
16294	#B63CB6
16295	#B63DB6
16296	#B940B9
16297	#B93CB9
16298	#BA41BA
16299	#BD43BD
16300	#C232C2
16301	#C71DC7
16302	#C214C2
16303	#BE14BE
16304	#BD17BD
16305	#BC1BBC
16306	#BB1FBB
16307	#BD24BD
16308	#C023C0
16309	#C220C2
16310	#C520C5
16311	#C618C6
16312	#C905C9
16313	#C979C9
16314	#C52DC5
16315	#C207C2
16316	#BF07BF
16317	#B900B9
16318	#AC13AC
16319	#A429A4
16320	#A340A2
16321	#9F55A3
16322	#A45AA3
16323	#8E62A5
16324	#7F6AAA
16325	#AB64B0
16326	#B253B2
16327	#B34CB3
16328	#B53BB5
16329	#B32BB3
16330	#B52EB5
16331	#B932B9
16332	#B932B9
16333	#B930B9
16334	#B72CB7
16335	#B82DB8
16336	#B531B5
16337	#B439B4
16338	#B540B5
16339	#AF37AF
16340	#A1259F
16341	#743489
16342	#3070AE
16343	#E17DDD
16344	#BF72E9
16345	#9C7461
16346	#907205
16347	#815E18
16348	#808540
16349	#805B3D
16350	#673B36
16351	#3FBA9F
16352	#38B537
16353	#297128
16354	#2A4B2A
16355	#265426
16356	#2E7D2E
16357	#579A5A
16358	#758055
16359	#A055D3
16360	#7646BD
16361	#15871D
16362	#082508
16363	#010001
16364	#000600
16365	#000600
16366	#000600
16367	#000600
16368	#000600
16369	#000600
16370	#000600
16371	#000600
16372	#000600
16373	#000600
16374	#000600
16375	#000600
16376	#000600
16377	#000600
16378	#000600
16379	#000600
16380	#000600
16381	#000600
16382	#000600
16383	#000600
16384	#000600
16385	#000600
16386	#000600
16387	#000600
16388	#020802
16389	#090F09
16390	#181B18
16391	#2C372C
16392	#5B8760
16393	#924B50
16394	#9888C5
16395	#996796
16396	#8125A5
16397	#1F4C4C
16398	#252920
16399	#435843
16400	#4D9F4D
16401	#45C945
16402	#419A41
16403	#4A8A4A
16404	#50A752
16405	#4DB851
16406	#58DB5D
16407	#6B534E
16408	#804625
16409	#B27E29
16410	#F38AC1
16411	#D38CEB
16412	#2A93D4
16413	#2E99C4
16414	#459CBA
16415	#51A0B0
16416	#589BB0
16417	#6C87AE
16418	#8F70B1
16419	#A062B4
16420	#B649B4
16421	#B23DB2
16422	#B341B3
16423	#B33FB3
16424	#B33DB3
16425	#B43FB4
16426	#B538B5
16427	#B335B3
16428	#B43CB4
16429	#B63FB6
16430	#B73EB7
16431	#B837B8
16432	#B736B7
16433	#B941B9
16434	#BD41BD
16435	#BB33BB
16436	#BD34BD
16437	#BC2ABC
16438	#BB30BB
16439	#C13DC1
16440	#C52FC5
16441	#C713C7
16442	#C50DC5
16443	#C112C1
16444	#BD17BD
16445	#BE1DBE
16446	#C023C0
16447	#C329C3
16448	#C626C6
16449	#C91FC9
16450	#C818C8
16451	#C811C8
16452	#CB11CB
16453	#CC09CC
16454	#C804C8
16455	#C505C5
16456	#C033C0
16457	#B579B5
16458	#AA1CAA
16459	#A842A8
16460	#A94DA7
16461	#9164A7
16462	#9A62A9
16463	#9F61AB
16464	#AC60B1
16465	#B551B4
16466	#B546B5
16467	#B846B8
16468	#B938B9
16469	#B427B4
16470	#B42DB4
16471	#B62EB6
16472	#B730B7
16473	#B92EB9
16474	#B72AB7
16475	#B72CB7
16476	#B62FB6
16477	#B533B5
16478	#B537B5
16479	#B02CB0
16480	#A31FA1
16481	#72378A
16482	#3F78AE
16483	#F982D2
16484	#E379DD
16485	#BE75F5
16486	#B67B56
16487	#BD815B
16488	#C779C1
16489	#B773D8
16490	#956874
16491	#6D4178
16492	#319B79
16493	#297B2A
16494	#2F442E
16495	#2D602D
16496	#389E38
16497	#4E7D52
16498	#796C54
16499	#A355C7
16500	#784DC7
16501	#15951C
16502	#092C08
16503	#010001
16504	#000600
16505	#000600
16506	#000600
16507	#000600
16508	#000600
16509	#000600
16510	#000600
16511	#000600
16512	#000600
16513	#000600
16514	#000600
16515	#000600
16516	#000600
16517	#000600
16518	#000600
16519	#000600
16520	#000600
16521	#0A100A
16522	#000600
16523	#000600
16524	#000600
16525	#000600
16526	#000600
16527	#000600
16528	#020802
16529	#090F09
16530	#171B17
16531	#2A392A
16532	#5C8560
16533	#8F4A57
16534	#998AC3
16535	#9E5C89
16536	#7065B3
16537	#176D51
16538	#2F2C28
16539	#466A46
16540	#48A948
16541	#42B642
16542	#4AAB4B
16543	#67B66A
16544	#6A955B
16545	#62494D
16546	#67895C
16547	#8D602C
16548	#B48200
16549	#A48C6A
16550	#2B8EE1
16551	#2390D3
16552	#2698CA
16553	#3F9BBB
16554	#4CA2B7
16555	#5F9CAF
16556	#7E70AC
16557	#A063AD
16558	#B658B2
16559	#B745B5
16560	#B538B5
16561	#B537B5
16562	#B539B5
16563	#B638B6
16564	#B437B4
16565	#B53AB5
16566	#B42FB4
16567	#B030B0
16568	#B236B2
16569	#B232B2
16570	#B02BB0
16571	#B02AB0
16572	#B128B1
16573	#B235B2
16574	#BB40BB
16575	#BF31BF
16576	#BE26BE
16577	#BC1ABC
16578	#B922B9
16579	#C035C0
16580	#C82EC8
16581	#C90EC9
16582	#C60AC6
16583	#C614C6
16584	#C61CC6
16585	#C51CC5
16586	#C420C4
16587	#C623C6
16588	#C71DC7
16589	#CA14CA
16590	#C80AC8
16591	#C809C8
16592	#CB0DCB
16593	#CD0BCD
16594	#CB03CB
16595	#C805C8
16596	#BFDDBF
16597	#B1C2B1
16598	#AA25AA
16599	#AA48AA
16600	#A94CA9
16601	#A960AC
16602	#AC5DAF
16603	#B255B1
16604	#B44DB4
16605	#B73DB7
16606	#B735B7
16607	#B838B8
16608	#BA32BA
16609	#B627B6
16610	#B52CB5
16611	#B52CB5
16612	#B52DB5
16613	#B62FB6
16614	#B830B8
16615	#B82EB8
16616	#B72EB7
16617	#B632B6
16618	#B52FB5
16619	#B125B1
16620	#A722A4
16621	#7A5A93
16622	#338CA7
16623	#2D87C5
16624	#B083D8
16625	#EF7EE7
16626	#E681E2
16627	#F688EA
16628	#FC84E5
16629	#ED7AD8
16630	#C66FEB
16631	#91598A
16632	#4C4FA2
16633	#2C9E33
16634	#325432
16635	#306330
16636	#40A440
16637	#4A734E
16638	#7D7850
16639	#A658C0
16640	#7652E3
16641	#17A983
16642	#093401
16643	#010001
16644	#000600
16645	#000600
16646	#000600
16647	#000600
16648	#000600
16649	#000600
16650	#000600
16651	#000600
16652	#000600
16653	#000600
16654	#000600
16655	#000600
16656	#000600
16657	#000600
16658	#000600
16659	#000600
16660	#0A100A
16661	#080E08
16662	#000600
16663	#000600
16664	#000600
16665	#000600
16666	#000600
16667	#000600
16668	#020802
16669	#090E09
16670	#171F17
16671	#284728
16672	#5E8F62
16673	#88315B
16674	#9382BF
16675	#9D5583
16676	#646881
16677	#15682B
16678	#373C35
16679	#417F41
16680	#45AD45
16681	#46B046
16682	#69C96C
16683	#7F5F52
16684	#8F581D
16685	#896910
16686	#935C10
16687	#B57A2A
16688	#E288A3
16689	#B490E4
16690	#1193CB
16691	#2497C9
16692	#3C9CC0
16693	#48A0B9
16694	#58A0B9
16695	#8C75B0
16696	#B357AF
16697	#B356B1
16698	#B54CB5
16699	#B638B6
16700	#B734B7
16701	#B833B8
16702	#B631B6
16703	#B52FB5
16704	#B22DB2
16705	#B131B1
16706	#B22DB2
16707	#AF2EAF
16708	#AF35AF
16709	#B037B0
16710	#AE32AE
16711	#B138B1
16712	#B032B0
16713	#AF36AF
16714	#B73DB7
16715	#BE32BE
16716	#C025C0
16717	#BC19BC
16718	#B922B9
16719	#BF32BF
16720	#C928C9
16721	#CC0FCC
16722	#C809C8
16723	#C90BC9
16724	#C80BC8
16725	#C60CC6
16726	#C40EC4
16727	#C315C3
16728	#C815C8
16729	#CB0DCB
16730	#CA08CA
16731	#C905C9
16732	#CA05CA
16733	#CA04CA
16734	#CA03CA
16735	#CA6FCA
16736	#BDFABD
16737	#B03EB0
16738	#AC25AC
16739	#AB48AB
16740	#AC4FAC
16741	#AF58AF
16742	#B458B4
16743	#B952B9
16744	#BB41BB
16745	#BA2DBA
16746	#B726B7
16747	#B82FB8
16748	#BA30BA
16749	#B829B8
16750	#B62BB6
16751	#B531B5
16752	#B52CB5
16753	#B42DB4
16754	#B631B6
16755	#B62DB6
16756	#B72CB7
16757	#B732B7
16758	#B62FB6
16759	#B022B0
16760	#A623A2
16761	#7F6D9D
16762	#459AA6
16763	#2189AD
16764	#1C88CA
16765	#5D88DA
16766	#6487D0
16767	#6089D6
16768	#5D8AD5
16769	#8683CE
16770	#EF78CF
16771	#C161D6
16772	#6B60CB
16773	#33BD32
16774	#316E31
16775	#316731
16776	#419D41
16777	#48744C
16778	#7E934C
16779	#A05CBD
16780	#7055F6
16781	#1AB798
16782	#083B00
16783	#010001
16784	#000600
16785	#000600
16786	#000600
16787	#000600
16788	#000600
16789	#000600
16790	#000600
16791	#000600
16792	#000600
16793	#000600
16794	#000600
16795	#000600
16796	#000600
16797	#000600
16798	#000600
16799	#000600
16800	#080E08
16801	#000500
16802	#000600
16803	#000600
16804	#000600
16805	#000600
16806	#000600
16807	#000600
16808	#030903
16809	#080C08
16810	#171F17
16811	#255625
16812	#5D995F
16813	#811766
16814	#867C49
16815	#94538A
16816	#575B65
16817	#1B6517
16818	#363A36
16819	#3D7A3D
16820	#3EAE3E
16821	#5AB560
16822	#7E6246
16823	#AA7241
16824	#B4799D
16825	#A97700
16826	#C68559
16827	#E786C4
16828	#D08DF7
16829	#2E92D7
16830	#2996C4
16831	#3C9CC0
16832	#499FB6
16833	#5A9EB5
16834	#8B74B1
16835	#B354B0
16836	#B249B1
16837	#B349B3
16838	#B744B7
16839	#B735B7
16840	#B830B8
16841	#B72BB7
16842	#B529B5
16843	#B32AB3
16844	#B22FB2
16845	#B136B1
16846	#B437B4
16847	#B338B3
16848	#B139B1
16849	#B13CB1
16850	#B23DB2
16851	#B340B3
16852	#B339B3
16853	#B23BB2
16854	#B640B6
16855	#BB33BB
16856	#BE28BE
16857	#BD1EBD
16858	#BC29BC
16859	#C434C4
16860	#CA20CA
16861	#CB08CB
16862	#CA00CA
16863	#C901C9
16864	#CA09CA
16865	#C806C8
16866	#C608C6
16867	#C515C5
16868	#CA14CA
16869	#CB08CB
16870	#CA08CA
16871	#CB06CB
16872	#CA02CA
16873	#CA00CA
16874	#C93CC9
16875	#C8FFC8
16876	#BEFFBE
16877	#B24EB2
16878	#AD22AD
16879	#AC45AC
16880	#AE54AE
16881	#B454B4
16882	#BA4BBA
16883	#BD3FBD
16884	#BE2EBE
16885	#BA20BA
16886	#BA27BA
16887	#B929B9
16888	#B826B8
16889	#B725B7
16890	#B62BB6
16891	#B633B6
16892	#B52DB5
16893	#B32CB3
16894	#B432B4
16895	#B631B6
16896	#B62FB6
16897	#B42DB4
16898	#B42DB4
16899	#AF27AF
16900	#A52DA2
16901	#8467A0
16902	#519FAC
16903	#4799AA
16904	#278EB8
16905	#0C91CF
16906	#1D8EB9
16907	#0A87BD
16908	#008ACA
16909	#2786C5
16910	#DE7CC3
16911	#E065C0
16912	#7967B9
16913	#3CE323
16914	#358838
16915	#366D36
16916	#43A543
16917	#46854A
16918	#7E9848
16919	#945BCB
16920	#6245CB
16921	#1FB695
16922	#094301
16923	#010201
16924	#000600
16925	#000600
16926	#000600
16927	#000600
16928	#000600
16929	#000600
16930	#000600
16931	#000600
16932	#000600
16933	#000600
16934	#000600
16935	#000600
16936	#000600
16937	#000600
16938	#000600
16939	#000600
16940	#000500
16941	#000600
16942	#000600
16943	#000600
16944	#000600
16945	#000600
16946	#000600
16947	#000600
16948	#020802
16949	#080C08
16950	#152015
16951	#255925
16952	#5C9D5C
16953	#7E0E76
16954	#7B794F
16955	#855296
16956	#494D78
16957	#267022
16958	#2F442F
16959	#397139
16960	#489D4A
16961	#713865
16962	#926315
16963	#C4807C
16964	#CD7CF2
16965	#CD8369
16966	#E889E4
16967	#C38CE7
16968	#2B92D4
16969	#2195C6
16970	#3699C1
16971	#479FB9
16972	#56A9B5
16973	#8487B1
16974	#B357B1
16975	#B348B3
16976	#B342B3
16977	#B641B6
16978	#B73BB7
16979	#B82EB8
16980	#B72BB7
16981	#B52CB5
16982	#B52FB5
16983	#B431B4
16984	#B437B4
16985	#B63EB6
16986	#B535B5
16987	#B535B5
16988	#B43DB4
16989	#B53FB5
16990	#B539B5
16991	#B33BB3
16992	#B437B4
16993	#B33AB3
16994	#B73BB7
16995	#B82AB8
16996	#B929B9
16997	#BF28BF
16998	#C02DC0
16999	#C62EC6
17000	#C816C8
17001	#CA02CA
17002	#CA86CA
17003	#C96DC9
17004	#CB02CB
17005	#C907C9
17006	#C908C9
17007	#CA10CA
17008	#CB0CCB
17009	#CA04CA
17010	#CA08CA
17011	#CB04CB
17012	#CA04CA
17013	#CA00CA
17014	#C939C9
17015	#C7FFC7
17016	#BDB4BD
17017	#B416B4
17018	#AF25AF
17019	#AE41AE
17020	#B052B0
17021	#BA4EBA
17022	#BE3DBE
17023	#BF2CBF
17024	#BE23BE
17025	#BC20BC
17026	#BD27BD
17027	#BA27BA
17028	#B927B9
17029	#B926B9
17030	#B728B7
17031	#B732B7
17032	#B52BB5
17033	#B42EB4
17034	#B636B6
17035	#B42FB4
17036	#B42BB4
17037	#B32EB3
17038	#B333B3
17039	#B030B0
17040	#A732A5
17041	#9255A3
17042	#706BA3
17043	#6484A4
17044	#4A9BAB
17045	#3C9AB5
17046	#3D93AD
17047	#278BB4
17048	#1B8ABE
17049	#0287C1
17050	#A781C2
17051	#EF6CC1
17052	#884CB7
17053	#469A1A
17054	#41B344
17055	#418E41
17056	#44BB44
17057	#47974C
17058	#7B9B43
17059	#8956D8
17060	#513C76
17061	#21BC88
17062	#094802
17063	#010401
17064	#000600
17065	#000600
17066	#000600
17067	#000600
17068	#000600
17069	#000600
17070	#000600
17071	#000600
17072	#000600
17073	#000600
17074	#000600
17075	#000600
17076	#000600
17077	#000600
17078	#000600
17079	#000600
17080	#000600
17081	#000600
17082	#000600
17083	#000600
17084	#000600
17085	#000600
17086	#000600
17087	#000600
17088	#020802
17089	#080C08
17090	#152015
17091	#235923
17092	#5A9C5B
17093	#7E0B75
17094	#747756
17095	#735CA4
17096	#3D8689
17097	#2B6F26
17098	#2C552C
17099	#357435
17100	#5DAF61
17101	#804A40
17102	#B27F13
17103	#D27FB2
17104	#E281F2
17105	#EF8CF6
17106	#5F8ED7
17107	#0B90D0
17108	#1E94CA
17109	#3397C1
17110	#439FBD
17111	#589CB4
17112	#7087AF
17113	#A45FAF
17114	#B54BB3
17115	#B541B5
17116	#B63DB6
17117	#B737B7
17118	#B732B7
17119	#B82DB8
17120	#B627B6
17121	#B42DB4
17122	#B637B6
17123	#B738B7
17124	#B838B8
17125	#B937B9
17126	#B82EB8
17127	#B72EB7
17128	#B836B8
17129	#B837B8
17130	#B630B6
17131	#B638B6
17132	#B636B6
17133	#B736B7
17134	#B935B9
17135	#B829B8
17136	#B827B8
17137	#BA26BA
17138	#BF2CBF
17139	#C62BC6
17140	#C716C7
17141	#CB08CB
17142	#CB20CB
17143	#C947C9
17144	#C802C8
17145	#C906C9
17146	#CB08CB
17147	#CA07CA
17148	#CB05CB
17149	#CB04CB
17150	#CA00CA
17151	#CC04CC
17152	#CC06CC
17153	#CC00CC
17154	#CA8BCA
17155	#C7FFC7
17156	#BC9ABC
17157	#B605B6
17158	#B12AB1
17159	#AE40AE
17160	#B554B5
17161	#BD43BD
17162	#C02BC0
17163	#C11FC1
17164	#BF1CBF
17165	#BE1EBE
17166	#BD21BD
17167	#BC27BC
17168	#BC27BC
17169	#BA23BA
17170	#B725B7
17171	#B62EB6
17172	#B82DB8
17173	#B630B6
17174	#B635B6
17175	#B32AB3
17176	#B128B1
17177	#B032B0
17178	#B036B0
17179	#AE38AE
17180	#A93DA9
17181	#A64DA5
17182	#A855A4
17183	#835FA1
17184	#5E80A3
17185	#5A80A0
17186	#4A95A3
17187	#3B93AD
17188	#2C8DB2
17189	#1388BA
17190	#5E82C2
17191	#E471C4
17192	#A35ACE
17193	#5F7690
17194	#47C058
17195	#559F53
17196	#42DC40
17197	#44A746
17198	#748645
17199	#7C37E1
17200	#4AA982
17201	#25D98F
17202	#084D01
17203	#020902
17204	#000400
17205	#000600
17206	#000600
17207	#000600
17208	#000600
17209	#000600
17210	#000600
17211	#000600
17212	#000600
17213	#000600
17214	#000600
17215	#000600
17216	#000600
17217	#000600
17218	#000600
17219	#000600
17220	#000600
17221	#000600
17222	#000600
17223	#000600
17224	#000600
17225	#000600
17226	#000600
17227	#000600
17228	#020802
17229	#070B07
17230	#131D13
17231	#225A22
17232	#599D5A
17233	#781077
17234	#B27658
17235	#BE65AC
17236	#36D097
17237	#2C6E26
17238	#2E582E
17239	#428D42
17240	#69B76A
17241	#8B5E1A
17242	#C27CA6
17243	#DA7EF9
17244	#E287E7
17245	#5E8EDB
17246	#0B90CC
17247	#2894C4
17248	#3197C1
17249	#3D9DC1
17250	#54A5B7
17251	#7275AD
17252	#A15CAD
17253	#B450B2
17254	#B341B3
17255	#B539B5
17256	#B737B7
17257	#B72EB7
17258	#B72DB7
17259	#B72DB7
17260	#B62AB6
17261	#B62EB6
17262	#B837B8
17263	#BB38BB
17264	#BC32BC
17265	#BC2DBC
17266	#BB29BB
17267	#BB2ABB
17268	#BA2ABA
17269	#B929B9
17270	#B82AB8
17271	#B833B8
17272	#BA31BA
17273	#B92FB9
17274	#B92FB9
17275	#BA2DBA
17276	#B929B9
17277	#B924B9
17278	#BD2CBD
17279	#C52EC5
17280	#C818C8
17281	#CB0CCB
17282	#CB02CB
17283	#CB00CB
17284	#CB00CB
17285	#CA04CA
17286	#CB05CB
17287	#CB05CB
17288	#CA02CA
17289	#CB00CB
17290	#CA23CA
17291	#CC0CCC
17292	#CC01CC
17293	#CD6FCD
17294	#C9FFC9
17295	#C5FFC5
17296	#BD9EBD
17297	#B608B6
17298	#B22DB2
17299	#B443B4
17300	#BB4FBB
17301	#BF33BF
17302	#C120C1
17303	#BF19BF
17304	#BF1BBF
17305	#BE1ABE
17306	#BE1EBE
17307	#BE22BE
17308	#BC23BC
17309	#BA22BA
17310	#BA25BA
17311	#B92DB9
17312	#B82CB8
17313	#B72DB7
17314	#B830B8
17315	#B52AB5
17316	#B12BB1
17317	#AF34AF
17318	#AE35AE
17319	#AB3CAB
17320	#AA48AA
17321	#A94BA9
17322	#A952A6
17323	#905EA5
17324	#8260A5
17325	#9B59A2
17326	#67709C
17327	#4B8BA0
17328	#3A8FA6
17329	#2087B0
17330	#1081BE
17331	#D774C6
17332	#BA69E2
17333	#8554FA
17334	#519D5A
17335	#64A55D
17336	#547E36
17337	#44B34B
17338	#6C724A
17339	#74343C
17340	#487C31
17341	#2AD51B
17342	#0A570B
17343	#020F02
17344	#000400
17345	#000600
17346	#000600
17347	#000600
17348	#000600
17349	#000600
17350	#000600
17351	#000600
17352	#000600
17353	#000600
17354	#000600
17355	#000600
17356	#000600
17357	#000600
17358	#000600
17359	#000600
17360	#000600
17361	#000600
17362	#000600
17363	#000600
17364	#000600
17365	#000600
17366	#000600
17367	#000600
17368	#020802
17369	#070B07
17370	#121A12
17371	#224F22
17372	#5A9D5C
17373	#771764
17374	#BC764F
17375	#C452B2
17376	#418D9C
17377	#2D8827
17378	#325732
17379	#58AC5B
17380	#6D714D
17381	#8D6711
17382	#BE7DC2
17383	#E282F9
17384	#B18BE7
17385	#008ECF
17386	#2192C9
17387	#3498C0
17388	#3C9ABC
17389	#4CA5BD
17390	#6E8FB1
17391	#A15DAD
17392	#B352B0
17393	#B349B3
17394	#B53EB5
17395	#B536B5
17396	#B733B7
17397	#B82EB8
17398	#B62BB6
17399	#B62DB6
17400	#B72FB7
17401	#BA33BA
17402	#BB33BB
17403	#BD30BD
17404	#BE2ABE
17405	#BE27BE
17406	#C026C0
17407	#BD26BD
17408	#BD27BD
17409	#BC25BC
17410	#B925B9
17411	#BB2DBB
17412	#BC29BC
17413	#BB27BB
17414	#BB2CBB
17415	#BA28BA
17416	#BA2BBA
17417	#BA25BA
17418	#BB2EBB
17419	#C535C5
17420	#C91EC9
17421	#CB09CB
17422	#CC03CC
17423	#CC05CC
17424	#CA5BCA
17425	#CB03CB
17426	#CC01CC
17427	#CA02CA
17428	#CC07CC
17429	#CB8FCB
17430	#C9D4C9
17431	#CB14CB
17432	#CC00CC
17433	#CD83CD
17434	#C9FFC9
17435	#C4FFC4
17436	#BDA5BD
17437	#B603B6
17438	#B330B3
17439	#B845B8
17440	#BF3FBF
17441	#C129C1
17442	#C21BC2
17443	#C119C1
17444	#C11CC1
17445	#BF17BF
17446	#BE1DBE
17447	#BF1DBF
17448	#BE20BE
17449	#BD23BD
17450	#BB24BB
17451	#BA28BA
17452	#B926B9
17453	#B829B8
17454	#B82CB8
17455	#B62BB6
17456	#B230B2
17457	#B035B0
17458	#AC33AC
17459	#A83BA8
17460	#A749A7
17461	#AB4FAB
17462	#A851A8
17463	#AA5AA9
17464	#AA59A8
17465	#A752A5
17466	#9C54A0
17467	#675796
17468	#447F9D
17469	#2689AC
17470	#1C81B8
17471	#DB78CC
17472	#C670DF
17473	#A15DE8
17474	#655C41
17475	#69D758
17476	#7C6176
17477	#47A96E
17478	#687D32
17479	#764C57
17480	#4F2170
17481	#2FC700
17482	#0B610E
17483	#021602
17484	#000400
17485	#000600
17486	#000600
17487	#000600
17488	#000600
17489	#000600
17490	#000600
17491	#000600
17492	#000600
17493	#000600
17494	#000600
17495	#000600
17496	#000600
17497	#000600
17498	#000600
17499	#000600
17500	#000600
17501	#000600
17502	#000600
17503	#000600
17504	#000600
17505	#000600
17506	#000600
17507	#000600
17508	#020802
17509	#070D07
17510	#121712
17511	#243E24
17512	#5B985F
17513	#7B3251
17514	#BA7C42
17515	#B74AC0
17516	#57739D
17517	#2A9526
17518	#438244
17519	#65A165
17520	#6E4322
17521	#8F740C
17522	#BD7DC1
17523	#EA83F3
17524	#BA8AE0
17525	#0A91D3
17526	#2896C8
17527	#3C9BBF
17528	#47A4BD
17529	#668FB5
17530	#A05CAC
17531	#B24FAF
17532	#B249B2
17533	#B543B5
17534	#B63BB6
17535	#B633B6
17536	#B732B7
17537	#B732B7
17538	#B733B7
17539	#B934B9
17540	#B92FB9
17541	#BB30BB
17542	#BB2EBB
17543	#BF2ABF
17544	#BF24BF
17545	#BE22BE
17546	#C121C1
17547	#C023C0
17548	#C021C0
17549	#BF21BF
17550	#BE25BE
17551	#BE26BE
17552	#BD1EBD
17553	#BB1DBB
17554	#BC26BC
17555	#BB26BB
17556	#BA26BA
17557	#B927B9
17558	#BC31BC
17559	#C434C4
17560	#CB20CB
17561	#CD08CD
17562	#CC00CC
17563	#CB00CB
17564	#CB11CB
17565	#CC07CC
17566	#CC00CC
17567	#CC00CC
17568	#CD7ACD
17569	#CBF2CB
17570	#CA46CA
17571	#CA01CA
17572	#CB00CB
17573	#CB85CB
17574	#C8FFC8
17575	#C3F8C3
17576	#BE69BE
17577	#B80FB8
17578	#B736B7
17579	#BD43BD
17580	#C12EC1
17581	#C222C2
17582	#C219C2
17583	#C118C1
17584	#C119C1
17585	#C018C0
17586	#C01FC0
17587	#C019C0
17588	#BF1BBF
17589	#BE1FBE
17590	#BC1FBC
17591	#BA23BA
17592	#BA25BA
17593	#B929B9
17594	#B92AB9
17595	#B624B6
17596	#B229B2
17597	#B033B0
17598	#AD35AD
17599	#A83BA8
17600	#A84CA8
17601	#A94AA9
17602	#A953A9
17603	#AC58AC
17604	#AA4FAA
17605	#A64CA6
17606	#A755A6
17607	#99499B
17608	#5A6E97
17609	#2B8FAC
17610	#2484B8
17611	#E97CCB
17612	#D576DD
17613	#B36BEF
17614	#865ABA
17615	#774A20
17616	#967018
17617	#60904F
17618	#6C4146
17619	#7A5451
17620	#5B53E7
17621	#34D915
17622	#0C6B0E
17623	#021E02
17624	#000400
17625	#000600
17626	#000600
17627	#000600
17628	#000600
17629	#000600
17630	#000600
17631	#000600
17632	#000600
17633	#000600
17634	#000600
17635	#000600
17636	#000600
17637	#000600
17638	#000600
17639	#000600
17640	#000600
17641	#000600
17642	#000600
17643	#000600
17644	#000600
17645	#000600
17646	#000600
17647	#000600
17648	#020802
17649	#070D07
17650	#111411
17651	#253125
17652	#5A925E
17653	#895044
17654	#C68048
17655	#B049C6
17656	#5F80AA
17657	#2F8529
17658	#5C9D5F
17659	#67573B
17660	#692915
17661	#8F6E0A
17662	#C07BBC
17663	#EA84F3
17664	#BE8CE0
17665	#1593CD
17666	#3098C4
17667	#42A2C0
17668	#6396B7
17669	#9D64AD
17670	#B24FAF
17671	#B147B1
17672	#B347B3
17673	#B63EB6
17674	#B631B6
17675	#B52DB5
17676	#B633B6
17677	#B835B8
17678	#BA33BA
17679	#BB32BB
17680	#BC2DBC
17681	#BC2ABC
17682	#BE2BBE
17683	#C024C0
17684	#BF1BBF
17685	#BF1FBF
17686	#C321C3
17687	#C31CC3
17688	#C21AC2
17689	#C21DC2
17690	#C11EC1
17691	#C120C1
17692	#C01AC0
17693	#BD19BD
17694	#BC21BC
17695	#BB23BB
17696	#BC25BC
17697	#BB26BB
17698	#BD2CBD
17699	#C42DC4
17700	#CB1CCB
17701	#CD02CD
17702	#CCA0CC
17703	#CD61CD
17704	#CD00CD
17705	#CD04CD
17706	#CE07CE
17707	#CD44CD
17708	#CCEACC
17709	#CBC8CB
17710	#CC00CC
17711	#CB00CB
17712	#CB02CB
17713	#CB20CB
17714	#C96FC9
17715	#C4FAC4
17716	#BF76BF
17717	#B70DB7
17718	#BB33BB
17719	#C038C0
17720	#C223C2
17721	#C219C2
17722	#C112C1
17723	#C114C1
17724	#C114C1
17725	#C014C0
17726	#C01DC0
17727	#C116C1
17728	#BE18BE
17729	#BE1EBE
17730	#BF20BF
17731	#BD22BD
17732	#BC21BC
17733	#BA24BA
17734	#B926B9
17735	#B624B6
17736	#B328B3
17737	#B033B0
17738	#AF39AF
17739	#AA3EAA
17740	#A849A8
17741	#A849A8
17742	#A951A9
17743	#AB50AB
17744	#AA4BAA
17745	#AA50AA
17746	#A851A8
17747	#A54CA2
17748	#7B5895
17749	#3989A2
17750	#1488B9
17751	#8780C6
17752	#F67BD1
17753	#C072EB
17754	#B074ED
17755	#B074AC
17756	#9F7A18
17757	#A460B8
17758	#834780
17759	#6F315E
17760	#6753EC
17761	#3AC72E
17762	#0E750E
17763	#032303
17764	#000400
17765	#000600
17766	#000600
17767	#000600
17768	#000600
17769	#000600
17770	#000600
17771	#000600
17772	#000600
17773	#000600
17774	#000600
17775	#000600
17776	#000600
17777	#000600
17778	#000600
17779	#000600
17780	#000600
17781	#000600
17782	#000600
17783	#000600
17784	#000600
17785	#000600
17786	#000600
17787	#000600
17788	#010701
17789	#070D07
17790	#101310
17791	#283329
17792	#589955
17793	#925524
17794	#CC78C2
17795	#A247BF
17796	#587A67
17797	#3F973F
17798	#6B635D
17799	#733B13
17800	#6E2A21
17801	#916D0B
17802	#C47DBB
17803	#EB84F3
17804	#C38EE1
17805	#1A95CB
17806	#399DC4
17807	#55A5BA
17808	#8F77AE
17809	#B455AF
17810	#B149B1
17811	#B240B2
17812	#B540B5
17813	#B737B7
17814	#B52EB5
17815	#B42FB4
17816	#B635B6
17817	#B834B8
17818	#BB2FBB
17819	#BC2ABC
17820	#BE2ABE
17821	#BF27BF
17822	#C025C0
17823	#C020C0
17824	#C11CC1
17825	#C21CC2
17826	#C31DC3
17827	#C516C5
17828	#C312C3
17829	#C318C3
17830	#C419C4
17831	#C217C2
17832	#C015C0
17833	#BE19BE
17834	#BE20BE
17835	#BC1EBC
17836	#BC21BC
17837	#BC24BC
17838	#BE2ABE
17839	#C328C3
17840	#C817C8
17841	#CA00CA
17842	#CC7CCC
17843	#CBC8CB
17844	#CC13CC
17845	#CC05CC
17846	#CDABCD
17847	#CDA2CD
17848	#CDC1CD
17849	#CBFFCB
17850	#CAB8CA
17851	#C852C8
17852	#C901C9
17853	#CC00CC
17854	#CB3DCB
17855	#C4FFC4
17856	#BEA5BE
17857	#BA0CBA
17858	#BF2DBF
17859	#C229C2
17860	#C21CC2
17861	#C316C3
17862	#C215C2
17863	#C215C2
17864	#C214C2
17865	#C112C1
17866	#C115C1
17867	#C312C3
17868	#BF16BF
17869	#BF1CBF
17870	#BE1CBE
17871	#BD1EBD
17872	#BC1EBC
17873	#BA20BA
17874	#B822B8
17875	#B524B5
17876	#B52AB5
17877	#B22FB2
17878	#AE36AE
17879	#AC3DAC
17880	#AC45AC
17881	#A847A8
17882	#A648A6
17883	#A94FA9
17884	#AC51AC
17885	#AB4EAB
17886	#AA50AA
17887	#A64FA6
17888	#9E4D9B
17889	#547397
17890	#1D8CB2
17891	#3186C5
17892	#E280CA
17893	#DB7AE5
17894	#D47CEF
17895	#DD73CB
17896	#9A730F
17897	#BD75B3
17898	#853776
17899	#702B70
17900	#7541F7
17901	#4150AD
17902	#0F8608
17903	#032503
17904	#000200
17905	#000600
17906	#000600
17907	#000600
17908	#000600
17909	#000600
17910	#000600
17911	#000600
17912	#000600
17913	#000600
17914	#000600
17915	#000600
17916	#000600
17917	#000600
17918	#000600
17919	#000600
17920	#000600
17921	#141A14
17922	#000600
17923	#000600
17924	#000600
17925	#000600
17926	#000600
17927	#000600
17928	#020802
17929	#070D07
17930	#111311
17931	#2A382C
17932	#59A352
17933	#975917
17934	#CD77BE
17935	#9547BF
17936	#4F7C32
17937	#57C861
17938	#758345
17939	#835B81
17940	#7B4F1B
17941	#98710B
17942	#CB81B9
17943	#F587EE
17944	#4590DD
17945	#2298CD
17946	#45A6C3
17947	#7C80B0
17948	#AC58AD
17949	#B14EB1
17950	#B241B2
17951	#B33DB3
17952	#B53AB5
17953	#B533B5
17954	#B432B4
17955	#B637B6
17956	#B939B9
17957	#BA34BA
17958	#BC2BBC
17959	#BD27BD
17960	#BF27BF
17961	#BF24BF
17962	#C11EC1
17963	#C31EC3
17964	#C31FC3
17965	#C41AC4
17966	#C518C5
17967	#C514C5
17968	#C412C4
17969	#C414C4
17970	#C515C5
17971	#C410C4
17972	#C211C2
17973	#C117C1
17974	#BF1BBF
17975	#BD1BBD
17976	#BC20BC
17977	#BD21BD
17978	#BD26BD
17979	#C328C3
17980	#C918C9
17981	#C91FC9
17982	#CCB6CC
17983	#C9FFC9
17984	#CA26CA
17985	#CB0ACB
17986	#CBFFCB
17987	#C9AAC9
17988	#CAC4CA
17989	#C9F7C9
17990	#C6BEC6
17991	#C62CC6
17992	#C908C9
17993	#CB01CB
17994	#CB31CB
17995	#C863C8
17996	#C318C3
17997	#C018C0
17998	#C324C3
17999	#C41FC4
18000	#C519C5
18001	#C717C7
18002	#C618C6
18003	#C818C8
18004	#C615C6
18005	#C512C5
18006	#C316C3
18007	#C311C3
18008	#C011C0
18009	#C016C0
18010	#BF16BF
18011	#BD19BD
18012	#BC1DBC
18013	#BB21BB
18014	#B921B9
18015	#B625B6
18016	#B52AB5
18017	#B22CB2
18018	#AF33AF
18019	#AE3CAE
18020	#AB43AB
18021	#AB47AB
18022	#A948A9
18023	#A84AA8
18024	#AB4FAB
18025	#AB4EAB
18026	#AA4DAA
18027	#A84DA8
18028	#A54EA2
18029	#815C98
18030	#398BA3
18031	#128CBE
18032	#3687C8
18033	#D080DC
18034	#DB82E0
18035	#D274C7
18036	#A36C99
18037	#BF7DCE
18038	#874080
18039	#773358
18040	#8045EC
18041	#4671A8
18042	#108B09
18043	#032903
18044	#000100
18045	#000500
18046	#000600
18047	#000600
18048	#000600
18049	#000600
18050	#000600
18051	#000600
18052	#000600
18053	#000600
18054	#000600
18055	#000600
18056	#000600
18057	#000600
18058	#000600
18059	#000600
18060	#141A14
18061	#090F09
18062	#000600
18063	#000600
18064	#000600
18065	#000600
18066	#000600
18067	#000600
18068	#010701
18069	#060C06
18070	#101210
18071	#2C3B2E
18072	#59A950
18073	#935914
18074	#C975C1
18075	#9357C5
18076	#55E460
18077	#738D4D
18078	#8D5376
18079	#9465B2
18080	#8C6F0A
18081	#A6780B
18082	#DA81BA
18083	#A789E8
18084	#1391D5
18085	#2F9DCA
18086	#5C9FB9
18087	#A067AC
18088	#B250B0
18089	#B246B2
18090	#B33DB3
18091	#B239B2
18092	#B537B5
18093	#B535B5
18094	#B537B5
18095	#B637B6
18096	#BA36BA
18097	#BD33BD
18098	#BE2CBE
18099	#BF26BF
18100	#BF21BF
18101	#C022C0
18102	#C21EC2
18103	#C218C2
18104	#C419C4
18105	#C516C5
18106	#C614C6
18107	#C511C5
18108	#C512C5
18109	#C613C6
18110	#C510C5
18111	#C40EC4
18112	#C20EC2
18113	#C211C2
18114	#C015C0
18115	#BE1ABE
18116	#BE24BE
18117	#BE1EBE
18118	#BE22BE
18119	#C327C3
18120	#CB1BCB
18121	#CC29CC
18122	#CAD8CA
18123	#C6FDC6
18124	#C61EC6
18125	#C704C7
18126	#C859C8
18127	#C80EC8
18128	#C779C7
18129	#C664C6
18130	#C600C6
18131	#C80EC8
18132	#CA12CA
18133	#CC0CCC
18134	#CD64CD
18135	#CC0ACC
18136	#CA10CA
18137	#C613C6
18138	#C618C6
18139	#C818C8
18140	#C815C8
18141	#C811C8
18142	#C810C8
18143	#C810C8
18144	#C911C9
18145	#C90FC9
18146	#C712C7
18147	#C611C6
18148	#C40FC4
18149	#C112C1
18150	#BF14BF
18151	#BE18BE
18152	#BD1EBD
18153	#BD1FBD
18154	#BA22BA
18155	#B829B8
18156	#B62CB6
18157	#B530B5
18158	#B236B2
18159	#AF3DAF
18160	#AF41AF
18161	#AE45AE
18162	#AC47AC
18163	#AA40AA
18164	#A741A7
18165	#AA52AA
18166	#A949A9
18167	#A84BA8
18168	#A654A6
18169	#9E569F
18170	#616295
18171	#2D8CAB
18172	#0988BC
18173	#7C87D3
18174	#B087D6
18175	#8578BC
18176	#C66CE8
18177	#C879FD
18178	#946082
18179	#885D4C
18180	#8A46E5
18181	#4978A8
18182	#12930B
18183	#022D02
18184	#000100
18185	#000500
18186	#000600
18187	#000600
18188	#000600
18189	#000600
18190	#000600
18191	#000600
18192	#000600
18193	#000600
18194	#000600
18195	#000600
18196	#000600
18197	#000600
18198	#000600
18199	#000600
18200	#080E08
18201	#000500
18202	#000600
18203	#000600
18204	#000600
18205	#000600
18206	#000600
18207	#000600
18208	#010701
18209	#060D06
18210	#101210
18211	#2E3D30
18212	#5AAF50
18213	#8B5615
18214	#C376CF
18215	#9254C8
18216	#5EDC69
18217	#A99A47
18218	#B964E0
18219	#9A64B6
18220	#977100
18221	#B57B59
18222	#E984F9
18223	#7B8BDD
18224	#0D94D1
18225	#3FA5C8
18226	#7E85B1
18227	#B155AD
18228	#B147B1
18229	#B23EB2
18230	#B237B2
18231	#B23AB2
18232	#B337B3
18233	#B539B5
18234	#B83BB8
18235	#B834B8
18236	#BA31BA
18237	#BD2EBD
18238	#C029C0
18239	#C021C0
18240	#C21FC2
18241	#C31FC3
18242	#C31AC3
18243	#C318C3
18244	#C517C5
18245	#C40FC4
18246	#C50FC5
18247	#C511C5
18248	#C50EC5
18249	#C50CC5
18250	#C610C6
18251	#C60DC6
18252	#C50EC5
18253	#C40EC4
18254	#C10FC1
18255	#C014C0
18256	#C021C0
18257	#C11CC1
18258	#BF21BF
18259	#C525C5
18260	#CA15CA
18261	#CD00CD
18262	#CCBDCC
18263	#C8FFC8
18264	#C65EC6
18265	#C600C6
18266	#C623C6
18267	#C720C7
18268	#C70CC7
18269	#C603C6
18270	#C509C5
18271	#C712C7
18272	#CB14CB
18273	#CF02CF
18274	#CED8CE
18275	#CCF1CC
18276	#CA96CA
18277	#C801C8
18278	#CA10CA
18279	#CA0CCA
18280	#C80AC8
18281	#C80BC8
18282	#C80CC8
18283	#C80BC8
18284	#C807C8
18285	#C907C9
18286	#CA0CCA
18287	#C70AC7
18288	#C50DC5
18289	#C513C5
18290	#C318C3
18291	#C11AC1
18292	#BE18BE
18293	#BD1BBD
18294	#BC21BC
18295	#B924B9
18296	#B82AB8
18297	#B62DB6
18298	#B535B5
18299	#B43CB4
18300	#B33CB3
18301	#B03EB0
18302	#AE43AE
18303	#AC3FAC
18304	#A740A7
18305	#A64BA6
18306	#A84DA8
18307	#A750A7
18308	#A553A5
18309	#A452A1
18310	#835097
18311	#427D99
18312	#1B89B7
18313	#158BCE
18314	#1D8DC9
18315	#1F7DB5
18316	#D671CC
18317	#D378DD
18318	#9B704F
18319	#947144
18320	#9748DF
18321	#4C7AA4
18322	#159B0D
18323	#033003
18324	#000100
18325	#000500
18326	#000600
18327	#000600
18328	#000600
18329	#000600
18330	#000600
18331	#000600
18332	#000600
18333	#000600
18334	#000600
18335	#000600
18336	#000600
18337	#000600
18338	#000600
18339	#000600
18340	#000400
18341	#000600
18342	#000600
18343	#000600
18344	#000600
18345	#000600
18346	#000600
18347	#000600
18348	#010701
18349	#060C06
18350	#0F120F
18351	#314033
18352	#5BAE52
18353	#835316
18354	#B87860
18355	#915ED8
18356	#698E76
18357	#CA7855
18358	#D16CD1
18359	#A56ABD
18360	#A57510
18361	#C47DC8
18362	#EF86EB
18363	#708DDB
18364	#1B9CD5
18365	#529FBA
18366	#856BAB
18367	#B352AF
18368	#B244B2
18369	#B33EB3
18370	#B337B3
18371	#B339B3
18372	#B33DB3
18373	#B73CB7
18374	#BA36BA
18375	#BB30BB
18376	#BB2CBB
18377	#BE28BE
18378	#C127C1
18379	#C321C3
18380	#C31BC3
18381	#C41AC4
18382	#C415C4
18383	#C515C5
18384	#C513C5
18385	#C511C5
18386	#C50FC5
18387	#C610C6
18388	#C611C6
18389	#C811C8
18390	#C80FC8
18391	#C910C9
18392	#C910C9
18393	#C810C8
18394	#C50FC5
18395	#C312C3
18396	#C31BC3
18397	#C31AC3
18398	#C322C3
18399	#CA26CA
18400	#CD11CD
18401	#CF01CF
18402	#CEA2CE
18403	#CBFECB
18404	#C6CFC6
18405	#C512C5
18406	#C622C6
18407	#C519C5
18408	#C401C4
18409	#C40BC4
18410	#C611C6
18411	#CA11CA
18412	#CC07CC
18413	#D063D0
18414	#CDF4CD
18415	#CBFFCB
18416	#C99BC9
18417	#C700C7
18418	#C909C9
18419	#CA07CA
18420	#C804C8
18421	#CA08CA
18422	#CA0ACA
18423	#CA0BCA
18424	#C808C8
18425	#C908C9
18426	#C907C9
18427	#C807C8
18428	#C60DC6
18429	#C610C6
18430	#C611C6
18431	#C312C3
18432	#C114C1
18433	#C017C0
18434	#BE1ABE
18435	#BA1DBA
18436	#B825B8
18437	#B42AB4
18438	#B431B4
18439	#B535B5
18440	#B333B3
18441	#B136B1
18442	#AF3BAF
18443	#AC3BAC
18444	#A83FA8
18445	#A544A5
18446	#A54BA5
18447	#A654A6
18448	#A655A6
18449	#A355A2
18450	#A2519E
18451	#705A8F
18452	#1C88B4
18453	#1991CD
18454	#2890BA
18455	#0F82B4
18456	#8179C5
18457	#E379B6
18458	#9C7300
18459	#9D724B
18460	#A44DDB
18461	#537EAD
18462	#17A119
18463	#053104
18464	#000100
18465	#000400
18466	#000600
18467	#000600
18468	#000600
18469	#000600
18470	#000600
18471	#000600
18472	#000600
18473	#000500
18474	#000500
18475	#000600
18476	#000600
18477	#000600
18478	#000600
18479	#000500
18480	#000200
18481	#000600
18482	#000600
18483	#000600
18484	#000600
18485	#000600
18486	#000600
18487	#000600
18488	#010701
18489	#050B05
18490	#0F110F
18491	#324234
18492	#5CAF52
18493	#774D1A
18494	#AA7B47
18495	#A25EE2
18496	#8B534A
18497	#DE83C1
18498	#EF78D1
18499	#C373F0
18500	#B879B6
18501	#D47FED
18502	#CE87E1
18503	#0991DB
18504	#37A5D1
18505	#6682AD
18506	#9B61AB
18507	#B34FB1
18508	#B343B3
18509	#B33EB3
18510	#B338B3
18511	#B239B2
18512	#B53DB5
18513	#B83BB8
18514	#BA33BA
18515	#BC2CBC
18516	#BE29BE
18517	#BF27BF
18518	#C126C1
18519	#C31FC3
18520	#C318C3
18521	#C315C3
18522	#C413C4
18523	#C411C4
18524	#C410C4
18525	#C613C6
18526	#C812C8
18527	#C80FC8
18528	#C911C9
18529	#CC13CC
18530	#CA0CCA
18531	#CC0DCC
18532	#CC08CC
18533	#CB0ACB
18534	#C80BC8
18535	#C70EC7
18536	#C511C5
18537	#C414C4
18538	#C81FC8
18539	#CD1BCD
18540	#CE0BCE
18541	#D002D0
18542	#CF70CF
18543	#CDFCCD
18544	#C7DCC7
18545	#C72DC7
18546	#C900C9
18547	#C705C7
18548	#C60DC6
18549	#C713C7
18550	#C915C9
18551	#CE0ECE
18552	#CE00CE
18553	#D185D1
18554	#CFFECF
18555	#CCF7CC
18556	#CBD0CB
18557	#CA1CCA
18558	#CA04CA
18559	#CA05CA
18560	#C900C9
18561	#CA08CA
18562	#C905C9
18563	#C806C8
18564	#C908C9
18565	#C807C8
18566	#C906C9
18567	#C807C8
18568	#C60BC6
18569	#C60EC6
18570	#C60EC6
18571	#C50CC5
18572	#C412C4
18573	#C213C2
18574	#BD12BD
18575	#B917B9
18576	#B722B7
18577	#B52AB5
18578	#B52EB5
18579	#B62FB6
18580	#B42FB4
18581	#B133B1
18582	#AF37AF
18583	#AD3CAD
18584	#AA3EAA
18585	#A63FA6
18586	#A249A2
18587	#A356A3
18588	#A65BA6
18589	#A356A4
18590	#A454A1
18591	#834C95
18592	#227EB4
18593	#2B98C5
18594	#3A8FA9
18595	#1986B1
18596	#317CB4
18597	#BF72C5
18598	#A57341
18599	#A77540
18600	#B552CD
18601	#5D87EB
18602	#17B04D
18603	#053400
18604	#000200
18605	#000400
18606	#000600
18607	#000600
18608	#000600
18609	#000600
18610	#000600
18611	#000500
18612	#000000
18613	#001700
18614	#002100
18615	#000600
18616	#000200
18617	#000400
18618	#000000
18619	#000D00
18620	#002600
18621	#000600
18622	#000600
18623	#000600
18624	#000600
18625	#000600
18626	#000600
18627	#000600
18628	#010701
18629	#060C06
18630	#0E100E
18631	#314133
18632	#5CB252
18633	#753D1D
18634	#A4785B
18635	#BB72EF
18636	#DF9050
18637	#CC8AB5
18638	#6881D0
18639	#E87BD8
18640	#D781F8
18641	#EC86EE
18642	#DC8BE3
18643	#209CDA
18644	#4EA5BF
18645	#8E78AA
18646	#B159AD
18647	#B04BAF
18648	#B140B1
18649	#B33DB3
18650	#B23BB2
18651	#B43DB4
18652	#B73CB7
18653	#B93AB9
18654	#BC34BC
18655	#BD29BD
18656	#BE28BE
18657	#C026C0
18658	#C220C2
18659	#C31AC3
18660	#C417C4
18661	#C415C4
18662	#C412C4
18663	#C511C5
18664	#C612C6
18665	#C914C9
18666	#CA11CA
18667	#CC0DCC
18668	#CC09CC
18669	#CC00CC
18670	#CD00CD
18671	#CB3ACB
18672	#CBD0CB
18673	#CABFCA
18674	#C91BC9
18675	#C908C9
18676	#C909C9
18677	#C70BC7
18678	#C813C8
18679	#CC0FCC
18680	#CE05CE
18681	#D000D0
18682	#D2C6D2
18683	#D0FFD0
18684	#CFCCCF
18685	#CD10CD
18686	#CC42CC
18687	#CC13CC
18688	#CB0ECB
18689	#CC14CC
18690	#CE0ECE
18691	#CE00CE
18692	#CF00CF
18693	#D47CD4
18694	#D2FED2
18695	#CCEECC
18696	#CBFFCB
18697	#CA6ACA
18698	#CB00CB
18699	#CA15CA
18700	#C947C9
18701	#C80AC8
18702	#C604C6
18703	#C504C5
18704	#C604C6
18705	#C604C6
18706	#C605C6
18707	#C608C6
18708	#C70CC7
18709	#C710C7
18710	#C711C7
18711	#C50DC5
18712	#C411C4
18713	#C414C4
18714	#C013C0
18715	#BA16BA
18716	#B922B9
18717	#B72AB7
18718	#B82EB8
18719	#B72CB7
18720	#B52FB5
18721	#B334B3
18722	#B136B1
18723	#AE39AE
18724	#AB3BAB
18725	#A73EA7
18726	#A348A2
18727	#9958A2
18728	#8D60A5
18729	#A85BA6
18730	#A455A1
18731	#87569C
18732	#3C8AB0
18733	#409CB3
18734	#408FA0
18735	#2787AD
18736	#0B7FA7
18737	#9C6AC9
18738	#AC707E
18739	#AB783D
18740	#C45ACB
18741	#6975DC
18742	#1BA94A
18743	#043900
18744	#000200
18745	#000400
18746	#000600
18747	#000600
18748	#000600
18749	#000600
18750	#000400
18751	#0F140E
18752	#182C19
18753	#375E37
18754	#225F23
18755	#0F1306
18756	#3B423A
18757	#466142
18758	#296026
18759	#50754A
18760	#1A6021
18761	#000600
18762	#000600
18763	#000600
18764	#000600
18765	#000600
18766	#000600
18767	#000600
18768	#000600
18769	#060C06
18770	#0E100E
18771	#324134
18772	#5DAE53
18773	#7E4F1B
18774	#AC8125
18775	#C581C7
18776	#6A8FEE
18777	#CE82CE
18778	#4B87CE
18779	#7081CA
18780	#F482D8
18781	#EF89DD
18782	#7B92E2
18783	#31A5D1
18784	#6C95AE
18785	#A75DAB
18786	#AF50AE
18787	#AE48AE
18788	#B143B1
18789	#B140B1
18790	#B340B3
18791	#B640B6
18792	#BA3DBA
18793	#BB36BB
18794	#BC2EBC
18795	#BE27BE
18796	#BF25BF
18797	#C122C1
18798	#C21BC2
18799	#C216C2
18800	#C41AC4
18801	#C616C6
18802	#C717C7
18803	#C814C8
18804	#CA14CA
18805	#CC10CC
18806	#CC0BCC
18807	#CD09CD
18808	#CF00CF
18809	#CD8DCD
18810	#CD8FCD
18811	#CC01CC
18812	#CCC3CC
18813	#CC81CC
18814	#CB00CB
18815	#CB0ACB
18816	#CB07CB
18817	#C804C8
18818	#C90CC9
18819	#CD0ECD
18820	#CF05CF
18821	#D100D1
18822	#D4BFD4
18823	#D3FCD3
18824	#D0FCD0
18825	#D0C9D0
18826	#CDFDCD
18827	#CBA5CB
18828	#CC06CC
18829	#CD02CD
18830	#CE08CE
18831	#D041D0
18832	#D09DD0
18833	#D2CCD2
18834	#D3FAD3
18835	#D0F5D0
18836	#CEFCCE
18837	#CBDFCB
18838	#C907C9
18839	#C946C9
18840	#C6A1C6
18841	#C508C5
18842	#C70DC7
18843	#C60CC6
18844	#C508C5
18845	#C508C5
18846	#C406C4
18847	#C40CC4
18848	#C30AC3
18849	#C209C2
18850	#C412C4
18851	#C414C4
18852	#C414C4
18853	#C415C4
18854	#C316C3
18855	#BF19BF
18856	#BD1FBD
18857	#BA26BA
18858	#BA28BA
18859	#B826B8
18860	#B52DB5
18861	#B331B3
18862	#B334B3
18863	#B036B0
18864	#AC39AC
18865	#A73BA7
18866	#A342A3
18867	#9B519F
18868	#985FA3
18869	#A461A6
18870	#A65BA4
18871	#8C5BA0
18872	#5B73A2
18873	#5777A0
18874	#468AA0
18875	#2C8AAB
18876	#167FA4
18877	#A966B4
18878	#A66871
18879	#A2794C
18880	#CA67D1
18881	#7639D6
18882	#1E8048
18883	#054000
18884	#000200
18885	#000400
18886	#000600
18887	#000600
18888	#000600
18889	#000700
18890	#000001
18891	#273433
18892	#76AD68
18893	#7B807B
18894	#4E9F4F
18895	#3F5F32
18896	#83967D
18897	#574CA1
18898	#599C94
18899	#679940
18900	#752A66
18901	#000600
18902	#000600
18903	#000600
18904	#000600
18905	#000600
18906	#000600
18907	#000600
18908	#000600
18909	#060C06
18910	#0E100E
18911	#323F34
18912	#5DB553
18913	#875C0F
18914	#B37F00
18915	#C4896B
18916	#1A8FC4
18917	#C97EC5
18918	#7D89DD
18919	#2089D0
18920	#4F85CC
18921	#108AD5
18922	#1A97D5
18923	#47A6C2
18924	#7A73AB
18925	#AF54AB
18926	#AE4FAE
18927	#AE46AE
18928	#AE41AE
18929	#B041B0
18930	#B342B3
18931	#B73DB7
18932	#B935B9
18933	#BC30BC
18934	#BE2BBE
18935	#BE25BE
18936	#C024C0
18937	#C120C1
18938	#C218C2
18939	#C214C2
18940	#C51BC5
18941	#C716C7
18942	#C912C9
18943	#CA08CA
18944	#CB05CB
18945	#CD04CD
18946	#CD00CD
18947	#CD00CD
18948	#CF30CF
18949	#CE7BCE
18950	#CE0FCE
18951	#CE00CE
18952	#CE04CE
18953	#CE02CE
18954	#CE00CE
18955	#CD00CD
18956	#CC00CC
18957	#CB00CB
18958	#C903C9
18959	#CC09CC
18960	#D103D1
18961	#D58ED5
18962	#D4F4D4
18963	#D1EBD1
18964	#D1F4D1
18965	#D1FFD1
18966	#CFF9CF
18967	#CDFFCD
18968	#CD73CD
18969	#CF0FCF
18970	#CEC0CE
18971	#D09BD0
18972	#D0BDD0
18973	#D2FFD2
18974	#D2F2D2
18975	#D1F0D1
18976	#CEEBCE
18977	#C7FBC7
18978	#C77FC7
18979	#C804C8
18980	#C603C6
18981	#C60AC6
18982	#C611C6
18983	#C711C7
18984	#C60CC6
18985	#C507C5
18986	#C405C4
18987	#C00AC0
18988	#BF0BBF
18989	#BC0ABC
18990	#BD13BD
18991	#C21FC2
18992	#C217C2
18993	#C313C3
18994	#C115C1
18995	#C11CC1
18996	#C01DC0
18997	#BC1DBC
18998	#BB1DBB
18999	#B720B7
19000	#B328B3
19001	#B531B5
19002	#B22FB2
19003	#B134B1
19004	#AE39AE
19005	#A93AA9
19006	#A548A5
19007	#A24FA1
19008	#A057A0
19009	#9160A4
19010	#A75BA4
19011	#965CA3
19012	#8061A4
19013	#8C539C
19014	#5B6598
19015	#318DA8
19016	#1980A2
19017	#B468A8
19018	#9D4671
19019	#924D5F
19020	#CD6DD6
19021	#863FCD
19022	#238F44
19023	#044600
19024	#000200
19025	#000400
19026	#000600
19027	#000600
19028	#000600
19029	#000B00
19030	#000109
19031	#2D4B71
19032	#98BA73
19033	#4E6566
19034	#499C48
19035	#59745D
19036	#668A65
19037	#693A6B
19038	#5F6F8D
19039	#619B40
19040	#743283
19041	#000500
19042	#000600
19043	#000600
19044	#000600
19045	#000600
19046	#000600
19047	#000600
19048	#000600
19049	#050B05
19050	#0E100E
19051	#303D32
19052	#5DB953
19053	#957222
19054	#BB7A7C
19055	#B9880F
19056	#248BAC
19057	#C27FC5
19058	#E48AE6
19059	#2891D7
19060	#128ABC
19061	#088ED7
19062	#2D9ED1
19063	#56A3B4
19064	#9A6AAB
19065	#AD50AB
19066	#AC49AB
19067	#AD42AD
19068	#AD42AD
19069	#B044B0
19070	#B441B4
19071	#B63CB6
19072	#B935B9
19073	#BD2FBD
19074	#BE28BE
19075	#BF22BF
19076	#C11FC1
19077	#C31DC3
19078	#C418C4
19079	#C413C4
19080	#C70EC7
19081	#C908C9
19082	#CA07CA
19083	#CB2BCB
19084	#CB29CB
19085	#CC26CC
19086	#CC25CC
19087	#CD98CD
19088	#CCE5CC
19089	#CCC5CC
19090	#CBBACB
19091	#CCBFCC
19092	#CCBECC
19093	#CC70CC
19094	#CD25CD
19095	#CD26CD
19096	#CC26CC
19097	#CC27CC
19098	#CC13CC
19099	#D00AD0
19100	#D236D2
19101	#D7F3D4
19102	#D6EDD3
19103	#D4E9D1
19104	#D2F0D0
19105	#CFF5CF
19106	#D1F9D0
19107	#D3FFD0
19108	#D28AD1
19109	#D151D0
19110	#D2FFD0
19111	#CFE0CF
19112	#D1E5D1
19113	#D3F7D2
19114	#D4F1D1
19115	#D2EDCF
19116	#CEEACC
19117	#C6D8C6
19118	#C61BC6
19119	#C700C7
19120	#C800C8
19121	#C701C7
19122	#C701C7
19123	#C700C7
19124	#C709C7
19125	#C52CC5
19126	#C118C1
19127	#BD06BD
19128	#BB13BB
19129	#BB17BB
19130	#B91AB9
19131	#BC1FBC
19132	#C11DC1
19133	#C216C2
19134	#C116C1
19135	#C11DC1
19136	#C219C2
19137	#BF15BF
19138	#BA16BA
19139	#B821B8
19140	#B52AB5
19141	#B62CB6
19142	#B42DB4
19143	#B133B1
19144	#AF39AF
19145	#AA39AA
19146	#A745A7
19147	#A44CA3
19148	#A0509F
19149	#98589F
19150	#8463A5
19151	#A458A4
19152	#A75BA4
19153	#A34C9E
19154	#775994
19155	#318FA6
19156	#1681A6
19157	#B46BA9
19158	#912C8B
19159	#87338E
19160	#CA6ED8
19161	#9443C8
19162	#269656
19163	#054B02
19164	#010201
19165	#000400
19166	#000600
19167	#000600
19168	#000600
19169	#000800
19170	#000100
19171	#2C3626
19172	#71C68B
19173	#41A24D
19174	#549D48
19175	#7A2443
19176	#15A012
19177	#4FA748
19178	#4C9340
19179	#75A852
19180	#823C6D
19181	#070D07
19182	#000600
19183	#000600
19184	#000600
19185	#000600
19186	#000600
19187	#000600
19188	#000600
19189	#060C06
19190	#0F100F
19191	#2F3D32
19192	#5AB644
19193	#A46C86
19194	#CA76BF
19195	#B7830F
19196	#2187A9
19197	#CA82C3
19198	#C98FDD
19199	#2C97CC
19200	#2E94B5
19201	#2699CA
19202	#459FBF
19203	#766EAB
19204	#A54EAD
19205	#A641AD
19206	#A83DAF
19207	#A939B0
19208	#AA3BB1
19209	#AE3EB5
19210	#B132B8
19211	#B42DBC
19212	#B924BF
19213	#C31CC1
19214	#C514C4
19215	#C60EC5
19216	#C70DC6
19217	#C90CC8
19218	#CA05C9
19219	#CC25CB
19220	#CE85CE
19221	#CF7DCF
19222	#D189D2
19223	#D0F5D1
19224	#D1F4D1
19225	#D1F1D1
19226	#D0F1D0
19227	#D0F2D0
19228	#CFF0CF
19229	#CFF4CF
19230	#CFF4CF
19231	#CFF7CF
19232	#D0F6D0
19233	#CFF1CF
19234	#D0EFD1
19235	#D2F1D3
19236	#D1F0D2
19237	#CFF2D0
19238	#D0B1D1
19239	#D794D6
19240	#D6F1D8
19241	#BADED8
19242	#B7DBD8
19243	#B7DBD6
19244	#C0E0D5
19245	#D6E4D5
19246	#CBE4D6
19247	#B7E3D7
19248	#C8E7D5
19249	#CEE8D5
19250	#BBE3D6
19251	#D3EAD5
19252	#D8EAD7
19253	#C9E3D8
19254	#B8E0D7
19255	#B6DCD5
19256	#BCD9D0
19257	#CDD5CC
19258	#CC76CC
19259	#CD7CCD
19260	#CD77CD
19261	#CC7BCC
19262	#CC78CC
19263	#CC76CC
19264	#CA96C9
19265	#C6F8C5
19266	#C4D0C3
19267	#C11EC0
19268	#BF08BD
19269	#C112C0
19270	#C00EBF
19271	#C114C0
19272	#C412C3
19273	#C60CC4
19274	#C70CC6
19275	#C80DC6
19276	#C80AC7
19277	#C604C5
19278	#C001BF
19279	#BD0EBC
19280	#BE1DBE
19281	#BE1BBC
19282	#B919B9
19283	#AF21B6
19284	#AC2BB4
19285	#AB2DB2
19286	#A632AE
19287	#A13DA9
19288	#9E43A6
19289	#9B48A3
19290	#9F57A8
19291	#A14EA8
19292	#9E4CA6
19293	#9F42A4
19294	#824598
19295	#39809D
19296	#1D82A4
19297	#BC65A9
19298	#8D6591
19299	#863F9A
19300	#D370DB
19301	#AB46BC
19302	#2B9DBB
19303	#055008
19304	#010201
19305	#000400
19306	#000600
19307	#000600
19308	#000600
19309	#000600
19310	#000100
19311	#282B28
19312	#566C54
19313	#5BC15C
19314	#58BA43
19315	#6D6F37
19316	#32B432
19317	#758452
19318	#366A62
19319	#5C9945
19320	#474A75
19321	#0B110B
19322	#000600
19323	#000600
19324	#000600
19325	#000600
19326	#000600
19327	#000600
19328	#000600
19329	#060C06
19330	#0E120E
19331	#2D372D
19332	#598E5A
19333	#836B55
19334	#988C49
19335	#978B52
19336	#AF6CB6
19337	#BD5DB4
19338	#B16548
19339	#93746A
19340	#3185CD
19341	#3C8FBF
19342	#4F97B7
19343	#6E9EA8
19344	#7D9D9D
19345	#829C99
19346	#879E99
19347	#889F9B
19348	#8CA29E
19349	#96A79C
19350	#A18E95
19351	#A87D97
19352	#BB7A99
19353	#88759B
19354	#8A7099
19355	#8C6F9A
19356	#8E6F9B
19357	#906D9C
19358	#946E9F
19359	#9876A1
19360	#99949F
19361	#9C92A1
19362	#9E8BA1
19363	#9F7D9E
19364	#9F7E9E
19365	#9D7D9E
19366	#9B7D9E
19367	#9B7D9E
19368	#9C7E9E
19369	#9D7E9E
19370	#9C7F9F
19371	#9C819E
19372	#9D7F9F
19373	#9E7D9F
19374	#9C7A9D
19375	#9D7A9E
19376	#9D7A9D
19377	#9F7A9D
19378	#9B849D
19379	#9D8AA2
19380	#A37DA5
19381	#9C76A4
19382	#9D76A3
19383	#9C77A3
19384	#9F78A2
19385	#A679A2
19386	#A278A2
19387	#9A75A1
19388	#A078A1
19389	#A278A1
19390	#9B74A0
19391	#A57BA3
19392	#A67CA3
19393	#A27BA5
19394	#9D79A4
19395	#9B749F
19396	#9B709C
19397	#9D7B9B
19398	#998F9D
19399	#988E9D
19400	#998B9C
19401	#998E9C
19402	#998C9A
19403	#968898
19404	#918596
19405	#8D8095
19406	#8A8C95
19407	#877695
19408	#867097
19409	#887197
19410	#876993
19411	#867194
19412	#877096
19413	#897099
19414	#8C719B
19415	#8D6E9A
19416	#8D6C9A
19417	#8D6A99
19418	#8C6897
19419	#886994
19420	#866F92
19421	#837594
19422	#8D7091
19423	#B6728E
19424	#9E7B90
19425	#9C7B8F
19426	#95878F
19427	#8A9D92
19428	#819A96
19429	#799796
19430	#72989A
19431	#6E9CA5
19432	#71999D
19433	#789592
19434	#688A8A
19435	#4E868E
19436	#BA8296
19437	#B75D9A
19438	#6EA88E
19439	#7BBA66
19440	#9F6193
19441	#894CC2
19442	#269D5B
19443	#064403
19444	#010201
19445	#000400
19446	#000600
19447	#000600
19448	#000600
19449	#000600
19450	#000400
19451	#0C110C
19452	#112F11
19453	#1B5D1B
19454	#187515
19455	#126E10
19456	#20351D
19457	#31933B
19458	#16605F
19459	#264920
19460	#0B661E
19461	#000600
19462	#000600
19463	#000600
19464	#000600
19465	#000600
19466	#000600
19467	#000600
19468	#000600
19469	#040A04
19470	#0D130D
19471	#2B302B
19472	#585F59
19473	#719F73
19474	#7ABC7D
19475	#83BB89
19476	#81A974
19477	#7E8D77
19478	#8C7F8F
19479	#98A398
19480	#A25B8B
19481	#A72F81
19482	#AD4284
19483	#B56580
19484	#B86A7D
19485	#BC6D7F
19486	#BE727E
19487	#BE7080
19488	#C47684
19489	#C97F84
19490	#CF8683
19491	#D68C69
19492	#C79164
19493	#709B60
19494	#769D5C
19495	#79A05C
19496	#7EA55A
19497	#81A75B
19498	#85AA5C
19499	#8BC95A
19500	#91CB56
19501	#95CC55
19502	#9ACE52
19503	#A1CD49
19504	#A0C944
19505	#98CA4C
19506	#94CA51
19507	#96CC53
19508	#9ACD51
19509	#9BCC4E
19510	#99CD51
19511	#9ACB4E
19512	#99CB4F
19513	#9BCD50
19514	#9CCD4E
19515	#9ACC4D
19516	#9CCC4C
19517	#9FCB47
19518	#97CA4E
19519	#93CD59
19520	#9DD358
19521	#A9D652
19522	#AFD54A
19523	#AFD54A
19524	#AED44A
19525	#ABD54E
19526	#ABD44D
19527	#ABD44C
19528	#AAD44C
19529	#ABD34B
19530	#AED348
19531	#A9D34B
19532	#A9D44F
19533	#AAD44F
19534	#B0D54A
19535	#B3D344
19536	#ACCF41
19537	#A1CB48
19538	#95C950
19539	#94CA52
19540	#97CA4F
19541	#96C74B
19542	#95C445
19543	#92C143
19544	#88BE47
19545	#7FBB4D
19546	#7C9E52
19547	#759A56
19548	#71995C
19549	#759D57
19550	#79B14F
19551	#749F4F
19552	#719953
19553	#6F9757
19554	#739B57
19555	#79A054
19556	#789F58
19557	#7CA357
19558	#7EA357
19559	#80C053
19560	#7CBD4A
19561	#6F9A51
19562	#7E9650
19563	#D48E53
19564	#CC875B
19565	#CA855A
19566	#C7805B
19567	#C27B58
19568	#BC7767
19569	#B87175
19570	#B06673
19571	#AC597E
19572	#B4657C
19573	#B36A74
19574	#AD6760
19575	#9D5939
19576	#853654
19577	#69994A
19578	#58AB57
19579	#779B78
19580	#6DA567
19581	#52BB60
19582	#1D9934
19583	#093107
19584	#020302
19585	#000400
19586	#000600
19587	#000600
19588	#000600
19589	#000600
19590	#000600
19591	#000500
19592	#000400
19593	#000300
19594	#000800
19595	#000800
19596	#000100
19597	#000C60
19598	#000B3D
19599	#000200
19600	#000A00
