group	fill
1	#444444
2	#969696
3	#737373
4	#222222
5	#363636
6	#4B4B4B
7	#313131
8	#1F1F1F
9	#222222
10	#222222
11	#222222
12	#222222
13	#222222
14	#222222
15	#222222
16	#222222
17	#222222
18	#222222
19	#222222
20	#222222
21	#222222
22	#222222
23	#222222
24	#222222
25	#222222
26	#222222
27	#222222
28	#222222
29	#222222
30	#222222
31	#222222
32	#222222
33	#222222
34	#222222
35	#222222
36	#222222
37	#222222
38	#222222
39	#222222
40	#222222
41	#222222
42	#222222
43	#222222
44	#222222
45	#222222
46	#222222
47	#222222
48	#222222
49	#222222
50	#222222
51	#222222
52	#222222
53	#222222
54	#222222
55	#222222
56	#222222
57	#222222
58	#222222
59	#222222
60	#222222
61	#222222
62	#222222
63	#222222
64	#222222
65	#222222
66	#222222
67	#222222
68	#222222
69	#222222
70	#222222
71	#222222
72	#222222
73	#222222
74	#222222
75	#222222
76	#222222
77	#222222
78	#222222
79	#222222
80	#222222
81	#222222
82	#222222
83	#222222
84	#222222
85	#222222
86	#222222
87	#222222
88	#222222
89	#222222
90	#222222
91	#222222
92	#222222
93	#222222
94	#222222
95	#222222
96	#222222
97	#222222
98	#222222
99	#222222
100	#222222
101	#222222
102	#222222
103	#222222
104	#222222
105	#222222
106	#222222
107	#222222
108	#222222
109	#222222
110	#222222
111	#222222
112	#222222
113	#222222
114	#222222
115	#222222
116	#222222
117	#222222
118	#222222
119	#222222
120	#222222
121	#222222
122	#222222
123	#222222
124	#222222
125	#222222
126	#222222
127	#222222
128	#222222
129	#222222
130	#222222
131	#222222
132	#222222
133	#222222
134	#212121
135	#242424
136	#2E2E2E
137	#323232
138	#373737
139	#4E4E4E
140	#6B6B6B
141	#464646
142	#B1B1B1
143	#888888
144	#181818
145	#343434
146	#7E7E7E
147	#454545
148	#1B1B1B
149	#222222
150	#222222
151	#222222
152	#222222
153	#222222
154	#222222
155	#222222
156	#222222
157	#222222
158	#222222
159	#222222
160	#222222
161	#222222
162	#222222
163	#222222
164	#222222
165	#222222
166	#222222
167	#222222
168	#222222
169	#222222
170	#222222
171	#222222
172	#222222
173	#222222
174	#222222
175	#222222
176	#222222
177	#222222
178	#222222
179	#222222
180	#222222
181	#222222
182	#222222
183	#222222
184	#222222
185	#222222
186	#222222
187	#222222
188	#222222
189	#222222
190	#222222
191	#222222
192	#222222
193	#222222
194	#222222
195	#222222
196	#222222
197	#222222
198	#222222
199	#222222
200	#222222
201	#222222
202	#222222
203	#222222
204	#222222
205	#222222
206	#222222
207	#222222
208	#222222
209	#222222
210	#222222
211	#222222
212	#222222
213	#222222
214	#222222
215	#222222
216	#222222
217	#222222
218	#222222
219	#222222
220	#222222
221	#222222
222	#222222
223	#222222
224	#222222
225	#222222
226	#222222
227	#222222
228	#222222
229	#222222
230	#222222
231	#222222
232	#222222
233	#222222
234	#222222
235	#222222
236	#222222
237	#222222
238	#222222
239	#222222
240	#222222
241	#222222
242	#222222
243	#222222
244	#222222
245	#222222
246	#222222
247	#222222
248	#222222
249	#222222
250	#222222
251	#222222
252	#222222
253	#222222
254	#222222
255	#222222
256	#222222
257	#222222
258	#222222
259	#222222
260	#222222
261	#222222
262	#222222
263	#222222
264	#222222
265	#222222
266	#222222
267	#222222
268	#222222
269	#222222
270	#222222
271	#222222
272	#222222
273	#222222
274	#222222
275	#252525
276	#303030
277	#363636
278	#383838
279	#444444
280	#535353
281	#424242
282	#C8C8C8
283	#A4A4A4
284	#1E1E1E
285	#313131
286	#8B8B8B
287	#4B4B4B
288	#191919
289	#222222
290	#222222
291	#222222
292	#222222
293	#222222
294	#222222
295	#222222
296	#222222
297	#222222
298	#222222
299	#222222
300	#222222
301	#222222
302	#222222
303	#222222
304	#222222
305	#222222
306	#222222
307	#222222
308	#222222
309	#222222
310	#222222
311	#222222
312	#222222
313	#222222
314	#222222
315	#222222
316	#222222
317	#222222
318	#222222
319	#222222
320	#222222
321	#222222
322	#222222
323	#222222
324	#222222
325	#222222
326	#222222
327	#222222
328	#222222
329	#222222
330	#222222
331	#222222
332	#222222
333	#222222
334	#222222
335	#222222
336	#222222
337	#222222
338	#222222
339	#222222
340	#222222
341	#222222
342	#222222
343	#222222
344	#222222
345	#222222
346	#222222
347	#222222
348	#222222
349	#222222
350	#222222
351	#222222
352	#222222
353	#222222
354	#222222
355	#222222
356	#222222
357	#222222
358	#222222
359	#222222
360	#222222
361	#222222
362	#222222
363	#222222
364	#222222
365	#222222
366	#222222
367	#222222
368	#222222
369	#222222
370	#222222
371	#222222
372	#222222
373	#222222
374	#222222
375	#222222
376	#222222
377	#222222
378	#222222
379	#222222
380	#222222
381	#222222
382	#222222
383	#222222
384	#222222
385	#222222
386	#222222
387	#222222
388	#222222
389	#222222
390	#222222
391	#222222
392	#222222
393	#222222
394	#222222
395	#222222
396	#222222
397	#222222
398	#222222
399	#222222
400	#222222
401	#222222
402	#222222
403	#222222
404	#222222
405	#222222
406	#222222
407	#222222
408	#222222
409	#222222
410	#222222
411	#222222
412	#222222
413	#222222
414	#222222
415	#262626
416	#353535
417	#3D3D3D
418	#414141
419	#454545
420	#464646
421	#424242
422	#CCCCCC
423	#AFAFAF
424	#292929
425	#2A2A2A
426	#676767
427	#3D3D3D
428	#1C1C1C
429	#222222
430	#222222
431	#222222
432	#222222
433	#222222
434	#222222
435	#222222
436	#222222
437	#222222
438	#222222
439	#222222
440	#222222
441	#222222
442	#222222
443	#222222
444	#222222
445	#222222
446	#222222
447	#222222
448	#222222
449	#222222
450	#222222
451	#222222
452	#222222
453	#222222
454	#222222
455	#222222
456	#222222
457	#222222
458	#222222
459	#222222
460	#222222
461	#222222
462	#222222
463	#222222
464	#222222
465	#222222
466	#222222
467	#222222
468	#222222
469	#222222
470	#222222
471	#222222
472	#222222
473	#222222
474	#222222
475	#222222
476	#222222
477	#222222
478	#222222
479	#222222
480	#222222
481	#222222
482	#222222
483	#222222
484	#222222
485	#222222
486	#222222
487	#222222
488	#222222
489	#222222
490	#222222
491	#222222
492	#222222
493	#222222
494	#222222
495	#222222
496	#222222
497	#222222
498	#222222
499	#222222
500	#222222
501	#222222
502	#222222
503	#222222
504	#222222
505	#222222
506	#222222
507	#222222
508	#222222
509	#222222
510	#222222
511	#222222
512	#222222
513	#222222
514	#222222
515	#222222
516	#222222
517	#222222
518	#222222
519	#222222
520	#222222
521	#222222
522	#222222
523	#222222
524	#222222
525	#222222
526	#222222
527	#222222
528	#222222
529	#222222
530	#222222
531	#222222
532	#222222
533	#222222
534	#222222
535	#222222
536	#222222
537	#222222
538	#222222
539	#222222
540	#222222
541	#222222
542	#222222
543	#222222
544	#222222
545	#222222
546	#222222
547	#222222
548	#222222
549	#222222
550	#222222
551	#222222
552	#222222
553	#222222
554	#212121
555	#262626
556	#373737
557	#404040
558	#4B4B4B
559	#4F4F4F
560	#454545
561	#474747
562	#C8C8C8
563	#A8A8A8
564	#2C2C2C
565	#282828
566	#444444
567	#303030
568	#202020
569	#222222
570	#222222
571	#222222
572	#222222
573	#222222
574	#222222
575	#222222
576	#222222
577	#222222
578	#222222
579	#222222
580	#222222
581	#222222
582	#222222
583	#222222
584	#222222
585	#222222
586	#222222
587	#222222
588	#222222
589	#222222
590	#222222
591	#222222
592	#222222
593	#222222
594	#222222
595	#222222
596	#222222
597	#222222
598	#222222
599	#222222
600	#222222
601	#222222
602	#222222
603	#222222
604	#222222
605	#222222
606	#222222
607	#222222
608	#222222
609	#222222
610	#222222
611	#222222
612	#222222
613	#222222
614	#222222
615	#222222
616	#222222
617	#222222
618	#222222
619	#222222
620	#222222
621	#222222
622	#222222
623	#222222
624	#222222
625	#222222
626	#222222
627	#222222
628	#222222
629	#222222
630	#222222
631	#222222
632	#222222
633	#222222
634	#222222
635	#222222
636	#222222
637	#222222
638	#222222
639	#222222
640	#222222
641	#222222
642	#222222
643	#222222
644	#222222
645	#222222
646	#222222
647	#222222
648	#222222
649	#222222
650	#222222
651	#222222
652	#222222
653	#222222
654	#222222
655	#222222
656	#222222
657	#222222
658	#222222
659	#222222
660	#222222
661	#222222
662	#222222
663	#222222
664	#222222
665	#222222
666	#222222
667	#222222
668	#222222
669	#222222
670	#222222
671	#222222
672	#222222
673	#222222
674	#222222
675	#222222
676	#222222
677	#222222
678	#222222
679	#222222
680	#222222
681	#222222
682	#222222
683	#222222
684	#222222
685	#222222
686	#222222
687	#222222
688	#222222
689	#222222
690	#222222
691	#222222
692	#222222
693	#222222
694	#222222
695	#262626
696	#363636
697	#3F3F3F
698	#4D4D4D
699	#4E4E4E
700	#3F3F3F
701	#3F3F3F
702	#B8B8B8
703	#A1A1A1
704	#3B3B3B
705	#373737
706	#292929
707	#252525
708	#232323
709	#222222
710	#222222
711	#222222
712	#222222
713	#222222
714	#222222
715	#222222
716	#222222
717	#222222
718	#222222
719	#222222
720	#222222
721	#222222
722	#222222
723	#222222
724	#222222
725	#222222
726	#222222
727	#222222
728	#222222
729	#222222
730	#222222
731	#222222
732	#222222
733	#222222
734	#222222
735	#222222
736	#222222
737	#222222
738	#222222
739	#222222
740	#222222
741	#222222
742	#222222
743	#222222
744	#222222
745	#222222
746	#222222
747	#222222
748	#222222
749	#222222
750	#222222
751	#222222
752	#222222
753	#222222
754	#222222
755	#222222
756	#222222
757	#222222
758	#222222
759	#222222
760	#222222
761	#222222
762	#222222
763	#222222
764	#222222
765	#222222
766	#222222
767	#222222
768	#222222
769	#222222
770	#222222
771	#222222
772	#222222
773	#222222
774	#222222
775	#222222
776	#222222
777	#222222
778	#222222
779	#222222
780	#222222
781	#222222
782	#222222
783	#222222
784	#222222
785	#222222
786	#222222
787	#222222
788	#222222
789	#222222
790	#222222
791	#222222
792	#222222
793	#222222
794	#222222
795	#222222
796	#222222
797	#222222
798	#222222
799	#222222
800	#222222
801	#222222
802	#222222
803	#222222
804	#222222
805	#222222
806	#222222
807	#222222
808	#222222
809	#222222
810	#222222
811	#222222
812	#222222
813	#222222
814	#222222
815	#222222
816	#222222
817	#222222
818	#222222
819	#222222
820	#222222
821	#222222
822	#222222
823	#222222
824	#222222
825	#222222
826	#222222
827	#222222
828	#222222
829	#222222
830	#222222
831	#222222
832	#222222
833	#222222
834	#222222
835	#262626
836	#373737
837	#404040
838	#4A4A4A
839	#4D4D4D
840	#454545
841	#444444
842	#8D8D8D
843	#878787
844	#4F4F4F
845	#414141
846	#242424
847	#212121
848	#232323
849	#222222
850	#222222
851	#222222
852	#222222
853	#222222
854	#222222
855	#222222
856	#222222
857	#222222
858	#222222
859	#222222
860	#222222
861	#222222
862	#222222
863	#222222
864	#222222
865	#222222
866	#222222
867	#222222
868	#222222
869	#222222
870	#222222
871	#222222
872	#222222
873	#222222
874	#222222
875	#222222
876	#222222
877	#222222
878	#222222
879	#222222
880	#222222
881	#222222
882	#222222
883	#222222
884	#222222
885	#222222
886	#222222
887	#222222
888	#222222
889	#222222
890	#222222
891	#222222
892	#222222
893	#222222
894	#222222
895	#222222
896	#222222
897	#222222
898	#222222
899	#222222
900	#222222
901	#222222
902	#222222
903	#222222
904	#222222
905	#222222
906	#222222
907	#222222
908	#222222
909	#222222
910	#222222
911	#222222
912	#222222
913	#222222
914	#222222
915	#222222
916	#222222
917	#222222
918	#222222
919	#222222
920	#222222
921	#222222
922	#222222
923	#222222
924	#222222
925	#222222
926	#222222
927	#222222
928	#222222
929	#222222
930	#222222
931	#222222
932	#222222
933	#222222
934	#222222
935	#222222
936	#222222
937	#222222
938	#222222
939	#222222
940	#222222
941	#222222
942	#222222
943	#222222
944	#222222
945	#222222
946	#222222
947	#222222
948	#222222
949	#222222
950	#222222
951	#222222
952	#222222
953	#222222
954	#222222
955	#222222
956	#222222
957	#222222
958	#222222
959	#222222
960	#222222
961	#222222
962	#222222
963	#222222
964	#222222
965	#222222
966	#222222
967	#222222
968	#222222
969	#222222
970	#222222
971	#222222
972	#222222
973	#222222
974	#232323
975	#282828
976	#373737
977	#414141
978	#4A4A4A
979	#4E4E4E
980	#494949
981	#4A4A4A
982	#5F5F5F
983	#555555
984	#3A3A3A
985	#323232
986	#242424
987	#212121
988	#222222
989	#222222
990	#222222
991	#222222
992	#222222
993	#222222
994	#222222
995	#222222
996	#222222
997	#222222
998	#222222
999	#222222
1000	#222222
1001	#222222
1002	#222222
1003	#222222
1004	#222222
1005	#222222
1006	#222222
1007	#222222
1008	#222222
1009	#222222
1010	#222222
1011	#222222
1012	#222222
1013	#222222
1014	#222222
1015	#222222
1016	#222222
1017	#222222
1018	#222222
1019	#222222
1020	#222222
1021	#222222
1022	#222222
1023	#222222
1024	#222222
1025	#222222
1026	#222222
1027	#222222
1028	#222222
1029	#222222
1030	#222222
1031	#222222
1032	#222222
1033	#222222
1034	#222222
1035	#222222
1036	#222222
1037	#222222
1038	#222222
1039	#222222
1040	#222222
1041	#222222
1042	#222222
1043	#222222
1044	#222222
1045	#222222
1046	#222222
1047	#222222
1048	#222222
1049	#222222
1050	#222222
1051	#222222
1052	#222222
1053	#222222
1054	#222222
1055	#222222
1056	#222222
1057	#222222
1058	#222222
1059	#222222
1060	#222222
1061	#222222
1062	#222222
1063	#222222
1064	#222222
1065	#222222
1066	#222222
1067	#222222
1068	#222222
1069	#222222
1070	#222222
1071	#222222
1072	#222222
1073	#222222
1074	#222222
1075	#222222
1076	#222222
1077	#222222
1078	#222222
1079	#222222
1080	#222222
1081	#222222
1082	#222222
1083	#222222
1084	#222222
1085	#222222
1086	#222222
1087	#222222
1088	#222222
1089	#222222
1090	#222222
1091	#222222
1092	#222222
1093	#222222
1094	#222222
1095	#222222
1096	#222222
1097	#222222
1098	#222222
1099	#222222
1100	#222222
1101	#222222
1102	#222222
1103	#222222
1104	#222222
1105	#222222
1106	#222222
1107	#222222
1108	#222222
1109	#222222
1110	#222222
1111	#222222
1112	#222222
1113	#222222
1114	#242424
1115	#2A2A2A
1116	#353535
1117	#424242
1118	#4C4C4C
1119	#4F4F4F
1120	#4E4E4E
1121	#4C4C4C
1122	#464646
1123	#313131
1124	#1E1E1E
1125	#202020
1126	#222222
1127	#222222
1128	#222222
1129	#222222
1130	#222222
1131	#222222
1132	#222222
1133	#222222
1134	#222222
1135	#222222
1136	#222222
1137	#222222
1138	#222222
1139	#222222
1140	#222222
1141	#222222
1142	#222222
1143	#222222
1144	#222222
1145	#222222
1146	#222222
1147	#222222
1148	#222222
1149	#222222
1150	#222222
1151	#222222
1152	#222222
1153	#222222
1154	#222222
1155	#222222
1156	#222222
1157	#222222
1158	#222222
1159	#222222
1160	#222222
1161	#222222
1162	#222222
1163	#222222
1164	#222222
1165	#222222
1166	#222222
1167	#222222
1168	#222222
1169	#222222
1170	#222222
1171	#222222
1172	#222222
1173	#222222
1174	#222222
1175	#222222
1176	#222222
1177	#222222
1178	#222222
1179	#222222
1180	#222222
1181	#222222
1182	#222222
1183	#222222
1184	#222222
1185	#222222
1186	#222222
1187	#222222
1188	#222222
1189	#222222
1190	#222222
1191	#222222
1192	#222222
1193	#222222
1194	#222222
1195	#222222
1196	#222222
1197	#222222
1198	#222222
1199	#222222
1200	#222222
1201	#222222
1202	#222222
1203	#222222
1204	#222222
1205	#222222
1206	#222222
1207	#222222
1208	#222222
1209	#222222
1210	#222222
1211	#222222
1212	#222222
1213	#222222
1214	#222222
1215	#222222
1216	#222222
1217	#222222
1218	#222222
1219	#222222
1220	#222222
1221	#222222
1222	#222222
1223	#222222
1224	#222222
1225	#222222
1226	#222222
1227	#222222
1228	#222222
1229	#222222
1230	#222222
1231	#222222
1232	#222222
1233	#222222
1234	#222222
1235	#222222
1236	#222222
1237	#222222
1238	#222222
1239	#222222
1240	#222222
1241	#222222
1242	#222222
1243	#222222
1244	#222222
1245	#222222
1246	#222222
1247	#222222
1248	#222222
1249	#222222
1250	#222222
1251	#222222
1252	#222222
1253	#222222
1254	#232323
1255	#292929
1256	#343434
1257	#444444
1258	#4C4C4C
1259	#4F4F4F
1260	#505050
1261	#4B4B4B
1262	#414141
1263	#2E2E2E
1264	#222222
1265	#222222
1266	#222222
1267	#222222
1268	#222222
1269	#222222
1270	#222222
1271	#222222
1272	#222222
1273	#222222
1274	#222222
1275	#222222
1276	#222222
1277	#222222
1278	#222222
1279	#222222
1280	#222222
1281	#222222
1282	#222222
1283	#222222
1284	#222222
1285	#222222
1286	#222222
1287	#222222
1288	#222222
1289	#222222
1290	#222222
1291	#222222
1292	#222222
1293	#222222
1294	#222222
1295	#222222
1296	#222222
1297	#222222
1298	#222222
1299	#222222
1300	#222222
1301	#222222
1302	#222222
1303	#222222
1304	#222222
1305	#222222
1306	#222222
1307	#222222
1308	#222222
1309	#222222
1310	#222222
1311	#222222
1312	#222222
1313	#222222
1314	#222222
1315	#222222
1316	#222222
1317	#222222
1318	#222222
1319	#222222
1320	#222222
1321	#222222
1322	#222222
1323	#222222
1324	#222222
1325	#222222
1326	#222222
1327	#222222
1328	#222222
1329	#222222
1330	#222222
1331	#222222
1332	#222222
1333	#222222
1334	#222222
1335	#222222
1336	#222222
1337	#222222
1338	#222222
1339	#222222
1340	#222222
1341	#222222
1342	#222222
1343	#222222
1344	#222222
1345	#222222
1346	#222222
1347	#222222
1348	#222222
1349	#222222
1350	#222222
1351	#222222
1352	#222222
1353	#222222
1354	#222222
1355	#222222
1356	#222222
1357	#222222
1358	#222222
1359	#222222
1360	#222222
1361	#222222
1362	#222222
1363	#222222
1364	#222222
1365	#222222
1366	#222222
1367	#222222
1368	#222222
1369	#222222
1370	#222222
1371	#222222
1372	#222222
1373	#222222
1374	#222222
1375	#222222
1376	#222222
1377	#222222
1378	#222222
1379	#222222
1380	#222222
1381	#222222
1382	#222222
1383	#222222
1384	#222222
1385	#222222
1386	#222222
1387	#222222
1388	#222222
1389	#222222
1390	#222222
1391	#222222
1392	#222222
1393	#222222
1394	#222222
1395	#262626
1396	#353535
1397	#454545
1398	#4C4C4C
1399	#4D4D4D
1400	#505050
1401	#4B4B4B
1402	#434343
1403	#303030
1404	#232323
1405	#222222
1406	#222222
1407	#222222
1408	#222222
1409	#222222
1410	#222222
1411	#222222
1412	#222222
1413	#222222
1414	#222222
1415	#222222
1416	#222222
1417	#222222
1418	#222222
1419	#222222
1420	#222222
1421	#222222
1422	#222222
1423	#222222
1424	#222222
1425	#222222
1426	#222222
1427	#222222
1428	#222222
1429	#222222
1430	#222222
1431	#222222
1432	#222222
1433	#222222
1434	#222222
1435	#222222
1436	#222222
1437	#222222
1438	#222222
1439	#222222
1440	#222222
1441	#222222
1442	#222222
1443	#222222
1444	#222222
1445	#222222
1446	#222222
1447	#222222
1448	#222222
1449	#222222
1450	#222222
1451	#222222
1452	#222222
1453	#222222
1454	#222222
1455	#222222
1456	#222222
1457	#222222
1458	#222222
1459	#222222
1460	#222222
1461	#222222
1462	#222222
1463	#222222
1464	#222222
1465	#222222
1466	#222222
1467	#222222
1468	#222222
1469	#222222
1470	#222222
1471	#222222
1472	#222222
1473	#222222
1474	#222222
1475	#222222
1476	#222222
1477	#222222
1478	#222222
1479	#222222
1480	#222222
1481	#222222
1482	#222222
1483	#222222
1484	#222222
1485	#222222
1486	#222222
1487	#222222
1488	#222222
1489	#222222
1490	#222222
1491	#222222
1492	#222222
1493	#222222
1494	#222222
1495	#222222
1496	#222222
1497	#222222
1498	#222222
1499	#222222
1500	#222222
1501	#222222
1502	#222222
1503	#222222
1504	#222222
1505	#222222
1506	#222222
1507	#222222
1508	#222222
1509	#222222
1510	#222222
1511	#222222
1512	#222222
1513	#222222
1514	#222222
1515	#222222
1516	#222222
1517	#222222
1518	#222222
1519	#222222
1520	#222222
1521	#222222
1522	#222222
1523	#222222
1524	#222222
1525	#222222
1526	#222222
1527	#222222
1528	#222222
1529	#222222
1530	#222222
1531	#222222
1532	#222222
1533	#222222
1534	#212121
1535	#242424
1536	#353535
1537	#454545
1538	#4B4B4B
1539	#4D4D4D
1540	#505050
1541	#4B4B4B
1542	#444444
1543	#323232
1544	#232323
1545	#222222
1546	#222222
1547	#222222
1548	#222222
1549	#222222
1550	#222222
1551	#222222
1552	#222222
1553	#222222
1554	#222222
1555	#222222
1556	#222222
1557	#222222
1558	#222222
1559	#222222
1560	#222222
1561	#222222
1562	#222222
1563	#222222
1564	#222222
1565	#222222
1566	#222222
1567	#222222
1568	#222222
1569	#222222
1570	#222222
1571	#222222
1572	#222222
1573	#222222
1574	#222222
1575	#222222
1576	#222222
1577	#222222
1578	#222222
1579	#222222
1580	#222222
1581	#222222
1582	#222222
1583	#222222
1584	#222222
1585	#222222
1586	#222222
1587	#222222
1588	#222222
1589	#222222
1590	#222222
1591	#222222
1592	#222222
1593	#222222
1594	#222222
1595	#222222
1596	#222222
1597	#222222
1598	#222222
1599	#222222
1600	#222222
1601	#222222
1602	#222222
1603	#222222
1604	#222222
1605	#222222
1606	#222222
1607	#222222
1608	#222222
1609	#222222
1610	#222222
1611	#222222
1612	#222222
1613	#222222
1614	#222222
1615	#222222
1616	#222222
1617	#222222
1618	#222222
1619	#222222
1620	#222222
1621	#222222
1622	#222222
1623	#222222
1624	#222222
1625	#222222
1626	#222222
1627	#222222
1628	#222222
1629	#222222
1630	#222222
1631	#222222
1632	#222222
1633	#222222
1634	#222222
1635	#222222
1636	#222222
1637	#222222
1638	#222222
1639	#222222
1640	#222222
1641	#222222
1642	#222222
1643	#222222
1644	#222222
1645	#222222
1646	#222222
1647	#222222
1648	#222222
1649	#222222
1650	#222222
1651	#222222
1652	#222222
1653	#222222
1654	#222222
1655	#222222
1656	#222222
1657	#222222
1658	#222222
1659	#222222
1660	#222222
1661	#222222
1662	#222222
1663	#222222
1664	#222222
1665	#222222
1666	#222222
1667	#222222
1668	#222222
1669	#222222
1670	#222222
1671	#222222
1672	#222222
1673	#222222
1674	#212121
1675	#252525
1676	#373737
1677	#474747
1678	#4B4B4B
1679	#4C4C4C
1680	#515151
1681	#4B4B4B
1682	#444444
1683	#333333
1684	#252525
1685	#222222
1686	#222222
1687	#222222
1688	#222222
1689	#222222
1690	#222222
1691	#222222
1692	#222222
1693	#222222
1694	#222222
1695	#222222
1696	#222222
1697	#222222
1698	#222222
1699	#222222
1700	#222222
1701	#222222
1702	#222222
1703	#222222
1704	#222222
1705	#222222
1706	#222222
1707	#222222
1708	#222222
1709	#222222
1710	#222222
1711	#222222
1712	#222222
1713	#222222
1714	#222222
1715	#222222
1716	#222222
1717	#222222
1718	#222222
1719	#222222
1720	#222222
1721	#222222
1722	#222222
1723	#222222
1724	#222222
1725	#222222
1726	#222222
1727	#222222
1728	#222222
1729	#222222
1730	#222222
1731	#222222
1732	#222222
1733	#222222
1734	#222222
1735	#222222
1736	#222222
1737	#222222
1738	#222222
1739	#222222
1740	#222222
1741	#222222
1742	#222222
1743	#222222
1744	#222222
1745	#222222
1746	#222222
1747	#222222
1748	#222222
1749	#222222
1750	#222222
1751	#222222
1752	#222222
1753	#222222
1754	#222222
1755	#222222
1756	#222222
1757	#222222
1758	#222222
1759	#222222
1760	#222222
1761	#222222
1762	#222222
1763	#222222
1764	#222222
1765	#222222
1766	#222222
1767	#222222
1768	#222222
1769	#222222
1770	#222222
1771	#222222
1772	#222222
1773	#222222
1774	#222222
1775	#222222
1776	#222222
1777	#222222
1778	#222222
1779	#222222
1780	#222222
1781	#222222
1782	#222222
1783	#222222
1784	#222222
1785	#222222
1786	#222222
1787	#222222
1788	#222222
1789	#222222
1790	#222222
1791	#222222
1792	#222222
1793	#222222
1794	#222222
1795	#222222
1796	#222222
1797	#222222
1798	#222222
1799	#222222
1800	#222222
1801	#222222
1802	#222222
1803	#222222
1804	#222222
1805	#222222
1806	#222222
1807	#222222
1808	#222222
1809	#222222
1810	#222222
1811	#222222
1812	#222222
1813	#222222
1814	#232323
1815	#282828
1816	#3A3A3A
1817	#474747
1818	#4A4A4A
1819	#4D4D4D
1820	#525252
1821	#4A4A4A
1822	#434343
1823	#343434
1824	#272727
1825	#212121
1826	#222222
1827	#222222
1828	#222222
1829	#222222
1830	#222222
1831	#222222
1832	#222222
1833	#222222
1834	#222222
1835	#222222
1836	#222222
1837	#222222
1838	#222222
1839	#222222
1840	#222222
1841	#222222
1842	#222222
1843	#222222
1844	#222222
1845	#222222
1846	#222222
1847	#222222
1848	#222222
1849	#222222
1850	#222222
1851	#222222
1852	#222222
1853	#222222
1854	#222222
1855	#222222
1856	#222222
1857	#222222
1858	#222222
1859	#222222
1860	#222222
1861	#222222
1862	#222222
1863	#222222
1864	#222222
1865	#222222
1866	#222222
1867	#222222
1868	#222222
1869	#222222
1870	#222222
1871	#222222
1872	#222222
1873	#222222
1874	#222222
1875	#222222
1876	#222222
1877	#222222
1878	#222222
1879	#222222
1880	#222222
1881	#222222
1882	#222222
1883	#222222
1884	#222222
1885	#222222
1886	#222222
1887	#222222
1888	#222222
1889	#222222
1890	#222222
1891	#222222
1892	#222222
1893	#222222
1894	#222222
1895	#222222
1896	#222222
1897	#222222
1898	#222222
1899	#222222
1900	#222222
1901	#222222
1902	#222222
1903	#222222
1904	#222222
1905	#222222
1906	#222222
1907	#222222
1908	#222222
1909	#222222
1910	#222222
1911	#222222
1912	#222222
1913	#222222
1914	#222222
1915	#222222
1916	#222222
1917	#222222
1918	#222222
1919	#222222
1920	#222222
1921	#222222
1922	#222222
1923	#222222
1924	#222222
1925	#222222
1926	#222222
1927	#222222
1928	#222222
1929	#222222
1930	#222222
1931	#222222
1932	#222222
1933	#222222
1934	#222222
1935	#222222
1936	#222222
1937	#222222
1938	#222222
1939	#222222
1940	#222222
1941	#222222
1942	#222222
1943	#222222
1944	#222222
1945	#222222
1946	#222222
1947	#222222
1948	#222222
1949	#222222
1950	#222222
1951	#222222
1952	#222222
1953	#222222
1954	#232323
1955	#292929
1956	#3A3A3A
1957	#464646
1958	#4A4A4A
1959	#4C4C4C
1960	#4F4F4F
1961	#494949
1962	#424242
1963	#363636
1964	#292929
1965	#222222
1966	#222222
1967	#222222
1968	#222222
1969	#222222
1970	#222222
1971	#222222
1972	#222222
1973	#222222
1974	#222222
1975	#222222
1976	#222222
1977	#222222
1978	#222222
1979	#222222
1980	#222222
1981	#222222
1982	#222222
1983	#222222
1984	#222222
1985	#222222
1986	#222222
1987	#222222
1988	#222222
1989	#222222
1990	#222222
1991	#222222
1992	#222222
1993	#222222
1994	#222222
1995	#222222
1996	#222222
1997	#222222
1998	#222222
1999	#222222
2000	#222222
2001	#222222
2002	#222222
2003	#222222
2004	#222222
2005	#222222
2006	#222222
2007	#222222
2008	#222222
2009	#222222
2010	#222222
2011	#222222
2012	#222222
2013	#222222
2014	#222222
2015	#222222
2016	#222222
2017	#222222
2018	#222222
2019	#222222
2020	#222222
2021	#222222
2022	#222222
2023	#222222
2024	#222222
2025	#222222
2026	#222222
2027	#222222
2028	#222222
2029	#222222
2030	#222222
2031	#222222
2032	#222222
2033	#222222
2034	#222222
2035	#222222
2036	#222222
2037	#222222
2038	#222222
2039	#222222
2040	#222222
2041	#222222
2042	#222222
2043	#222222
2044	#222222
2045	#222222
2046	#222222
2047	#222222
2048	#222222
2049	#222222
2050	#222222
2051	#222222
2052	#222222
2053	#222222
2054	#222222
2055	#222222
2056	#222222
2057	#222222
2058	#222222
2059	#222222
2060	#222222
2061	#222222
2062	#222222
2063	#222222
2064	#222222
2065	#222222
2066	#222222
2067	#222222
2068	#222222
2069	#222222
2070	#222222
2071	#222222
2072	#222222
2073	#222222
2074	#222222
2075	#222222
2076	#222222
2077	#222222
2078	#222222
2079	#222222
2080	#222222
2081	#222222
2082	#222222
2083	#222222
2084	#222222
2085	#222222
2086	#222222
2087	#222222
2088	#222222
2089	#222222
2090	#222222
2091	#222222
2092	#222222
2093	#222222
2094	#232323
2095	#2B2B2B
2096	#3A3A3A
2097	#464646
2098	#4C4C4C
2099	#4B4B4B
2100	#474747
2101	#4D4D4D
2102	#414141
2103	#353535
2104	#2B2B2B
2105	#222222
2106	#222222
2107	#222222
2108	#222222
2109	#222222
2110	#222222
2111	#222222
2112	#222222
2113	#222222
2114	#222222
2115	#222222
2116	#222222
2117	#222222
2118	#222222
2119	#222222
2120	#222222
2121	#222222
2122	#222222
2123	#222222
2124	#222222
2125	#222222
2126	#222222
2127	#222222
2128	#222222
2129	#222222
2130	#222222
2131	#222222
2132	#222222
2133	#222222
2134	#222222
2135	#222222
2136	#222222
2137	#222222
2138	#222222
2139	#222222
2140	#222222
2141	#222222
2142	#222222
2143	#222222
2144	#222222
2145	#222222
2146	#222222
2147	#222222
2148	#222222
2149	#222222
2150	#222222
2151	#222222
2152	#222222
2153	#222222
2154	#222222
2155	#222222
2156	#222222
2157	#222222
2158	#222222
2159	#222222
2160	#222222
2161	#222222
2162	#222222
2163	#222222
2164	#222222
2165	#222222
2166	#222222
2167	#222222
2168	#222222
2169	#222222
2170	#222222
2171	#222222
2172	#222222
2173	#222222
2174	#222222
2175	#222222
2176	#222222
2177	#222222
2178	#222222
2179	#222222
2180	#222222
2181	#222222
2182	#222222
2183	#222222
2184	#222222
2185	#222222
2186	#222222
2187	#222222
2188	#222222
2189	#222222
2190	#222222
2191	#222222
2192	#222222
2193	#222222
2194	#222222
2195	#222222
2196	#222222
2197	#222222
2198	#222222
2199	#222222
2200	#222222
2201	#222222
2202	#222222
2203	#222222
2204	#222222
2205	#222222
2206	#222222
2207	#222222
2208	#222222
2209	#222222
2210	#222222
2211	#222222
2212	#222222
2213	#222222
2214	#222222
2215	#222222
2216	#222222
2217	#222222
2218	#222222
2219	#222222
2220	#222222
2221	#222222
2222	#222222
2223	#222222
2224	#222222
2225	#222222
2226	#222222
2227	#222222
2228	#222222
2229	#222222
2230	#222222
2231	#222222
2232	#222222
2233	#212121
2234	#242424
2235	#2F2F2F
2236	#3B3B3B
2237	#464646
2238	#505050
2239	#4D4D4D
2240	#3D3D3D
2241	#4A4A4A
2242	#3F3F3F
2243	#363636
2244	#2D2D2D
2245	#222222
2246	#222222
2247	#222222
2248	#222222
2249	#222222
2250	#222222
2251	#222222
2252	#222222
2253	#222222
2254	#222222
2255	#222222
2256	#222222
2257	#222222
2258	#222222
2259	#222222
2260	#222222
2261	#222222
2262	#222222
2263	#222222
2264	#222222
2265	#222222
2266	#222222
2267	#222222
2268	#222222
2269	#222222
2270	#222222
2271	#222222
2272	#222222
2273	#222222
2274	#222222
2275	#222222
2276	#222222
2277	#222222
2278	#222222
2279	#222222
2280	#222222
2281	#222222
2282	#222222
2283	#222222
2284	#222222
2285	#222222
2286	#222222
2287	#222222
2288	#222222
2289	#222222
2290	#222222
2291	#222222
2292	#222222
2293	#222222
2294	#222222
2295	#222222
2296	#222222
2297	#222222
2298	#222222
2299	#222222
2300	#222222
2301	#222222
2302	#222222
2303	#222222
2304	#222222
2305	#222222
2306	#222222
2307	#222222
2308	#222222
2309	#222222
2310	#222222
2311	#222222
2312	#222222
2313	#222222
2314	#222222
2315	#222222
2316	#222222
2317	#222222
2318	#222222
2319	#222222
2320	#222222
2321	#222222
2322	#222222
2323	#222222
2324	#222222
2325	#222222
2326	#222222
2327	#222222
2328	#222222
2329	#222222
2330	#222222
2331	#222222
2332	#222222
2333	#222222
2334	#222222
2335	#222222
2336	#222222
2337	#222222
2338	#222222
2339	#222222
2340	#222222
2341	#222222
2342	#222222
2343	#222222
2344	#222222
2345	#222222
2346	#222222
2347	#222222
2348	#222222
2349	#222222
2350	#222222
2351	#222222
2352	#222222
2353	#222222
2354	#222222
2355	#222222
2356	#222222
2357	#222222
2358	#222222
2359	#222222
2360	#222222
2361	#222222
2362	#222222
2363	#222222
2364	#222222
2365	#222222
2366	#222222
2367	#222222
2368	#222222
2369	#222222
2370	#222222
2371	#222222
2372	#222222
2373	#212121
2374	#262626
2375	#313131
2376	#3B3B3B
2377	#444444
2378	#4E4E4E
2379	#4C4C4C
2380	#414141
2381	#484848
2382	#3E3E3E
2383	#373737
2384	#2D2D2D
2385	#222222
2386	#222222
2387	#222222
2388	#222222
2389	#222222
2390	#222222
2391	#222222
2392	#222222
2393	#222222
2394	#222222
2395	#222222
2396	#222222
2397	#222222
2398	#222222
2399	#222222
2400	#222222
2401	#222222
2402	#222222
2403	#222222
2404	#222222
2405	#222222
2406	#222222
2407	#222222
2408	#222222
2409	#222222
2410	#222222
2411	#222222
2412	#222222
2413	#222222
2414	#222222
2415	#222222
2416	#222222
2417	#222222
2418	#222222
2419	#222222
2420	#222222
2421	#222222
2422	#222222
2423	#222222
2424	#222222
2425	#222222
2426	#222222
2427	#222222
2428	#222222
2429	#222222
2430	#222222
2431	#222222
2432	#222222
2433	#222222
2434	#222222
2435	#222222
2436	#222222
2437	#222222
2438	#222222
2439	#222222
2440	#222222
2441	#222222
2442	#222222
2443	#222222
2444	#222222
2445	#222222
2446	#222222
2447	#222222
2448	#222222
2449	#222222
2450	#222222
2451	#222222
2452	#222222
2453	#222222
2454	#222222
2455	#222222
2456	#222222
2457	#222222
2458	#222222
2459	#222222
2460	#222222
2461	#222222
2462	#222222
2463	#222222
2464	#222222
2465	#222222
2466	#222222
2467	#222222
2468	#222222
2469	#222222
2470	#222222
2471	#222222
2472	#222222
2473	#222222
2474	#222222
2475	#222222
2476	#222222
2477	#222222
2478	#222222
2479	#222222
2480	#222222
2481	#222222
2482	#222222
2483	#222222
2484	#222222
2485	#222222
2486	#222222
2487	#222222
2488	#222222
2489	#222222
2490	#222222
2491	#222222
2492	#222222
2493	#222222
2494	#222222
2495	#222222
2496	#222222
2497	#222222
2498	#222222
2499	#222222
2500	#222222
2501	#222222
2502	#222222
2503	#222222
2504	#222222
2505	#222222
2506	#222222
2507	#222222
2508	#222222
2509	#222222
2510	#222222
2511	#222222
2512	#222222
2513	#212121
2514	#262626
2515	#333333
2516	#3B3B3B
2517	#444444
2518	#4B4B4B
2519	#4C4C4C
2520	#484848
2521	#4A4A4A
2522	#404040
2523	#373737
2524	#2D2D2D
2525	#222222
2526	#222222
2527	#222222
2528	#222222
2529	#222222
2530	#222222
2531	#222222
2532	#222222
2533	#222222
2534	#222222
2535	#222222
2536	#222222
2537	#222222
2538	#222222
2539	#222222
2540	#222222
2541	#222222
2542	#222222
2543	#222222
2544	#222222
2545	#222222
2546	#222222
2547	#222222
2548	#222222
2549	#222222
2550	#222222
2551	#222222
2552	#222222
2553	#222222
2554	#222222
2555	#222222
2556	#222222
2557	#222222
2558	#222222
2559	#222222
2560	#222222
2561	#222222
2562	#222222
2563	#222222
2564	#222222
2565	#222222
2566	#222222
2567	#222222
2568	#222222
2569	#222222
2570	#222222
2571	#222222
2572	#222222
2573	#222222
2574	#222222
2575	#222222
2576	#222222
2577	#222222
2578	#222222
2579	#222222
2580	#222222
2581	#222222
2582	#222222
2583	#222222
2584	#222222
2585	#222222
2586	#222222
2587	#222222
2588	#222222
2589	#222222
2590	#222222
2591	#222222
2592	#222222
2593	#222222
2594	#222222
2595	#222222
2596	#222222
2597	#222222
2598	#222222
2599	#222222
2600	#222222
2601	#222222
2602	#222222
2603	#222222
2604	#222222
2605	#222222
2606	#222222
2607	#222222
2608	#222222
2609	#222222
2610	#222222
2611	#222222
2612	#222222
2613	#222222
2614	#222222
2615	#222222
2616	#222222
2617	#222222
2618	#222222
2619	#222222
2620	#222222
2621	#222222
2622	#222222
2623	#222222
2624	#222222
2625	#222222
2626	#222222
2627	#222222
2628	#222222
2629	#222222
2630	#222222
2631	#222222
2632	#222222
2633	#222222
2634	#222222
2635	#222222
2636	#222222
2637	#222222
2638	#222222
2639	#222222
2640	#222222
2641	#222222
2642	#222222
2643	#222222
2644	#222222
2645	#222222
2646	#222222
2647	#222222
2648	#222222
2649	#222222
2650	#222222
2651	#222222
2652	#222222
2653	#222222
2654	#272727
2655	#333333
2656	#3C3C3C
2657	#444444
2658	#4B4B4B
2659	#4D4D4D
2660	#4D4D4D
2661	#4A4A4A
2662	#414141
2663	#373737
2664	#2D2D2D
2665	#242424
2666	#222222
2667	#222222
2668	#222222
2669	#222222
2670	#222222
2671	#222222
2672	#222222
2673	#222222
2674	#222222
2675	#222222
2676	#222222
2677	#222222
2678	#222222
2679	#222222
2680	#222222
2681	#222222
2682	#222222
2683	#222222
2684	#222222
2685	#222222
2686	#222222
2687	#222222
2688	#222222
2689	#222222
2690	#222222
2691	#222222
2692	#222222
2693	#222222
2694	#222222
2695	#222222
2696	#222222
2697	#222222
2698	#222222
2699	#222222
2700	#222222
2701	#222222
2702	#222222
2703	#222222
2704	#222222
2705	#222222
2706	#222222
2707	#222222
2708	#222222
2709	#222222
2710	#222222
2711	#222222
2712	#222222
2713	#222222
2714	#222222
2715	#222222
2716	#222222
2717	#222222
2718	#222222
2719	#222222
2720	#222222
2721	#222222
2722	#222222
2723	#222222
2724	#222222
2725	#222222
2726	#222222
2727	#222222
2728	#222222
2729	#222222
2730	#222222
2731	#222222
2732	#222222
2733	#222222
2734	#222222
2735	#222222
2736	#222222
2737	#222222
2738	#222222
2739	#222222
2740	#222222
2741	#222222
2742	#222222
2743	#222222
2744	#222222
2745	#222222
2746	#222222
2747	#222222
2748	#222222
2749	#222222
2750	#222222
2751	#222222
2752	#222222
2753	#222222
2754	#222222
2755	#222222
2756	#222222
2757	#222222
2758	#222222
2759	#222222
2760	#222222
2761	#222222
2762	#222222
2763	#222222
2764	#222222
2765	#222222
2766	#222222
2767	#222222
2768	#222222
2769	#222222
2770	#222222
2771	#222222
2772	#222222
2773	#222222
2774	#222222
2775	#222222
2776	#222222
2777	#222222
2778	#222222
2779	#222222
2780	#222222
2781	#222222
2782	#222222
2783	#222222
2784	#222222
2785	#222222
2786	#222222
2787	#222222
2788	#222222
2789	#222222
2790	#222222
2791	#222222
2792	#222222
2793	#252525
2794	#2A2A2A
2795	#323232
2796	#3C3C3C
2797	#454545
2798	#4A4A4A
2799	#4D4D4D
2800	#505050
2801	#4A4A4A
2802	#414141
2803	#373737
2804	#2F2F2F
2805	#252525
2806	#222222
2807	#222222
2808	#222222
2809	#222222
2810	#222222
2811	#222222
2812	#222222
2813	#222222
2814	#222222
2815	#222222
2816	#222222
2817	#222222
2818	#222222
2819	#222222
2820	#222222
2821	#222222
2822	#222222
2823	#222222
2824	#222222
2825	#222222
2826	#222222
2827	#222222
2828	#222222
2829	#222222
2830	#222222
2831	#222222
2832	#222222
2833	#222222
2834	#222222
2835	#222222
2836	#222222
2837	#222222
2838	#222222
2839	#222222
2840	#222222
2841	#222222
2842	#222222
2843	#222222
2844	#222222
2845	#222222
2846	#222222
2847	#222222
2848	#222222
2849	#222222
2850	#222222
2851	#222222
2852	#222222
2853	#222222
2854	#222222
2855	#222222
2856	#222222
2857	#222222
2858	#222222
2859	#222222
2860	#222222
2861	#222222
2862	#222222
2863	#222222
2864	#222222
2865	#222222
2866	#222222
2867	#222222
2868	#222222
2869	#222222
2870	#222222
2871	#222222
2872	#222222
2873	#222222
2874	#222222
2875	#222222
2876	#222222
2877	#222222
2878	#222222
2879	#222222
2880	#222222
2881	#222222
2882	#222222
2883	#222222
2884	#222222
2885	#222222
2886	#222222
2887	#222222
2888	#222222
2889	#222222
2890	#222222
2891	#222222
2892	#222222
2893	#222222
2894	#222222
2895	#222222
2896	#222222
2897	#222222
2898	#222222
2899	#222222
2900	#222222
2901	#222222
2902	#222222
2903	#222222
2904	#222222
2905	#222222
2906	#222222
2907	#222222
2908	#222222
2909	#222222
2910	#222222
2911	#222222
2912	#222222
2913	#222222
2914	#222222
2915	#222222
2916	#222222
2917	#222222
2918	#222222
2919	#222222
2920	#222222
2921	#222222
2922	#222222
2923	#222222
2924	#222222
2925	#222222
2926	#222222
2927	#222222
2928	#222222
2929	#222222
2930	#222222
2931	#222222
2932	#222222
2933	#252525
2934	#2C2C2C
2935	#343434
2936	#3D3D3D
2937	#454545
2938	#4A4A4A
2939	#4D4D4D
2940	#505050
2941	#484848
2942	#404040
2943	#353535
2944	#2E2E2E
2945	#272727
2946	#232323
2947	#222222
2948	#222222
2949	#222222
2950	#222222
2951	#222222
2952	#222222
2953	#222222
2954	#222222
2955	#222222
2956	#222222
2957	#222222
2958	#222222
2959	#222222
2960	#222222
2961	#222222
2962	#222222
2963	#222222
2964	#222222
2965	#222222
2966	#222222
2967	#222222
2968	#222222
2969	#222222
2970	#222222
2971	#222222
2972	#222222
2973	#222222
2974	#222222
2975	#222222
2976	#222222
2977	#222222
2978	#222222
2979	#222222
2980	#222222
2981	#222222
2982	#222222
2983	#222222
2984	#222222
2985	#222222
2986	#222222
2987	#222222
2988	#222222
2989	#222222
2990	#222222
2991	#222222
2992	#222222
2993	#222222
2994	#222222
2995	#222222
2996	#222222
2997	#222222
2998	#222222
2999	#222222
3000	#222222
3001	#222222
3002	#222222
3003	#222222
3004	#222222
3005	#222222
3006	#222222
3007	#222222
3008	#222222
3009	#222222
3010	#222222
3011	#222222
3012	#222222
3013	#222222
3014	#222222
3015	#222222
3016	#222222
3017	#222222
3018	#222222
3019	#222222
3020	#222222
3021	#222222
3022	#222222
3023	#222222
3024	#222222
3025	#222222
3026	#222222
3027	#222222
3028	#222222
3029	#222222
3030	#222222
3031	#222222
3032	#222222
3033	#222222
3034	#222222
3035	#222222
3036	#222222
3037	#222222
3038	#222222
3039	#222222
3040	#222222
3041	#222222
3042	#222222
3043	#222222
3044	#222222
3045	#222222
3046	#222222
3047	#222222
3048	#222222
3049	#222222
3050	#222222
3051	#222222
3052	#222222
3053	#222222
3054	#222222
3055	#222222
3056	#222222
3057	#222222
3058	#222222
3059	#222222
3060	#222222
3061	#222222
3062	#222222
3063	#222222
3064	#222222
3065	#222222
3066	#222222
3067	#222222
3068	#222222
3069	#222222
3070	#222222
3071	#222222
3072	#222222
3073	#232323
3074	#2A2A2A
3075	#363636
3076	#3C3C3C
3077	#444444
3078	#4A4A4A
3079	#4D4D4D
3080	#505050
3081	#484848
3082	#404040
3083	#353535
3084	#2D2D2D
3085	#272727
3086	#232323
3087	#222222
3088	#222222
3089	#222222
3090	#222222
3091	#222222
3092	#222222
3093	#222222
3094	#222222
3095	#222222
3096	#222222
3097	#222222
3098	#222222
3099	#222222
3100	#222222
3101	#222222
3102	#222222
3103	#222222
3104	#222222
3105	#222222
3106	#222222
3107	#222222
3108	#222222
3109	#222222
3110	#222222
3111	#222222
3112	#222222
3113	#222222
3114	#222222
3115	#222222
3116	#222222
3117	#222222
3118	#222222
3119	#222222
3120	#222222
3121	#222222
3122	#222222
3123	#222222
3124	#222222
3125	#222222
3126	#222222
3127	#222222
3128	#222222
3129	#222222
3130	#222222
3131	#222222
3132	#222222
3133	#222222
3134	#222222
3135	#222222
3136	#222222
3137	#222222
3138	#222222
3139	#222222
3140	#222222
3141	#222222
3142	#222222
3143	#222222
3144	#222222
3145	#222222
3146	#222222
3147	#222222
3148	#222222
3149	#222222
3150	#222222
3151	#222222
3152	#222222
3153	#222222
3154	#222222
3155	#222222
3156	#222222
3157	#222222
3158	#222222
3159	#222222
3160	#222222
3161	#222222
3162	#222222
3163	#222222
3164	#222222
3165	#222222
3166	#222222
3167	#222222
3168	#222222
3169	#222222
3170	#222222
3171	#222222
3172	#222222
3173	#222222
3174	#222222
3175	#222222
3176	#222222
3177	#222222
3178	#222222
3179	#222222
3180	#222222
3181	#222222
3182	#222222
3183	#222222
3184	#222222
3185	#222222
3186	#222222
3187	#222222
3188	#222222
3189	#222222
3190	#222222
3191	#222222
3192	#222222
3193	#222222
3194	#222222
3195	#222222
3196	#222222
3197	#222222
3198	#222222
3199	#222222
3200	#222222
3201	#222222
3202	#222222
3203	#222222
3204	#222222
3205	#222222
3206	#222222
3207	#222222
3208	#222222
3209	#222222
3210	#222222
3211	#222222
3212	#222222
3213	#232323
3214	#2B2B2B
3215	#353535
3216	#3C3C3C
3217	#444444
3218	#4A4A4A
3219	#4D4D4D
3220	#505050
3221	#494949
3222	#404040
3223	#353535
3224	#2D2D2D
3225	#262626
3226	#232323
3227	#222222
3228	#222222
3229	#222222
3230	#222222
3231	#222222
3232	#222222
3233	#222222
3234	#222222
3235	#222222
3236	#222222
3237	#222222
3238	#222222
3239	#222222
3240	#222222
3241	#222222
3242	#222222
3243	#222222
3244	#222222
3245	#222222
3246	#222222
3247	#222222
3248	#222222
3249	#222222
3250	#222222
3251	#222222
3252	#222222
3253	#222222
3254	#222222
3255	#222222
3256	#222222
3257	#222222
3258	#222222
3259	#222222
3260	#222222
3261	#222222
3262	#222222
3263	#222222
3264	#222222
3265	#222222
3266	#222222
3267	#222222
3268	#222222
3269	#222222
3270	#222222
3271	#222222
3272	#222222
3273	#222222
3274	#222222
3275	#222222
3276	#222222
3277	#222222
3278	#222222
3279	#222222
3280	#222222
3281	#222222
3282	#222222
3283	#222222
3284	#222222
3285	#222222
3286	#222222
3287	#222222
3288	#222222
3289	#222222
3290	#222222
3291	#222222
3292	#222222
3293	#222222
3294	#222222
3295	#222222
3296	#222222
3297	#222222
3298	#222222
3299	#222222
3300	#222222
3301	#222222
3302	#222222
3303	#222222
3304	#222222
3305	#222222
3306	#222222
3307	#222222
3308	#222222
3309	#222222
3310	#222222
3311	#222222
3312	#222222
3313	#222222
3314	#222222
3315	#222222
3316	#222222
3317	#222222
3318	#222222
3319	#222222
3320	#222222
3321	#222222
3322	#222222
3323	#222222
3324	#222222
3325	#222222
3326	#222222
3327	#222222
3328	#222222
3329	#222222
3330	#222222
3331	#222222
3332	#222222
3333	#222222
3334	#222222
3335	#222222
3336	#222222
3337	#222222
3338	#222222
3339	#222222
3340	#222222
3341	#222222
3342	#222222
3343	#222222
3344	#222222
3345	#222222
3346	#222222
3347	#222222
3348	#222222
3349	#222222
3350	#222222
3351	#222222
3352	#222222
3353	#242424
3354	#2C2C2C
3355	#343434
3356	#3C3C3C
3357	#444444
3358	#4A4A4A
3359	#4D4D4D
3360	#505050
3361	#484848
3362	#3F3F3F
3363	#353535
3364	#2E2E2E
3365	#272727
3366	#232323
3367	#222222
3368	#222222
3369	#222222
3370	#222222
3371	#222222
3372	#222222
3373	#222222
3374	#222222
3375	#222222
3376	#222222
3377	#222222
3378	#222222
3379	#222222
3380	#222222
3381	#222222
3382	#222222
3383	#222222
3384	#222222
3385	#222222
3386	#222222
3387	#222222
3388	#222222
3389	#222222
3390	#222222
3391	#222222
3392	#222222
3393	#222222
3394	#222222
3395	#222222
3396	#222222
3397	#222222
3398	#222222
3399	#222222
3400	#222222
3401	#222222
3402	#222222
3403	#222222
3404	#222222
3405	#222222
3406	#222222
3407	#222222
3408	#222222
3409	#222222
3410	#222222
3411	#222222
3412	#222222
3413	#222222
3414	#222222
3415	#222222
3416	#222222
3417	#222222
3418	#222222
3419	#222222
3420	#222222
3421	#222222
3422	#222222
3423	#222222
3424	#222222
3425	#222222
3426	#222222
3427	#222222
3428	#222222
3429	#222222
3430	#222222
3431	#222222
3432	#222222
3433	#222222
3434	#222222
3435	#222222
3436	#222222
3437	#222222
3438	#222222
3439	#222222
3440	#222222
3441	#222222
3442	#222222
3443	#222222
3444	#222222
3445	#222222
3446	#222222
3447	#222222
3448	#222222
3449	#222222
3450	#222222
3451	#222222
3452	#222222
3453	#222222
3454	#222222
3455	#222222
3456	#222222
3457	#222222
3458	#222222
3459	#222222
3460	#222222
3461	#222222
3462	#222222
3463	#222222
3464	#222222
3465	#222222
3466	#222222
3467	#222222
3468	#222222
3469	#222222
3470	#222222
3471	#222222
3472	#222222
3473	#222222
3474	#222222
3475	#222222
3476	#222222
3477	#222222
3478	#222222
3479	#222222
3480	#222222
3481	#222222
3482	#222222
3483	#222222
3484	#222222
3485	#222222
3486	#222222
3487	#222222
3488	#222222
3489	#222222
3490	#222222
3491	#222222
3492	#222222
3493	#252525
3494	#2C2C2C
3495	#353535
3496	#3B3B3B
3497	#444444
3498	#4A4A4A
3499	#4D4D4D
3500	#4F4F4F
3501	#454545
3502	#3F3F3F
3503	#363636
3504	#2F2F2F
3505	#282828
3506	#232323
3507	#222222
3508	#222222
3509	#222222
3510	#222222
3511	#222222
3512	#222222
3513	#222222
3514	#222222
3515	#222222
3516	#222222
3517	#222222
3518	#222222
3519	#222222
3520	#222222
3521	#222222
3522	#222222
3523	#222222
3524	#222222
3525	#222222
3526	#222222
3527	#222222
3528	#222222
3529	#222222
3530	#222222
3531	#222222
3532	#222222
3533	#222222
3534	#222222
3535	#222222
3536	#222222
3537	#222222
3538	#222222
3539	#222222
3540	#222222
3541	#222222
3542	#222222
3543	#222222
3544	#222222
3545	#222222
3546	#222222
3547	#222222
3548	#222222
3549	#222222
3550	#222222
3551	#222222
3552	#222222
3553	#222222
3554	#222222
3555	#222222
3556	#222222
3557	#222222
3558	#222222
3559	#222222
3560	#222222
3561	#222222
3562	#222222
3563	#222222
3564	#222222
3565	#222222
3566	#222222
3567	#222222
3568	#222222
3569	#222222
3570	#222222
3571	#222222
3572	#222222
3573	#222222
3574	#222222
3575	#222222
3576	#222222
3577	#222222
3578	#222222
3579	#222222
3580	#222222
3581	#222222
3582	#222222
3583	#222222
3584	#222222
3585	#222222
3586	#222222
3587	#222222
3588	#222222
3589	#222222
3590	#222222
3591	#222222
3592	#222222
3593	#222222
3594	#222222
3595	#222222
3596	#222222
3597	#222222
3598	#222222
3599	#222222
3600	#222222
3601	#222222
3602	#222222
3603	#222222
3604	#222222
3605	#222222
3606	#222222
3607	#222222
3608	#222222
3609	#222222
3610	#222222
3611	#222222
3612	#222222
3613	#222222
3614	#222222
3615	#222222
3616	#222222
3617	#222222
3618	#222222
3619	#222222
3620	#222222
3621	#222222
3622	#222222
3623	#222222
3624	#222222
3625	#222222
3626	#222222
3627	#222222
3628	#222222
3629	#222222
3630	#222222
3631	#222222
3632	#232323
3633	#272727
3634	#2E2E2E
3635	#363636
3636	#3C3C3C
3637	#444444
3638	#4B4B4B
3639	#4A4A4A
3640	#464646
3641	#4D4D4D
3642	#404040
3643	#333333
3644	#2D2D2D
3645	#282828
3646	#232323
3647	#222222
3648	#222222
3649	#222222
3650	#222222
3651	#222222
3652	#222222
3653	#222222
3654	#222222
3655	#222222
3656	#222222
3657	#222222
3658	#222222
3659	#222222
3660	#222222
3661	#222222
3662	#222222
3663	#222222
3664	#222222
3665	#222222
3666	#222222
3667	#222222
3668	#222222
3669	#222222
3670	#222222
3671	#222222
3672	#222222
3673	#222222
3674	#222222
3675	#222222
3676	#222222
3677	#222222
3678	#222222
3679	#222222
3680	#222222
3681	#222222
3682	#222222
3683	#222222
3684	#222222
3685	#222222
3686	#222222
3687	#222222
3688	#222222
3689	#222222
3690	#222222
3691	#222222
3692	#222222
3693	#222222
3694	#222222
3695	#222222
3696	#222222
3697	#222222
3698	#222222
3699	#222222
3700	#222222
3701	#222222
3702	#222222
3703	#222222
3704	#222222
3705	#222222
3706	#222222
3707	#222222
3708	#222222
3709	#222222
3710	#222222
3711	#222222
3712	#222222
3713	#222222
3714	#222222
3715	#222222
3716	#222222
3717	#222222
3718	#222222
3719	#222222
3720	#222222
3721	#222222
3722	#222222
3723	#222222
3724	#222222
3725	#222222
3726	#222222
3727	#222222
3728	#222222
3729	#222222
3730	#222222
3731	#222222
3732	#222222
3733	#222222
3734	#222222
3735	#222222
3736	#222222
3737	#222222
3738	#222222
3739	#222222
3740	#222222
3741	#222222
3742	#222222
3743	#222222
3744	#222222
3745	#222222
3746	#222222
3747	#222222
3748	#222222
3749	#222222
3750	#222222
3751	#222222
3752	#222222
3753	#222222
3754	#222222
3755	#222222
3756	#222222
3757	#222222
3758	#222222
3759	#222222
3760	#222222
3761	#222222
3762	#222222
3763	#222222
3764	#222222
3765	#222222
3766	#222222
3767	#222222
3768	#222222
3769	#222222
3770	#222222
3771	#222222
3772	#232323
3773	#272727
3774	#2F2F2F
3775	#373737
3776	#3C3C3C
3777	#444444
3778	#4F4F4F
3779	#4B4B4B
3780	#393939
3781	#4A4A4A
3782	#3C3C3C
3783	#313131
3784	#2C2C2C
3785	#272727
3786	#232323
3787	#222222
3788	#222222
3789	#222222
3790	#222222
3791	#222222
3792	#222222
3793	#222222
3794	#222222
3795	#222222
3796	#222222
3797	#222222
3798	#222222
3799	#222222
3800	#222222
3801	#222222
3802	#222222
3803	#222222
3804	#222222
3805	#222222
3806	#222222
3807	#222222
3808	#222222
3809	#222222
3810	#222222
3811	#222222
3812	#222222
3813	#222222
3814	#222222
3815	#222222
3816	#222222
3817	#222222
3818	#222222
3819	#222222
3820	#222222
3821	#222222
3822	#222222
3823	#222222
3824	#222222
3825	#222222
3826	#222222
3827	#222222
3828	#222222
3829	#222222
3830	#222222
3831	#222222
3832	#222222
3833	#222222
3834	#222222
3835	#222222
3836	#222222
3837	#222222
3838	#222222
3839	#222222
3840	#222222
3841	#222222
3842	#222222
3843	#222222
3844	#222222
3845	#222222
3846	#222222
3847	#222222
3848	#222222
3849	#222222
3850	#222222
3851	#222222
3852	#222222
3853	#222222
3854	#222222
3855	#222222
3856	#222222
3857	#222222
3858	#222222
3859	#222222
3860	#222222
3861	#222222
3862	#222222
3863	#222222
3864	#222222
3865	#222222
3866	#222222
3867	#222222
3868	#222222
3869	#222222
3870	#222222
3871	#222222
3872	#222222
3873	#222222
3874	#222222
3875	#222222
3876	#222222
3877	#222222
3878	#222222
3879	#222222
3880	#222222
3881	#222222
3882	#222222
3883	#222222
3884	#222222
3885	#222222
3886	#222222
3887	#222222
3888	#222222
3889	#222222
3890	#222222
3891	#222222
3892	#222222
3893	#222222
3894	#222222
3895	#222222
3896	#222222
3897	#222222
3898	#222222
3899	#222222
3900	#222222
3901	#222222
3902	#222222
3903	#222222
3904	#222222
3905	#222222
3906	#222222
3907	#222222
3908	#222222
3909	#222222
3910	#222222
3911	#222222
3912	#232323
3913	#262626
3914	#2E2E2E
3915	#373737
3916	#3C3C3C
3917	#444444
3918	#505050
3919	#4E4E4E
3920	#3E3E3E
3921	#434343
3922	#3A3A3A
3923	#323232
3924	#2D2D2D
3925	#272727
3926	#232323
3927	#222222
3928	#222222
3929	#222222
3930	#222222
3931	#222222
3932	#222222
3933	#222222
3934	#222222
3935	#222222
3936	#222222
3937	#222222
3938	#222222
3939	#222222
3940	#222222
3941	#222222
3942	#222222
3943	#222222
3944	#222222
3945	#222222
3946	#222222
3947	#222222
3948	#222222
3949	#222222
3950	#222222
3951	#222222
3952	#222222
3953	#222222
3954	#222222
3955	#222222
3956	#222222
3957	#222222
3958	#222222
3959	#222222
3960	#222222
3961	#222222
3962	#222222
3963	#222222
3964	#222222
3965	#222222
3966	#222222
3967	#222222
3968	#222222
3969	#222222
3970	#222222
3971	#222222
3972	#222222
3973	#222222
3974	#222222
3975	#222222
3976	#222222
3977	#222222
3978	#222222
3979	#222222
3980	#222222
3981	#222222
3982	#222222
3983	#222222
3984	#222222
3985	#222222
3986	#222222
3987	#222222
3988	#222222
3989	#222222
3990	#222222
3991	#222222
3992	#222222
3993	#222222
3994	#222222
3995	#222222
3996	#222222
3997	#222222
3998	#222222
3999	#222222
4000	#222222
4001	#222222
4002	#222222
4003	#222222
4004	#222222
4005	#222222
4006	#222222
4007	#222222
4008	#222222
4009	#222222
4010	#222222
4011	#222222
4012	#222222
4013	#222222
4014	#222222
4015	#222222
4016	#222222
4017	#222222
4018	#222222
4019	#222222
4020	#222222
4021	#222222
4022	#222222
4023	#222222
4024	#222222
4025	#222222
4026	#222222
4027	#222222
4028	#222222
4029	#222222
4030	#222222
4031	#222222
4032	#222222
4033	#222222
4034	#222222
4035	#222222
4036	#222222
4037	#222222
4038	#222222
4039	#222222
4040	#222222
4041	#222222
4042	#222222
4043	#222222
4044	#222222
4045	#222222
4046	#222222
4047	#222222
4048	#222222
4049	#222222
4050	#222222
4051	#222222
4052	#232323
4053	#272727
4054	#2F2F2F
4055	#373737
4056	#3C3C3C
4057	#434343
4058	#4C4C4C
4059	#4E4E4E
4060	#4A4A4A
4061	#484848
4062	#3E3E3E
4063	#333333
4064	#2C2C2C
4065	#282828
4066	#232323
4067	#222222
4068	#222222
4069	#222222
4070	#222222
4071	#222222
4072	#222222
4073	#222222
4074	#222222
4075	#222222
4076	#222222
4077	#222222
4078	#222222
4079	#222222
4080	#222222
4081	#222222
4082	#222222
4083	#222222
4084	#222222
4085	#222222
4086	#222222
4087	#222222
4088	#222222
4089	#222222
4090	#222222
4091	#222222
4092	#222222
4093	#222222
4094	#222222
4095	#222222
4096	#222222
4097	#222222
4098	#222222
4099	#222222
4100	#222222
4101	#222222
4102	#222222
4103	#222222
4104	#222222
4105	#222222
4106	#222222
4107	#222222
4108	#222222
4109	#222222
4110	#222222
4111	#222222
4112	#222222
4113	#222222
4114	#222222
4115	#222222
4116	#222222
4117	#222222
4118	#222222
4119	#222222
4120	#222222
4121	#222222
4122	#222222
4123	#222222
4124	#222222
4125	#222222
4126	#222222
4127	#222222
4128	#222222
4129	#222222
4130	#222222
4131	#222222
4132	#222222
4133	#222222
4134	#222222
4135	#222222
4136	#222222
4137	#222222
4138	#222222
4139	#222222
4140	#222222
4141	#222222
4142	#222222
4143	#222222
4144	#222222
4145	#222222
4146	#222222
4147	#222222
4148	#222222
4149	#222222
4150	#222222
4151	#222222
4152	#222222
4153	#222222
4154	#222222
4155	#222222
4156	#222222
4157	#222222
4158	#222222
4159	#222222
4160	#222222
4161	#222222
4162	#222222
4163	#222222
4164	#222222
4165	#222222
4166	#222222
4167	#222222
4168	#222222
4169	#222222
4170	#222222
4171	#222222
4172	#222222
4173	#222222
4174	#222222
4175	#222222
4176	#222222
4177	#222222
4178	#222222
4179	#222222
4180	#222222
4181	#222222
4182	#222222
4183	#222222
4184	#222222
4185	#222222
4186	#222222
4187	#222222
4188	#222222
4189	#222222
4190	#222222
4191	#222222
4192	#252525
4193	#2A2A2A
4194	#303030
4195	#363636
4196	#3C3C3C
4197	#434343
4198	#4A4A4A
4199	#4D4D4D
4200	#4C4C4C
4201	#474747
4202	#3D3D3D
4203	#333333
4204	#2D2D2D
4205	#282828
4206	#232323
4207	#222222
4208	#222222
4209	#222222
4210	#222222
4211	#222222
4212	#222222
4213	#222222
4214	#222222
4215	#222222
4216	#222222
4217	#222222
4218	#222222
4219	#222222
4220	#222222
4221	#222222
4222	#222222
4223	#222222
4224	#222222
4225	#222222
4226	#222222
4227	#222222
4228	#222222
4229	#222222
4230	#222222
4231	#222222
4232	#222222
4233	#222222
4234	#222222
4235	#222222
4236	#222222
4237	#222222
4238	#222222
4239	#222222
4240	#222222
4241	#222222
4242	#222222
4243	#222222
4244	#222222
4245	#222222
4246	#222222
4247	#222222
4248	#222222
4249	#222222
4250	#222222
4251	#222222
4252	#222222
4253	#222222
4254	#222222
4255	#222222
4256	#222222
4257	#222222
4258	#222222
4259	#222222
4260	#222222
4261	#222222
4262	#222222
4263	#222222
4264	#222222
4265	#222222
4266	#222222
4267	#222222
4268	#222222
4269	#222222
4270	#222222
4271	#222222
4272	#222222
4273	#222222
4274	#222222
4275	#222222
4276	#222222
4277	#222222
4278	#222222
4279	#222222
4280	#222222
4281	#222222
4282	#222222
4283	#222222
4284	#222222
4285	#222222
4286	#222222
4287	#222222
4288	#222222
4289	#222222
4290	#222222
4291	#222222
4292	#222222
4293	#222222
4294	#222222
4295	#222222
4296	#222222
4297	#222222
4298	#222222
4299	#222222
4300	#222222
4301	#222222
4302	#222222
4303	#222222
4304	#222222
4305	#222222
4306	#222222
4307	#222222
4308	#222222
4309	#222222
4310	#222222
4311	#222222
4312	#222222
4313	#222222
4314	#222222
4315	#222222
4316	#222222
4317	#222222
4318	#222222
4319	#222222
4320	#222222
4321	#222222
4322	#222222
4323	#222222
4324	#222222
4325	#222222
4326	#222222
4327	#222222
4328	#222222
4329	#222222
4330	#222222
4331	#222222
4332	#252525
4333	#2B2B2B
4334	#303030
4335	#353535
4336	#3B3B3B
4337	#444444
4338	#4A4A4A
4339	#4D4D4D
4340	#4F4F4F
4341	#474747
4342	#3C3C3C
4343	#323232
4344	#2C2C2C
4345	#272727
4346	#232323
4347	#222222
4348	#222222
4349	#222222
4350	#222222
4351	#222222
4352	#222222
4353	#222222
4354	#222222
4355	#222222
4356	#222222
4357	#222222
4358	#222222
4359	#222222
4360	#222222
4361	#222222
4362	#222222
4363	#222222
4364	#222222
4365	#222222
4366	#222222
4367	#222222
4368	#222222
4369	#222222
4370	#222222
4371	#222222
4372	#222222
4373	#222222
4374	#222222
4375	#222222
4376	#222222
4377	#222222
4378	#222222
4379	#222222
4380	#222222
4381	#222222
4382	#222222
4383	#222222
4384	#222222
4385	#222222
4386	#222222
4387	#222222
4388	#222222
4389	#222222
4390	#222222
4391	#222222
4392	#222222
4393	#222222
4394	#222222
4395	#222222
4396	#222222
4397	#222222
4398	#222222
4399	#222222
4400	#222222
4401	#222222
4402	#222222
4403	#222222
4404	#222222
4405	#222222
4406	#222222
4407	#222222
4408	#222222
4409	#222222
4410	#222222
4411	#222222
4412	#222222
4413	#222222
4414	#222222
4415	#222222
4416	#222222
4417	#222222
4418	#222222
4419	#222222
4420	#222222
4421	#222222
4422	#222222
4423	#222222
4424	#222222
4425	#222222
4426	#222222
4427	#222222
4428	#222222
4429	#222222
4430	#222222
4431	#222222
4432	#222222
4433	#222222
4434	#222222
4435	#222222
4436	#222222
4437	#222222
4438	#222222
4439	#222222
4440	#222222
4441	#222222
4442	#222222
4443	#222222
4444	#222222
4445	#222222
4446	#222222
4447	#222222
4448	#222222
4449	#222222
4450	#222222
4451	#222222
4452	#222222
4453	#222222
4454	#222222
4455	#222222
4456	#222222
4457	#222222
4458	#222222
4459	#222222
4460	#222222
4461	#222222
4462	#222222
4463	#222222
4464	#222222
4465	#222222
4466	#222222
4467	#222222
4468	#222222
4469	#222222
4470	#222222
4471	#222222
4472	#262626
4473	#2C2C2C
4474	#323232
4475	#363636
4476	#3A3A3A
4477	#434343
4478	#4A4A4A
4479	#4D4D4D
4480	#505050
4481	#474747
4482	#3C3C3C
4483	#313131
4484	#2A2A2A
4485	#262626
4486	#232323
4487	#222222
4488	#222222
4489	#222222
4490	#222222
4491	#222222
4492	#222222
4493	#222222
4494	#222222
4495	#222222
4496	#222222
4497	#222222
4498	#222222
4499	#222222
4500	#222222
4501	#222222
4502	#222222
4503	#222222
4504	#222222
4505	#222222
4506	#222222
4507	#222222
4508	#222222
4509	#222222
4510	#222222
4511	#222222
4512	#222222
4513	#222222
4514	#222222
4515	#222222
4516	#222222
4517	#222222
4518	#222222
4519	#222222
4520	#222222
4521	#222222
4522	#222222
4523	#222222
4524	#222222
4525	#222222
4526	#222222
4527	#222222
4528	#222222
4529	#222222
4530	#222222
4531	#222222
4532	#222222
4533	#222222
4534	#222222
4535	#222222
4536	#222222
4537	#222222
4538	#222222
4539	#222222
4540	#222222
4541	#222222
4542	#222222
4543	#222222
4544	#222222
4545	#222222
4546	#222222
4547	#222222
4548	#222222
4549	#222222
4550	#222222
4551	#222222
4552	#222222
4553	#222222
4554	#222222
4555	#222222
4556	#222222
4557	#222222
4558	#222222
4559	#222222
4560	#222222
4561	#222222
4562	#222222
4563	#222222
4564	#222222
4565	#222222
4566	#222222
4567	#222222
4568	#222222
4569	#222222
4570	#222222
4571	#222222
4572	#222222
4573	#222222
4574	#222222
4575	#222222
4576	#222222
4577	#222222
4578	#222222
4579	#222222
4580	#222222
4581	#222222
4582	#222222
4583	#222222
4584	#222222
4585	#222222
4586	#222222
4587	#222222
4588	#222222
4589	#222222
4590	#222222
4591	#222222
4592	#222222
4593	#222222
4594	#222222
4595	#222222
4596	#222222
4597	#222222
4598	#222222
4599	#222222
4600	#222222
4601	#222222
4602	#222222
4603	#222222
4604	#222222
4605	#222222
4606	#222222
4607	#222222
4608	#222222
4609	#222222
4610	#222222
4611	#222222
4612	#272727
4613	#2D2D2D
4614	#323232
4615	#363636
4616	#393939
4617	#434343
4618	#4A4A4A
4619	#4D4D4D
4620	#505050
4621	#474747
4622	#3D3D3D
4623	#313131
4624	#292929
4625	#262626
4626	#232323
4627	#222222
4628	#222222
4629	#222222
4630	#222222
4631	#222222
4632	#222222
4633	#222222
4634	#222222
4635	#222222
4636	#222222
4637	#222222
4638	#222222
4639	#222222
4640	#222222
4641	#222222
4642	#222222
4643	#222222
4644	#222222
4645	#222222
4646	#222222
4647	#222222
4648	#222222
4649	#222222
4650	#222222
4651	#222222
4652	#222222
4653	#222222
4654	#222222
4655	#222222
4656	#222222
4657	#222222
4658	#222222
4659	#222222
4660	#222222
4661	#222222
4662	#222222
4663	#222222
4664	#222222
4665	#222222
4666	#222222
4667	#222222
4668	#222222
4669	#222222
4670	#222222
4671	#222222
4672	#222222
4673	#222222
4674	#222222
4675	#222222
4676	#222222
4677	#222222
4678	#222222
4679	#222222
4680	#222222
4681	#222222
4682	#222222
4683	#222222
4684	#222222
4685	#222222
4686	#222222
4687	#222222
4688	#222222
4689	#222222
4690	#222222
4691	#222222
4692	#222222
4693	#222222
4694	#222222
4695	#222222
4696	#222222
4697	#222222
4698	#222222
4699	#222222
4700	#222222
4701	#222222
4702	#222222
4703	#222222
4704	#222222
4705	#222222
4706	#222222
4707	#222222
4708	#222222
4709	#222222
4710	#222222
4711	#222222
4712	#222222
4713	#222222
4714	#222222
4715	#222222
4716	#222222
4717	#222222
4718	#222222
4719	#222222
4720	#222222
4721	#222222
4722	#222222
4723	#222222
4724	#222222
4725	#222222
4726	#222222
4727	#222222
4728	#222222
4729	#222222
4730	#222222
4731	#222222
4732	#222222
4733	#222222
4734	#222222
4735	#222222
4736	#222222
4737	#222222
4738	#222222
4739	#222222
4740	#222222
4741	#222222
4742	#222222
4743	#222222
4744	#222222
4745	#222222
4746	#222222
4747	#222222
4748	#222222
4749	#222222
4750	#222222
4751	#222222
4752	#272727
4753	#2E2E2E
4754	#313131
4755	#353535
4756	#393939
4757	#434343
4758	#4A4A4A
4759	#4D4D4D
4760	#505050
4761	#464646
4762	#3E3E3E
4763	#323232
4764	#2B2B2B
4765	#282828
4766	#232323
4767	#222222
4768	#222222
4769	#222222
4770	#222222
4771	#222222
4772	#222222
4773	#222222
4774	#222222
4775	#222222
4776	#222222
4777	#222222
4778	#222222
4779	#222222
4780	#222222
4781	#222222
4782	#222222
4783	#222222
4784	#222222
4785	#222222
4786	#222222
4787	#222222
4788	#222222
4789	#222222
4790	#222222
4791	#222222
4792	#222222
4793	#222222
4794	#222222
4795	#222222
4796	#222222
4797	#222222
4798	#222222
4799	#222222
4800	#222222
4801	#222222
4802	#222222
4803	#222222
4804	#222222
4805	#222222
4806	#222222
4807	#222222
4808	#222222
4809	#222222
4810	#222222
4811	#222222
4812	#222222
4813	#222222
4814	#222222
4815	#222222
4816	#222222
4817	#222222
4818	#222222
4819	#222222
4820	#222222
4821	#222222
4822	#222222
4823	#222222
4824	#222222
4825	#222222
4826	#222222
4827	#222222
4828	#222222
4829	#222222
4830	#222222
4831	#222222
4832	#222222
4833	#222222
4834	#222222
4835	#222222
4836	#222222
4837	#222222
4838	#222222
4839	#222222
4840	#222222
4841	#222222
4842	#222222
4843	#222222
4844	#222222
4845	#222222
4846	#222222
4847	#222222
4848	#222222
4849	#222222
4850	#222222
4851	#222222
4852	#222222
4853	#222222
4854	#222222
4855	#222222
4856	#222222
4857	#222222
4858	#222222
4859	#222222
4860	#222222
4861	#222222
4862	#222222
4863	#222222
4864	#222222
4865	#222222
4866	#222222
4867	#222222
4868	#222222
4869	#222222
4870	#222222
4871	#222222
4872	#222222
4873	#222222
4874	#222222
4875	#222222
4876	#222222
4877	#222222
4878	#222222
4879	#222222
4880	#222222
4881	#222222
4882	#222222
4883	#222222
4884	#222222
4885	#222222
4886	#222222
4887	#222222
4888	#222222
4889	#222222
4890	#222222
4891	#222222
4892	#282828
4893	#2D2D2D
4894	#313131
4895	#353535
4896	#393939
4897	#424242
4898	#494949
4899	#4D4D4D
4900	#505050
4901	#464646
4902	#3C3C3C
4903	#323232
4904	#2B2B2B
4905	#262626
4906	#232323
4907	#222222
4908	#222222
4909	#222222
4910	#222222
4911	#222222
4912	#222222
4913	#222222
4914	#222222
4915	#222222
4916	#222222
4917	#222222
4918	#222222
4919	#222222
4920	#222222
4921	#222222
4922	#222222
4923	#222222
4924	#222222
4925	#222222
4926	#222222
4927	#222222
4928	#222222
4929	#222222
4930	#222222
4931	#222222
4932	#222222
4933	#222222
4934	#222222
4935	#222222
4936	#222222
4937	#222222
4938	#222222
4939	#222222
4940	#222222
4941	#222222
4942	#222222
4943	#222222
4944	#222222
4945	#222222
4946	#222222
4947	#222222
4948	#222222
4949	#222222
4950	#222222
4951	#222222
4952	#222222
4953	#222222
4954	#222222
4955	#222222
4956	#222222
4957	#222222
4958	#222222
4959	#222222
4960	#222222
4961	#222222
4962	#222222
4963	#222222
4964	#222222
4965	#222222
4966	#222222
4967	#222222
4968	#222222
4969	#222222
4970	#222222
4971	#222222
4972	#222222
4973	#222222
4974	#222222
4975	#222222
4976	#222222
4977	#222222
4978	#222222
4979	#222222
4980	#222222
4981	#222222
4982	#222222
4983	#222222
4984	#222222
4985	#222222
4986	#222222
4987	#222222
4988	#222222
4989	#222222
4990	#222222
4991	#222222
4992	#222222
4993	#222222
4994	#222222
4995	#222222
4996	#222222
4997	#222222
4998	#222222
4999	#222222
5000	#222222
5001	#222222
5002	#222222
5003	#222222
5004	#222222
5005	#222222
5006	#222222
5007	#222222
5008	#222222
5009	#222222
5010	#222222
5011	#222222
5012	#222222
5013	#222222
5014	#222222
5015	#222222
5016	#222222
5017	#222222
5018	#222222
5019	#222222
5020	#222222
5021	#222222
5022	#222222
5023	#222222
5024	#222222
5025	#222222
5026	#222222
5027	#222222
5028	#222222
5029	#222222
5030	#222222
5031	#232323
5032	#282828
5033	#2C2C2C
5034	#2F2F2F
5035	#353535
5036	#3B3B3B
5037	#434343
5038	#4A4A4A
5039	#4E4E4E
5040	#505050
5041	#414141
5042	#3A3A3A
5043	#303030
5044	#2A2A2A
5045	#272727
5046	#232323
5047	#222222
5048	#222222
5049	#222222
5050	#222222
5051	#222222
5052	#222222
5053	#222222
5054	#222222
5055	#222222
5056	#222222
5057	#222222
5058	#222222
5059	#222222
5060	#222222
5061	#222222
5062	#222222
5063	#222222
5064	#222222
5065	#222222
5066	#222222
5067	#222222
5068	#222222
5069	#222222
5070	#222222
5071	#222222
5072	#222222
5073	#222222
5074	#222222
5075	#222222
5076	#222222
5077	#222222
5078	#222222
5079	#222222
5080	#222222
5081	#222222
5082	#222222
5083	#222222
5084	#222222
5085	#222222
5086	#222222
5087	#222222
5088	#222222
5089	#222222
5090	#222222
5091	#222222
5092	#222222
5093	#222222
5094	#222222
5095	#222222
5096	#222222
5097	#222222
5098	#222222
5099	#222222
5100	#222222
5101	#222222
5102	#222222
5103	#222222
5104	#222222
5105	#222222
5106	#222222
5107	#222222
5108	#222222
5109	#222222
5110	#222222
5111	#222222
5112	#222222
5113	#222222
5114	#222222
5115	#222222
5116	#222222
5117	#222222
5118	#222222
5119	#222222
5120	#222222
5121	#222222
5122	#222222
5123	#222222
5124	#222222
5125	#222222
5126	#222222
5127	#222222
5128	#222222
5129	#222222
5130	#222222
5131	#222222
5132	#222222
5133	#222222
5134	#222222
5135	#222222
5136	#222222
5137	#222222
5138	#222222
5139	#222222
5140	#222222
5141	#222222
5142	#222222
5143	#222222
5144	#222222
5145	#222222
5146	#222222
5147	#222222
5148	#222222
5149	#222222
5150	#222222
5151	#222222
5152	#222222
5153	#222222
5154	#222222
5155	#222222
5156	#222222
5157	#222222
5158	#222222
5159	#222222
5160	#222222
5161	#222222
5162	#222222
5163	#222222
5164	#222222
5165	#222222
5166	#222222
5167	#222222
5168	#222222
5169	#222222
5170	#222222
5171	#232323
5172	#282828
5173	#2B2B2B
5174	#2F2F2F
5175	#363636
5176	#3A3A3A
5177	#424242
5178	#494949
5179	#4A4A4A
5180	#474747
5181	#4F4F4F
5182	#3E3E3E
5183	#2E2E2E
5184	#292929
5185	#272727
5186	#232323
5187	#222222
5188	#222222
5189	#222222
5190	#222222
5191	#222222
5192	#222222
5193	#222222
5194	#222222
5195	#222222
5196	#222222
5197	#222222
5198	#222222
5199	#222222
5200	#222222
5201	#222222
5202	#222222
5203	#222222
5204	#222222
5205	#222222
5206	#222222
5207	#222222
5208	#222222
5209	#222222
5210	#222222
5211	#222222
5212	#222222
5213	#222222
5214	#222222
5215	#222222
5216	#222222
5217	#222222
5218	#222222
5219	#222222
5220	#222222
5221	#222222
5222	#222222
5223	#222222
5224	#222222
5225	#222222
5226	#222222
5227	#222222
5228	#222222
5229	#222222
5230	#222222
5231	#222222
5232	#222222
5233	#222222
5234	#222222
5235	#222222
5236	#222222
5237	#222222
5238	#222222
5239	#222222
5240	#222222
5241	#222222
5242	#222222
5243	#222222
5244	#222222
5245	#222222
5246	#222222
5247	#222222
5248	#222222
5249	#222222
5250	#222222
5251	#222222
5252	#222222
5253	#222222
5254	#222222
5255	#222222
5256	#222222
5257	#222222
5258	#222222
5259	#222222
5260	#222222
5261	#222222
5262	#222222
5263	#222222
5264	#222222
5265	#222222
5266	#222222
5267	#222222
5268	#222222
5269	#222222
5270	#222222
5271	#222222
5272	#222222
5273	#222222
5274	#222222
5275	#222222
5276	#222222
5277	#222222
5278	#222222
5279	#222222
5280	#222222
5281	#222222
5282	#222222
5283	#222222
5284	#222222
5285	#222222
5286	#222222
5287	#222222
5288	#222222
5289	#222222
5290	#222222
5291	#222222
5292	#222222
5293	#222222
5294	#222222
5295	#222222
5296	#222222
5297	#222222
5298	#222222
5299	#222222
5300	#222222
5301	#222222
5302	#222222
5303	#222222
5304	#222222
5305	#222222
5306	#222222
5307	#222222
5308	#222222
5309	#222222
5310	#222222
5311	#242424
5312	#282828
5313	#2C2C2C
5314	#303030
5315	#353535
5316	#3A3A3A
5317	#424242
5318	#4F4F4F
5319	#4A4A4A
5320	#353535
5321	#545454
5322	#3E3E3E
5323	#2C2C2C
5324	#282828
5325	#272727
5326	#232323
5327	#222222
5328	#222222
5329	#222222
5330	#222222
5331	#222222
5332	#222222
5333	#222222
5334	#222222
5335	#222222
5336	#222222
5337	#222222
5338	#222222
5339	#222222
5340	#222222
5341	#222222
5342	#222222
5343	#222222
5344	#222222
5345	#222222
5346	#222222
5347	#222222
5348	#222222
5349	#222222
5350	#222222
5351	#222222
5352	#222222
5353	#222222
5354	#222222
5355	#222222
5356	#222222
5357	#222222
5358	#222222
5359	#222222
5360	#222222
5361	#222222
5362	#222222
5363	#222222
5364	#222222
5365	#222222
5366	#222222
5367	#222222
5368	#222222
5369	#222222
5370	#222222
5371	#222222
5372	#222222
5373	#222222
5374	#222222
5375	#222222
5376	#222222
5377	#222222
5378	#222222
5379	#222222
5380	#222222
5381	#222222
5382	#222222
5383	#222222
5384	#222222
5385	#222222
5386	#222222
5387	#222222
5388	#222222
5389	#222222
5390	#222222
5391	#222222
5392	#222222
5393	#222222
5394	#222222
5395	#222222
5396	#222222
5397	#222222
5398	#222222
5399	#222222
5400	#222222
5401	#222222
5402	#222222
5403	#222222
5404	#222222
5405	#222222
5406	#232323
5407	#222222
5408	#222222
5409	#222222
5410	#222222
5411	#222222
5412	#222222
5413	#222222
5414	#222222
5415	#222222
5416	#222222
5417	#222222
5418	#222222
5419	#222222
5420	#222222
5421	#222222
5422	#222222
5423	#222222
5424	#222222
5425	#222222
5426	#222222
5427	#222222
5428	#222222
5429	#222222
5430	#222222
5431	#222222
5432	#222222
5433	#222222
5434	#222222
5435	#222222
5436	#222222
5437	#222222
5438	#222222
5439	#222222
5440	#222222
5441	#222222
5442	#222222
5443	#222222
5444	#222222
5445	#222222
5446	#222222
5447	#222222
5448	#222222
5449	#222222
5450	#222222
5451	#242424
5452	#282828
5453	#2D2D2D
5454	#313131
5455	#343434
5456	#3A3A3A
5457	#424242
5458	#525252
5459	#4D4D4D
5460	#333333
5461	#434343
5462	#373737
5463	#2C2C2C
5464	#282828
5465	#252525
5466	#232323
5467	#222222
5468	#222222
5469	#222222
5470	#222222
5471	#222222
5472	#222222
5473	#222222
5474	#222222
5475	#222222
5476	#222222
5477	#222222
5478	#222222
5479	#222222
5480	#222222
5481	#222222
5482	#222222
5483	#222222
5484	#222222
5485	#222222
5486	#222222
5487	#222222
5488	#222222
5489	#222222
5490	#222222
5491	#222222
5492	#222222
5493	#222222
5494	#222222
5495	#222222
5496	#222222
5497	#222222
5498	#222222
5499	#222222
5500	#222222
5501	#222222
5502	#222222
5503	#222222
5504	#222222
5505	#222222
5506	#222222
5507	#222222
5508	#222222
5509	#222222
5510	#222222
5511	#222222
5512	#222222
5513	#222222
5514	#222222
5515	#222222
5516	#222222
5517	#222222
5518	#222222
5519	#222222
5520	#222222
5521	#222222
5522	#222222
5523	#222222
5524	#222222
5525	#222222
5526	#222222
5527	#222222
5528	#222222
5529	#222222
5530	#222222
5531	#222222
5532	#222222
5533	#222222
5534	#222222
5535	#222222
5536	#222222
5537	#222222
5538	#222222
5539	#222222
5540	#222222
5541	#222222
5542	#222222
5543	#222222
5544	#222222
5545	#242424
5546	#282828
5547	#252525
5548	#222222
5549	#222222
5550	#222222
5551	#222222
5552	#222222
5553	#222222
5554	#222222
5555	#222222
5556	#222222
5557	#222222
5558	#222222
5559	#222222
5560	#222222
5561	#222222
5562	#222222
5563	#222222
5564	#222222
5565	#222222
5566	#222222
5567	#222222
5568	#222222
5569	#222222
5570	#222222
5571	#222222
5572	#222222
5573	#222222
5574	#222222
5575	#222222
5576	#222222
5577	#222222
5578	#222222
5579	#222222
5580	#222222
5581	#222222
5582	#222222
5583	#222222
5584	#222222
5585	#222222
5586	#222222
5587	#222222
5588	#222222
5589	#222222
5590	#222222
5591	#232323
5592	#282828
5593	#2E2E2E
5594	#313131
5595	#343434
5596	#3A3A3A
5597	#424242
5598	#4D4D4D
5599	#4E4E4E
5600	#444444
5601	#424242
5602	#393939
5603	#2F2F2F
5604	#282828
5605	#232323
5606	#222222
5607	#222222
5608	#222222
5609	#222222
5610	#222222
5611	#222222
5612	#222222
5613	#222222
5614	#222222
5615	#222222
5616	#222222
5617	#222222
5618	#222222
5619	#222222
5620	#222222
5621	#222222
5622	#222222
5623	#222222
5624	#222222
5625	#222222
5626	#222222
5627	#222222
5628	#222222
5629	#222222
5630	#222222
5631	#222222
5632	#222222
5633	#222222
5634	#222222
5635	#222222
5636	#222222
5637	#222222
5638	#222222
5639	#222222
5640	#222222
5641	#222222
5642	#222222
5643	#222222
5644	#222222
5645	#222222
5646	#222222
5647	#222222
5648	#222222
5649	#222222
5650	#222222
5651	#222222
5652	#222222
5653	#222222
5654	#222222
5655	#222222
5656	#222222
5657	#222222
5658	#222222
5659	#222222
5660	#222222
5661	#222222
5662	#222222
5663	#222222
5664	#222222
5665	#222222
5666	#222222
5667	#222222
5668	#222222
5669	#222222
5670	#222222
5671	#222222
5672	#222222
5673	#222222
5674	#222222
5675	#222222
5676	#222222
5677	#222222
5678	#222222
5679	#222222
5680	#222222
5681	#222222
5682	#222222
5683	#222222
5684	#212121
5685	#242424
5686	#2D2D2D
5687	#262626
5688	#212121
5689	#222222
5690	#222222
5691	#222222
5692	#222222
5693	#222222
5694	#222222
5695	#222222
5696	#222222
5697	#222222
5698	#222222
5699	#222222
5700	#222222
5701	#222222
5702	#222222
5703	#222222
5704	#222222
5705	#222222
5706	#222222
5707	#222222
5708	#222222
5709	#222222
5710	#222222
5711	#222222
5712	#222222
5713	#222222
5714	#222222
5715	#222222
5716	#222222
5717	#222222
5718	#222222
5719	#222222
5720	#222222
5721	#222222
5722	#222222
5723	#222222
5724	#222222
5725	#222222
5726	#222222
5727	#222222
5728	#222222
5729	#222222
5730	#222222
5731	#232323
5732	#282828
5733	#2E2E2E
5734	#313131
5735	#353535
5736	#3B3B3B
5737	#424242
5738	#484848
5739	#4B4B4B
5740	#494949
5741	#434343
5742	#393939
5743	#2F2F2F
5744	#272727
5745	#242424
5746	#222222
5747	#222222
5748	#222222
5749	#222222
5750	#222222
5751	#222222
5752	#222222
5753	#222222
5754	#222222
5755	#222222
5756	#222222
5757	#222222
5758	#222222
5759	#222222
5760	#222222
5761	#222222
5762	#222222
5763	#222222
5764	#222222
5765	#222222
5766	#222222
5767	#222222
5768	#222222
5769	#222222
5770	#222222
5771	#222222
5772	#222222
5773	#222222
5774	#222222
5775	#222222
5776	#222222
5777	#222222
5778	#222222
5779	#222222
5780	#222222
5781	#222222
5782	#222222
5783	#222222
5784	#222222
5785	#222222
5786	#222222
5787	#222222
5788	#222222
5789	#222222
5790	#222222
5791	#222222
5792	#222222
5793	#222222
5794	#222222
5795	#222222
5796	#222222
5797	#222222
5798	#222222
5799	#222222
5800	#222222
5801	#222222
5802	#222222
5803	#222222
5804	#222222
5805	#222222
5806	#222222
5807	#222222
5808	#222222
5809	#222222
5810	#222222
5811	#222222
5812	#222222
5813	#222222
5814	#222222
5815	#222222
5816	#222222
5817	#222222
5818	#222222
5819	#222222
5820	#222222
5821	#222222
5822	#222222
5823	#222222
5824	#222222
5825	#232323
5826	#252525
5827	#232323
5828	#212121
5829	#222222
5830	#222222
5831	#222222
5832	#222222
5833	#222222
5834	#222222
5835	#222222
5836	#222222
5837	#222222
5838	#222222
5839	#222222
5840	#222222
5841	#222222
5842	#222222
5843	#222222
5844	#222222
5845	#222222
5846	#222222
5847	#222222
5848	#222222
5849	#222222
5850	#222222
5851	#222222
5852	#222222
5853	#222222
5854	#222222
5855	#222222
5856	#222222
5857	#222222
5858	#222222
5859	#222222
5860	#222222
5861	#222222
5862	#222222
5863	#222222
5864	#222222
5865	#222222
5866	#222222
5867	#222222
5868	#222222
5869	#222222
5870	#222222
5871	#232323
5872	#282828
5873	#2E2E2E
5874	#313131
5875	#353535
5876	#3B3B3B
5877	#424242
5878	#484848
5879	#4B4B4B
5880	#4F4F4F
5881	#454545
5882	#3A3A3A
5883	#2C2C2C
5884	#262626
5885	#242424
5886	#222222
5887	#222222
5888	#222222
5889	#222222
5890	#222222
5891	#222222
5892	#222222
5893	#222222
5894	#222222
5895	#222222
5896	#222222
5897	#222222
5898	#222222
5899	#222222
5900	#222222
5901	#222222
5902	#222222
5903	#222222
5904	#222222
5905	#222222
5906	#222222
5907	#222222
5908	#222222
5909	#222222
5910	#222222
5911	#222222
5912	#222222
5913	#222222
5914	#222222
5915	#222222
5916	#222222
5917	#222222
5918	#222222
5919	#222222
5920	#222222
5921	#222222
5922	#222222
5923	#222222
5924	#222222
5925	#222222
5926	#222222
5927	#222222
5928	#222222
5929	#222222
5930	#222222
5931	#222222
5932	#222222
5933	#222222
5934	#222222
5935	#222222
5936	#222222
5937	#222222
5938	#222222
5939	#222222
5940	#222222
5941	#222222
5942	#222222
5943	#222222
5944	#222222
5945	#222222
5946	#222222
5947	#222222
5948	#222222
5949	#222222
5950	#222222
5951	#222222
5952	#222222
5953	#222222
5954	#222222
5955	#222222
5956	#222222
5957	#222222
5958	#222222
5959	#222222
5960	#222222
5961	#222222
5962	#222222
5963	#222222
5964	#222222
5965	#222222
5966	#212121
5967	#232323
5968	#232323
5969	#222222
5970	#222222
5971	#222222
5972	#222222
5973	#222222
5974	#222222
5975	#222222
5976	#222222
5977	#222222
5978	#222222
5979	#222222
5980	#222222
5981	#222222
5982	#222222
5983	#222222
5984	#222222
5985	#222222
5986	#222222
5987	#222222
5988	#222222
5989	#222222
5990	#222222
5991	#222222
5992	#222222
5993	#222222
5994	#222222
5995	#222222
5996	#222222
5997	#222222
5998	#222222
5999	#222222
6000	#222222
6001	#222222
6002	#222222
6003	#222222
6004	#222222
6005	#222222
6006	#222222
6007	#222222
6008	#222222
6009	#222222
6010	#222222
6011	#242424
6012	#292929
6013	#2E2E2E
6014	#313131
6015	#343434
6016	#3A3A3A
6017	#424242
6018	#494949
6019	#4C4C4C
6020	#515151
6021	#464646
6022	#3A3A3A
6023	#2C2C2C
6024	#262626
6025	#232323
6026	#222222
6027	#222222
6028	#222222
6029	#222222
6030	#222222
6031	#222222
6032	#222222
6033	#222222
6034	#222222
6035	#222222
6036	#222222
6037	#222222
6038	#222222
6039	#222222
6040	#222222
6041	#222222
6042	#222222
6043	#222222
6044	#222222
6045	#222222
6046	#222222
6047	#222222
6048	#222222
6049	#222222
6050	#222222
6051	#222222
6052	#222222
6053	#222222
6054	#222222
6055	#222222
6056	#222222
6057	#222222
6058	#222222
6059	#222222
6060	#222222
6061	#222222
6062	#222222
6063	#222222
6064	#222222
6065	#222222
6066	#222222
6067	#222222
6068	#222222
6069	#222222
6070	#222222
6071	#222222
6072	#222222
6073	#222222
6074	#222222
6075	#222222
6076	#222222
6077	#222222
6078	#222222
6079	#222222
6080	#222222
6081	#222222
6082	#222222
6083	#222222
6084	#222222
6085	#222222
6086	#222222
6087	#222222
6088	#222222
6089	#222222
6090	#222222
6091	#222222
6092	#222222
6093	#222222
6094	#222222
6095	#222222
6096	#222222
6097	#222222
6098	#222222
6099	#222222
6100	#222222
6101	#222222
6102	#222222
6103	#222222
6104	#222222
6105	#222222
6106	#232323
6107	#2A2A2A
6108	#282828
6109	#222222
6110	#222222
6111	#222222
6112	#222222
6113	#222222
6114	#222222
6115	#222222
6116	#222222
6117	#222222
6118	#222222
6119	#222222
6120	#222222
6121	#222222
6122	#222222
6123	#222222
6124	#222222
6125	#222222
6126	#222222
6127	#222222
6128	#222222
6129	#222222
6130	#222222
6131	#222222
6132	#222222
6133	#222222
6134	#222222
6135	#222222
6136	#222222
6137	#222222
6138	#222222
6139	#222222
6140	#222222
6141	#222222
6142	#222222
6143	#222222
6144	#222222
6145	#222222
6146	#222222
6147	#222222
6148	#222222
6149	#222222
6150	#222222
6151	#242424
6152	#292929
6153	#2E2E2E
6154	#313131
6155	#333333
6156	#393939
6157	#424242
6158	#494949
6159	#4C4C4C
6160	#505050
6161	#434343
6162	#393939
6163	#2E2E2E
6164	#262626
6165	#222222
6166	#222222
6167	#222222
6168	#222222
6169	#222222
6170	#222222
6171	#222222
6172	#222222
6173	#222222
6174	#222222
6175	#222222
6176	#222222
6177	#222222
6178	#222222
6179	#222222
6180	#222222
6181	#222222
6182	#222222
6183	#222222
6184	#222222
6185	#222222
6186	#222222
6187	#222222
6188	#222222
6189	#222222
6190	#222222
6191	#222222
6192	#222222
6193	#222222
6194	#222222
6195	#222222
6196	#222222
6197	#222222
6198	#222222
6199	#222222
6200	#222222
6201	#222222
6202	#222222
6203	#222222
6204	#222222
6205	#222222
6206	#222222
6207	#222222
6208	#222222
6209	#222222
6210	#222222
6211	#222222
6212	#222222
6213	#222222
6214	#222222
6215	#222222
6216	#222222
6217	#222222
6218	#222222
6219	#222222
6220	#222222
6221	#222222
6222	#222222
6223	#222222
6224	#222222
6225	#222222
6226	#222222
6227	#222222
6228	#222222
6229	#222222
6230	#222222
6231	#222222
6232	#222222
6233	#222222
6234	#222222
6235	#222222
6236	#222222
6237	#222222
6238	#222222
6239	#222222
6240	#222222
6241	#222222
6242	#222222
6243	#222222
6244	#222222
6245	#222222
6246	#232323
6247	#2F2F2F
6248	#2C2C2C
6249	#212121
6250	#222222
6251	#222222
6252	#222222
6253	#222222
6254	#222222
6255	#222222
6256	#222222
6257	#222222
6258	#222222
6259	#222222
6260	#222222
6261	#222222
6262	#222222
6263	#222222
6264	#222222
6265	#222222
6266	#222222
6267	#222222
6268	#222222
6269	#222222
6270	#222222
6271	#222222
6272	#222222
6273	#222222
6274	#222222
6275	#222222
6276	#222222
6277	#222222
6278	#222222
6279	#222222
6280	#222222
6281	#222222
6282	#222222
6283	#222222
6284	#222222
6285	#222222
6286	#232323
6287	#222222
6288	#222222
6289	#222222
6290	#222222
6291	#252525
6292	#2A2A2A
6293	#2E2E2E
6294	#313131
6295	#333333
6296	#383838
6297	#424242
6298	#494949
6299	#4C4C4C
6300	#505050
6301	#434343
6302	#383838
6303	#2C2C2C
6304	#252525
6305	#222222
6306	#222222
6307	#222222
6308	#222222
6309	#222222
6310	#222222
6311	#222222
6312	#222222
6313	#222222
6314	#222222
6315	#222222
6316	#222222
6317	#222222
6318	#222222
6319	#222222
6320	#222222
6321	#222222
6322	#222222
6323	#222222
6324	#222222
6325	#222222
6326	#222222
6327	#222222
6328	#222222
6329	#222222
6330	#222222
6331	#222222
6332	#222222
6333	#222222
6334	#222222
6335	#222222
6336	#222222
6337	#222222
6338	#222222
6339	#222222
6340	#222222
6341	#222222
6342	#222222
6343	#222222
6344	#222222
6345	#222222
6346	#222222
6347	#222222
6348	#222222
6349	#222222
6350	#222222
6351	#222222
6352	#222222
6353	#222222
6354	#222222
6355	#222222
6356	#222222
6357	#222222
6358	#222222
6359	#222222
6360	#222222
6361	#222222
6362	#222222
6363	#222222
6364	#222222
6365	#222222
6366	#222222
6367	#222222
6368	#222222
6369	#222222
6370	#222222
6371	#222222
6372	#222222
6373	#222222
6374	#222222
6375	#222222
6376	#222222
6377	#222222
6378	#222222
6379	#222222
6380	#222222
6381	#222222
6382	#222222
6383	#222222
6384	#222222
6385	#222222
6386	#222222
6387	#242424
6388	#242424
6389	#222222
6390	#222222
6391	#222222
6392	#222222
6393	#222222
6394	#222222
6395	#222222
6396	#222222
6397	#222222
6398	#222222
6399	#222222
6400	#222222
6401	#222222
6402	#222222
6403	#222222
6404	#222222
6405	#222222
6406	#222222
6407	#222222
6408	#222222
6409	#222222
6410	#222222
6411	#222222
6412	#222222
6413	#222222
6414	#222222
6415	#222222
6416	#222222
6417	#222222
6418	#222222
6419	#222222
6420	#222222
6421	#222222
6422	#222222
6423	#222222
6424	#222222
6425	#232323
6426	#252525
6427	#232323
6428	#222222
6429	#222222
6430	#232323
6431	#272727
6432	#2B2B2B
6433	#2E2E2E
6434	#313131
6435	#343434
6436	#393939
6437	#434343
6438	#484848
6439	#4C4C4C
6440	#505050
6441	#434343
6442	#393939
6443	#2D2D2D
6444	#252525
6445	#222222
6446	#222222
6447	#222222
6448	#222222
6449	#222222
6450	#222222
6451	#222222
6452	#222222
6453	#222222
6454	#222222
6455	#222222
6456	#222222
6457	#222222
6458	#222222
6459	#222222
6460	#222222
6461	#222222
6462	#222222
6463	#222222
6464	#222222
6465	#222222
6466	#222222
6467	#222222
6468	#222222
6469	#222222
6470	#222222
6471	#222222
6472	#222222
6473	#222222
6474	#222222
6475	#222222
6476	#222222
6477	#222222
6478	#222222
6479	#222222
6480	#222222
6481	#222222
6482	#222222
6483	#222222
6484	#222222
6485	#222222
6486	#222222
6487	#222222
6488	#222222
6489	#222222
6490	#222222
6491	#222222
6492	#222222
6493	#222222
6494	#222222
6495	#222222
6496	#222222
6497	#222222
6498	#222222
6499	#222222
6500	#222222
6501	#222222
6502	#222222
6503	#222222
6504	#222222
6505	#222222
6506	#222222
6507	#222222
6508	#222222
6509	#222222
6510	#222222
6511	#222222
6512	#222222
6513	#222222
6514	#222222
6515	#222222
6516	#222222
6517	#222222
6518	#222222
6519	#222222
6520	#222222
6521	#222222
6522	#222222
6523	#222222
6524	#222222
6525	#222222
6526	#222222
6527	#212121
6528	#242424
6529	#252525
6530	#222222
6531	#222222
6532	#222222
6533	#222222
6534	#222222
6535	#222222
6536	#222222
6537	#222222
6538	#222222
6539	#222222
6540	#222222
6541	#222222
6542	#222222
6543	#222222
6544	#222222
6545	#222222
6546	#222222
6547	#222222
6548	#222222
6549	#222222
6550	#222222
6551	#222222
6552	#222222
6553	#222222
6554	#222222
6555	#222222
6556	#222222
6557	#222222
6558	#222222
6559	#222222
6560	#222222
6561	#222222
6562	#222222
6563	#222222
6564	#222222
6565	#222222
6566	#232323
6567	#222222
6568	#222222
6569	#222222
6570	#232323
6571	#262626
6572	#2B2B2B
6573	#2F2F2F
6574	#303030
6575	#333333
6576	#393939
6577	#434343
6578	#484848
6579	#4C4C4C
6580	#515151
6581	#404040
6582	#383838
6583	#2D2D2D
6584	#252525
6585	#222222
6586	#222222
6587	#222222
6588	#222222
6589	#222222
6590	#222222
6591	#222222
6592	#222222
6593	#222222
6594	#222222
6595	#222222
6596	#222222
6597	#222222
6598	#222222
6599	#222222
6600	#222222
6601	#222222
6602	#222222
6603	#222222
6604	#222222
6605	#222222
6606	#222222
6607	#222222
6608	#222222
6609	#222222
6610	#222222
6611	#222222
6612	#222222
6613	#222222
6614	#222222
6615	#222222
6616	#222222
6617	#222222
6618	#222222
6619	#222222
6620	#222222
6621	#222222
6622	#222222
6623	#222222
6624	#222222
6625	#222222
6626	#222222
6627	#222222
6628	#222222
6629	#222222
6630	#222222
6631	#222222
6632	#222222
6633	#222222
6634	#222222
6635	#222222
6636	#222222
6637	#222222
6638	#222222
6639	#222222
6640	#222222
6641	#222222
6642	#222222
6643	#222222
6644	#222222
6645	#222222
6646	#222222
6647	#222222
6648	#222222
6649	#222222
6650	#222222
6651	#222222
6652	#222222
6653	#222222
6654	#222222
6655	#222222
6656	#222222
6657	#222222
6658	#222222
6659	#222222
6660	#222222
6661	#222222
6662	#222222
6663	#222222
6664	#222222
6665	#222222
6666	#222222
6667	#222222
6668	#242424
6669	#242424
6670	#222222
6671	#222222
6672	#222222
6673	#222222
6674	#222222
6675	#222222
6676	#222222
6677	#222222
6678	#222222
6679	#222222
6680	#222222
6681	#222222
6682	#222222
6683	#222222
6684	#222222
6685	#222222
6686	#222222
6687	#222222
6688	#222222
6689	#222222
6690	#222222
6691	#222222
6692	#222222
6693	#222222
6694	#222222
6695	#222222
6696	#222222
6697	#222222
6698	#222222
6699	#222222
6700	#222222
6701	#222222
6702	#222222
6703	#222222
6704	#222222
6705	#222222
6706	#222222
6707	#232323
6708	#232323
6709	#222222
6710	#232323
6711	#262626
6712	#2C2C2C
6713	#2F2F2F
6714	#303030
6715	#333333
6716	#393939
6717	#434343
6718	#484848
6719	#494949
6720	#4B4B4B
6721	#474747
6722	#393939
6723	#2B2B2B
6724	#252525
6725	#222222
6726	#222222
6727	#222222
6728	#222222
6729	#222222
6730	#222222
6731	#222222
6732	#222222
6733	#222222
6734	#222222
6735	#222222
6736	#222222
6737	#222222
6738	#222222
6739	#222222
6740	#222222
6741	#222222
6742	#222222
6743	#222222
6744	#222222
6745	#222222
6746	#222222
6747	#222222
6748	#222222
6749	#222222
6750	#222222
6751	#222222
6752	#222222
6753	#222222
6754	#222222
6755	#222222
6756	#222222
6757	#222222
6758	#222222
6759	#222222
6760	#222222
6761	#222222
6762	#222222
6763	#222222
6764	#222222
6765	#222222
6766	#222222
6767	#222222
6768	#222222
6769	#222222
6770	#222222
6771	#222222
6772	#222222
6773	#222222
6774	#222222
6775	#222222
6776	#222222
6777	#222222
6778	#222222
6779	#222222
6780	#222222
6781	#222222
6782	#222222
6783	#222222
6784	#222222
6785	#222222
6786	#222222
6787	#222222
6788	#222222
6789	#222222
6790	#222222
6791	#222222
6792	#222222
6793	#222222
6794	#222222
6795	#222222
6796	#222222
6797	#222222
6798	#222222
6799	#222222
6800	#222222
6801	#222222
6802	#222222
6803	#222222
6804	#222222
6805	#222222
6806	#222222
6807	#222222
6808	#222222
6809	#222222
6810	#222222
6811	#222222
6812	#222222
6813	#222222
6814	#222222
6815	#222222
6816	#222222
6817	#222222
6818	#222222
6819	#222222
6820	#222222
6821	#222222
6822	#222222
6823	#222222
6824	#222222
6825	#222222
6826	#222222
6827	#222222
6828	#222222
6829	#222222
6830	#222222
6831	#222222
6832	#222222
6833	#222222
6834	#222222
6835	#222222
6836	#222222
6837	#222222
6838	#222222
6839	#222222
6840	#222222
6841	#222222
6842	#222222
6843	#222222
6844	#222222
6845	#222222
6846	#222222
6847	#252525
6848	#252525
6849	#222222
6850	#232323
6851	#262626
6852	#2D2D2D
6853	#2F2F2F
6854	#303030
6855	#333333
6856	#393939
6857	#434343
6858	#4B4B4B
6859	#484848
6860	#3E3E3E
6861	#525252
6862	#3B3B3B
6863	#2A2A2A
6864	#252525
6865	#222222
6866	#222222
6867	#222222
6868	#222222
6869	#222222
6870	#222222
6871	#222222
6872	#222222
6873	#222222
6874	#222222
6875	#222222
6876	#222222
6877	#222222
6878	#222222
6879	#222222
6880	#222222
6881	#222222
6882	#222222
6883	#222222
6884	#222222
6885	#222222
6886	#222222
6887	#222222
6888	#222222
6889	#222222
6890	#222222
6891	#222222
6892	#222222
6893	#222222
6894	#222222
6895	#222222
6896	#222222
6897	#222222
6898	#222222
6899	#222222
6900	#222222
6901	#222222
6902	#222222
6903	#222222
6904	#222222
6905	#222222
6906	#222222
6907	#222222
6908	#222222
6909	#222222
6910	#222222
6911	#222222
6912	#222222
6913	#222222
6914	#222222
6915	#222222
6916	#222222
6917	#222222
6918	#222222
6919	#222222
6920	#222222
6921	#222222
6922	#222222
6923	#222222
6924	#222222
6925	#222222
6926	#222222
6927	#222222
6928	#222222
6929	#222222
6930	#222222
6931	#222222
6932	#222222
6933	#222222
6934	#222222
6935	#222222
6936	#222222
6937	#222222
6938	#222222
6939	#222222
6940	#222222
6941	#222222
6942	#222222
6943	#222222
6944	#222222
6945	#222222
6946	#222222
6947	#222222
6948	#222222
6949	#222222
6950	#222222
6951	#222222
6952	#222222
6953	#222222
6954	#222222
6955	#222222
6956	#222222
6957	#222222
6958	#222222
6959	#222222
6960	#222222
6961	#222222
6962	#222222
6963	#222222
6964	#222222
6965	#222222
6966	#222222
6967	#222222
6968	#222222
6969	#222222
6970	#222222
6971	#222222
6972	#222222
6973	#222222
6974	#222222
6975	#222222
6976	#222222
6977	#222222
6978	#222222
6979	#222222
6980	#222222
6981	#222222
6982	#222222
6983	#222222
6984	#222222
6985	#222222
6986	#232323
6987	#272727
6988	#272727
6989	#212121
6990	#222222
6991	#252525
6992	#2B2B2B
6993	#2F2F2F
6994	#313131
6995	#323232
6996	#393939
6997	#414141
6998	#4F4F4F
6999	#4A4A4A
7000	#373737
7001	#424242
7002	#333333
7003	#282828
7004	#252525
7005	#222222
7006	#222222
7007	#222222
7008	#222222
7009	#222222
7010	#222222
7011	#222222
7012	#222222
7013	#222222
7014	#222222
7015	#222222
7016	#222222
7017	#222222
7018	#222222
7019	#222222
7020	#222222
7021	#222222
7022	#222222
7023	#222222
7024	#222222
7025	#222222
7026	#222222
7027	#222222
7028	#222222
7029	#222222
7030	#222222
7031	#222222
7032	#222222
7033	#222222
7034	#222222
7035	#222222
7036	#222222
7037	#222222
7038	#222222
7039	#222222
7040	#222222
7041	#222222
7042	#222222
7043	#222222
7044	#222222
7045	#222222
7046	#222222
7047	#222222
7048	#222222
7049	#222222
7050	#222222
7051	#222222
7052	#222222
7053	#222222
7054	#222222
7055	#222222
7056	#222222
7057	#222222
7058	#222222
7059	#222222
7060	#222222
7061	#222222
7062	#222222
7063	#222222
7064	#222222
7065	#222222
7066	#222222
7067	#222222
7068	#222222
7069	#222222
7070	#222222
7071	#222222
7072	#222222
7073	#222222
7074	#222222
7075	#222222
7076	#222222
7077	#222222
7078	#222222
7079	#222222
7080	#222222
7081	#222222
7082	#222222
7083	#222222
7084	#222222
7085	#222222
7086	#222222
7087	#222222
7088	#222222
7089	#222222
7090	#222222
7091	#222222
7092	#222222
7093	#222222
7094	#222222
7095	#222222
7096	#222222
7097	#222222
7098	#222222
7099	#222222
7100	#222222
7101	#222222
7102	#222222
7103	#222222
7104	#222222
7105	#222222
7106	#222222
7107	#222222
7108	#222222
7109	#222222
7110	#222222
7111	#222222
7112	#222222
7113	#222222
7114	#222222
7115	#222222
7116	#222222
7117	#222222
7118	#222222
7119	#222222
7120	#222222
7121	#222222
7122	#222222
7123	#222222
7124	#222222
7125	#222222
7126	#222222
7127	#282828
7128	#272727
7129	#212121
7130	#232323
7131	#262626
7132	#2C2C2C
7133	#303030
7134	#303030
7135	#323232
7136	#383838
7137	#414141
7138	#4C4C4C
7139	#4E4E4E
7140	#484848
7141	#414141
7142	#343434
7143	#2A2A2A
7144	#252525
7145	#222222
7146	#222222
7147	#222222
7148	#222222
7149	#222222
7150	#222222
7151	#222222
7152	#222222
7153	#222222
7154	#222222
7155	#222222
7156	#222222
7157	#222222
7158	#222222
7159	#222222
7160	#222222
7161	#222222
7162	#222222
7163	#222222
7164	#222222
7165	#222222
7166	#222222
7167	#222222
7168	#222222
7169	#222222
7170	#222222
7171	#222222
7172	#222222
7173	#222222
7174	#222222
7175	#222222
7176	#222222
7177	#222222
7178	#222222
7179	#222222
7180	#222222
7181	#222222
7182	#222222
7183	#222222
7184	#222222
7185	#222222
7186	#222222
7187	#222222
7188	#222222
7189	#222222
7190	#222222
7191	#222222
7192	#222222
7193	#222222
7194	#222222
7195	#222222
7196	#222222
7197	#222222
7198	#222222
7199	#222222
7200	#222222
7201	#222222
7202	#222222
7203	#222222
7204	#222222
7205	#222222
7206	#222222
7207	#222222
7208	#222222
7209	#222222
7210	#222222
7211	#222222
7212	#222222
7213	#222222
7214	#222222
7215	#222222
7216	#222222
7217	#222222
7218	#222222
7219	#222222
7220	#222222
7221	#222222
7222	#222222
7223	#222222
7224	#222222
7225	#222222
7226	#222222
7227	#222222
7228	#222222
7229	#222222
7230	#222222
7231	#222222
7232	#222222
7233	#222222
7234	#222222
7235	#222222
7236	#222222
7237	#222222
7238	#222222
7239	#222222
7240	#222222
7241	#222222
7242	#222222
7243	#222222
7244	#222222
7245	#222222
7246	#222222
7247	#222222
7248	#222222
7249	#222222
7250	#222222
7251	#222222
7252	#222222
7253	#222222
7254	#222222
7255	#222222
7256	#222222
7257	#222222
7258	#222222
7259	#222222
7260	#222222
7261	#222222
7262	#222222
7263	#222222
7264	#222222
7265	#222222
7266	#222222
7267	#242424
7268	#252525
7269	#242424
7270	#232323
7271	#262626
7272	#2B2B2B
7273	#2F2F2F
7274	#313131
7275	#323232
7276	#393939
7277	#414141
7278	#484848
7279	#4C4C4C
7280	#4E4E4E
7281	#414141
7282	#363636
7283	#2B2B2B
7284	#252525
7285	#222222
7286	#222222
7287	#222222
7288	#222222
7289	#222222
7290	#222222
7291	#222222
7292	#222222
7293	#222222
7294	#222222
7295	#222222
7296	#222222
7297	#222222
7298	#222222
7299	#222222
7300	#222222
7301	#222222
7302	#222222
7303	#222222
7304	#222222
7305	#222222
7306	#222222
7307	#222222
7308	#222222
7309	#222222
7310	#222222
7311	#222222
7312	#222222
7313	#222222
7314	#222222
7315	#222222
7316	#222222
7317	#222222
7318	#222222
7319	#222222
7320	#222222
7321	#222222
7322	#222222
7323	#222222
7324	#222222
7325	#222222
7326	#222222
7327	#222222
7328	#222222
7329	#222222
7330	#222222
7331	#222222
7332	#222222
7333	#222222
7334	#222222
7335	#222222
7336	#222222
7337	#222222
7338	#222222
7339	#222222
7340	#222222
7341	#222222
7342	#222222
7343	#222222
7344	#222222
7345	#222222
7346	#222222
7347	#222222
7348	#222222
7349	#222222
7350	#222222
7351	#222222
7352	#222222
7353	#222222
7354	#222222
7355	#222222
7356	#222222
7357	#222222
7358	#222222
7359	#222222
7360	#222222
7361	#222222
7362	#222222
7363	#222222
7364	#222222
7365	#222222
7366	#222222
7367	#222222
7368	#222222
7369	#222222
7370	#222222
7371	#222222
7372	#222222
7373	#222222
7374	#222222
7375	#222222
7376	#222222
7377	#222222
7378	#222222
7379	#222222
7380	#222222
7381	#222222
7382	#222222
7383	#222222
7384	#222222
7385	#222222
7386	#222222
7387	#222222
7388	#222222
7389	#222222
7390	#222222
7391	#222222
7392	#222222
7393	#222222
7394	#222222
7395	#222222
7396	#222222
7397	#222222
7398	#222222
7399	#222222
7400	#222222
7401	#222222
7402	#222222
7403	#222222
7404	#222222
7405	#222222
7406	#222222
7407	#222222
7408	#242424
7409	#252525
7410	#222222
7411	#262626
7412	#2B2B2B
7413	#2F2F2F
7414	#303030
7415	#323232
7416	#393939
7417	#414141
7418	#474747
7419	#4B4B4B
7420	#4E4E4E
7421	#404040
7422	#353535
7423	#2A2A2A
7424	#232323
7425	#222222
7426	#222222
7427	#222222
7428	#222222
7429	#222222
7430	#222222
7431	#222222
7432	#222222
7433	#222222
7434	#222222
7435	#222222
7436	#222222
7437	#222222
7438	#222222
7439	#222222
7440	#222222
7441	#222222
7442	#222222
7443	#222222
7444	#222222
7445	#222222
7446	#222222
7447	#222222
7448	#222222
7449	#222222
7450	#222222
7451	#222222
7452	#222222
7453	#222222
7454	#222222
7455	#222222
7456	#222222
7457	#222222
7458	#222222
7459	#222222
7460	#222222
7461	#222222
7462	#222222
7463	#222222
7464	#222222
7465	#222222
7466	#222222
7467	#222222
7468	#222222
7469	#222222
7470	#222222
7471	#222222
7472	#222222
7473	#222222
7474	#222222
7475	#222222
7476	#222222
7477	#222222
7478	#222222
7479	#222222
7480	#222222
7481	#222222
7482	#222222
7483	#222222
7484	#222222
7485	#222222
7486	#222222
7487	#222222
7488	#222222
7489	#222222
7490	#222222
7491	#222222
7492	#222222
7493	#222222
7494	#222222
7495	#222222
7496	#222222
7497	#222222
7498	#222222
7499	#222222
7500	#222222
7501	#222222
7502	#222222
7503	#222222
7504	#222222
7505	#222222
7506	#222222
7507	#222222
7508	#222222
7509	#222222
7510	#222222
7511	#222222
7512	#222222
7513	#222222
7514	#222222
7515	#222222
7516	#222222
7517	#222222
7518	#222222
7519	#222222
7520	#222222
7521	#222222
7522	#222222
7523	#222222
7524	#222222
7525	#222222
7526	#222222
7527	#222222
7528	#222222
7529	#222222
7530	#222222
7531	#222222
7532	#222222
7533	#222222
7534	#222222
7535	#222222
7536	#222222
7537	#222222
7538	#222222
7539	#222222
7540	#222222
7541	#222222
7542	#222222
7543	#222222
7544	#222222
7545	#222222
7546	#222222
7547	#222222
7548	#262626
7549	#272727
7550	#222222
7551	#262626
7552	#2B2B2B
7553	#2E2E2E
7554	#2E2E2E
7555	#323232
7556	#383838
7557	#404040
7558	#474747
7559	#4C4C4C
7560	#515151
7561	#414141
7562	#373737
7563	#292929
7564	#222222
7565	#222222
7566	#222222
7567	#222222
7568	#222222
7569	#222222
7570	#222222
7571	#222222
7572	#222222
7573	#222222
7574	#222222
7575	#222222
7576	#222222
7577	#222222
7578	#222222
7579	#222222
7580	#222222
7581	#222222
7582	#222222
7583	#222222
7584	#222222
7585	#222222
7586	#222222
7587	#222222
7588	#222222
7589	#222222
7590	#222222
7591	#222222
7592	#222222
7593	#222222
7594	#222222
7595	#222222
7596	#222222
7597	#222222
7598	#222222
7599	#222222
7600	#222222
7601	#222222
7602	#222222
7603	#222222
7604	#222222
7605	#222222
7606	#222222
7607	#222222
7608	#222222
7609	#222222
7610	#222222
7611	#222222
7612	#222222
7613	#222222
7614	#222222
7615	#222222
7616	#222222
7617	#222222
7618	#222222
7619	#222222
7620	#222222
7621	#222222
7622	#222222
7623	#222222
7624	#222222
7625	#222222
7626	#222222
7627	#222222
7628	#222222
7629	#222222
7630	#222222
7631	#222222
7632	#222222
7633	#222222
7634	#222222
7635	#222222
7636	#222222
7637	#222222
7638	#222222
7639	#222222
7640	#222222
7641	#222222
7642	#222222
7643	#222222
7644	#222222
7645	#222222
7646	#222222
7647	#222222
7648	#222222
7649	#222222
7650	#222222
7651	#222222
7652	#222222
7653	#222222
7654	#222222
7655	#222222
7656	#222222
7657	#222222
7658	#222222
7659	#222222
7660	#222222
7661	#222222
7662	#222222
7663	#222222
7664	#222222
7665	#222222
7666	#222222
7667	#222222
7668	#222222
7669	#222222
7670	#222222
7671	#222222
7672	#222222
7673	#222222
7674	#222222
7675	#222222
7676	#222222
7677	#222222
7678	#222222
7679	#222222
7680	#222222
7681	#222222
7682	#222222
7683	#222222
7684	#222222
7685	#222222
7686	#222222
7687	#212121
7688	#282828
7689	#2A2A2A
7690	#242424
7691	#272727
7692	#2C2C2C
7693	#2D2D2D
7694	#2E2E2E
7695	#323232
7696	#373737
7697	#404040
7698	#484848
7699	#4D4D4D
7700	#515151
7701	#404040
7702	#353535
7703	#292929
7704	#232323
7705	#222222
7706	#222222
7707	#222222
7708	#222222
7709	#222222
7710	#222222
7711	#222222
7712	#222222
7713	#222222
7714	#222222
7715	#222222
7716	#222222
7717	#222222
7718	#222222
7719	#222222
7720	#222222
7721	#222222
7722	#222222
7723	#222222
7724	#222222
7725	#222222
7726	#222222
7727	#222222
7728	#222222
7729	#222222
7730	#222222
7731	#222222
7732	#222222
7733	#222222
7734	#222222
7735	#222222
7736	#222222
7737	#222222
7738	#222222
7739	#222222
7740	#222222
7741	#222222
7742	#222222
7743	#222222
7744	#222222
7745	#222222
7746	#222222
7747	#222222
7748	#222222
7749	#222222
7750	#222222
7751	#222222
7752	#222222
7753	#222222
7754	#222222
7755	#222222
7756	#222222
7757	#222222
7758	#222222
7759	#222222
7760	#222222
7761	#222222
7762	#222222
7763	#222222
7764	#222222
7765	#222222
7766	#222222
7767	#222222
7768	#222222
7769	#222222
7770	#222222
7771	#222222
7772	#222222
7773	#222222
7774	#222222
7775	#222222
7776	#222222
7777	#222222
7778	#222222
7779	#222222
7780	#222222
7781	#222222
7782	#222222
7783	#222222
7784	#222222
7785	#222222
7786	#222222
7787	#222222
7788	#222222
7789	#222222
7790	#222222
7791	#222222
7792	#222222
7793	#222222
7794	#222222
7795	#222222
7796	#222222
7797	#222222
7798	#222222
7799	#222222
7800	#222222
7801	#222222
7802	#222222
7803	#222222
7804	#222222
7805	#222222
7806	#222222
7807	#222222
7808	#222222
7809	#222222
7810	#222222
7811	#222222
7812	#222222
7813	#222222
7814	#222222
7815	#222222
7816	#222222
7817	#222222
7818	#222222
7819	#222222
7820	#222222
7821	#222222
7822	#222222
7823	#222222
7824	#222222
7825	#222222
7826	#222222
7827	#222222
7828	#262626
7829	#292929
7830	#282828
7831	#282828
7832	#2C2C2C
7833	#2D2D2D
7834	#2D2D2D
7835	#323232
7836	#383838
7837	#404040
7838	#474747
7839	#4C4C4C
7840	#505050
7841	#424242
7842	#373737
7843	#292929
7844	#232323
7845	#222222
7846	#222222
7847	#222222
7848	#222222
7849	#222222
7850	#222222
7851	#222222
7852	#222222
7853	#222222
7854	#222222
7855	#222222
7856	#222222
7857	#222222
7858	#222222
7859	#222222
7860	#222222
7861	#222222
7862	#222222
7863	#222222
7864	#222222
7865	#222222
7866	#222222
7867	#222222
7868	#222222
7869	#222222
7870	#222222
7871	#222222
7872	#222222
7873	#222222
7874	#222222
7875	#222222
7876	#222222
7877	#222222
7878	#222222
7879	#222222
7880	#222222
7881	#222222
7882	#222222
7883	#222222
7884	#222222
7885	#222222
7886	#222222
7887	#222222
7888	#222222
7889	#222222
7890	#222222
7891	#222222
7892	#222222
7893	#222222
7894	#222222
7895	#222222
7896	#222222
7897	#222222
7898	#222222
7899	#222222
7900	#222222
7901	#222222
7902	#222222
7903	#222222
7904	#222222
7905	#222222
7906	#222222
7907	#222222
7908	#222222
7909	#222222
7910	#222222
7911	#222222
7912	#222222
7913	#222222
7914	#222222
7915	#222222
7916	#222222
7917	#222222
7918	#222222
7919	#222222
7920	#222222
7921	#222222
7922	#222222
7923	#222222
7924	#222222
7925	#222222
7926	#222222
7927	#222222
7928	#222222
7929	#222222
7930	#222222
7931	#222222
7932	#212121
7933	#212121
7934	#222222
7935	#222222
7936	#222222
7937	#222222
7938	#222222
7939	#222222
7940	#222222
7941	#222222
7942	#222222
7943	#222222
7944	#222222
7945	#222222
7946	#222222
7947	#222222
7948	#222222
7949	#222222
7950	#222222
7951	#222222
7952	#222222
7953	#222222
7954	#222222
7955	#222222
7956	#222222
7957	#222222
7958	#222222
7959	#222222
7960	#222222
7961	#222222
7962	#222222
7963	#222222
7964	#222222
7965	#222222
7966	#222222
7967	#222222
7968	#222222
7969	#262626
7970	#2A2A2A
7971	#2B2B2B
7972	#2C2C2C
7973	#2C2C2C
7974	#2D2D2D
7975	#323232
7976	#373737
7977	#3F3F3F
7978	#464646
7979	#4D4D4D
7980	#515151
7981	#434343
7982	#373737
7983	#292929
7984	#222222
7985	#222222
7986	#222222
7987	#232323
7988	#232323
7989	#222222
7990	#222222
7991	#222222
7992	#222222
7993	#222222
7994	#222222
7995	#222222
7996	#222222
7997	#222222
7998	#222222
7999	#222222
8000	#222222
8001	#222222
8002	#222222
8003	#222222
8004	#222222
8005	#222222
8006	#222222
8007	#222222
8008	#222222
8009	#222222
8010	#222222
8011	#222222
8012	#222222
8013	#222222
8014	#222222
8015	#222222
8016	#222222
8017	#222222
8018	#222222
8019	#222222
8020	#222222
8021	#222222
8022	#222222
8023	#222222
8024	#222222
8025	#222222
8026	#222222
8027	#222222
8028	#222222
8029	#222222
8030	#222222
8031	#222222
8032	#222222
8033	#222222
8034	#222222
8035	#222222
8036	#222222
8037	#222222
8038	#222222
8039	#222222
8040	#222222
8041	#222222
8042	#222222
8043	#222222
8044	#222222
8045	#222222
8046	#222222
8047	#222222
8048	#222222
8049	#222222
8050	#222222
8051	#222222
8052	#222222
8053	#222222
8054	#222222
8055	#222222
8056	#222222
8057	#222222
8058	#222222
8059	#222222
8060	#222222
8061	#222222
8062	#222222
8063	#222222
8064	#222222
8065	#222222
8066	#222222
8067	#222222
8068	#222222
8069	#222222
8070	#222222
8071	#222222
8072	#272727
8073	#252525
8074	#212121
8075	#222222
8076	#222222
8077	#222222
8078	#222222
8079	#222222
8080	#222222
8081	#222222
8082	#222222
8083	#222222
8084	#222222
8085	#222222
8086	#222222
8087	#222222
8088	#222222
8089	#222222
8090	#222222
8091	#222222
8092	#222222
8093	#222222
8094	#222222
8095	#222222
8096	#222222
8097	#222222
8098	#222222
8099	#222222
8100	#222222
8101	#222222
8102	#222222
8103	#222222
8104	#222222
8105	#222222
8106	#222222
8107	#222222
8108	#212121
8109	#252525
8110	#2F2F2F
8111	#303030
8112	#2C2C2C
8113	#2C2C2C
8114	#2D2D2D
8115	#323232
8116	#373737
8117	#3F3F3F
8118	#464646
8119	#4D4D4D
8120	#515151
8121	#404040
8122	#343434
8123	#282828
8124	#222222
8125	#222222
8126	#222222
8127	#242424
8128	#232323
8129	#222222
8130	#222222
8131	#222222
8132	#222222
8133	#222222
8134	#222222
8135	#222222
8136	#222222
8137	#222222
8138	#222222
8139	#222222
8140	#222222
8141	#222222
8142	#222222
8143	#222222
8144	#222222
8145	#222222
8146	#222222
8147	#222222
8148	#222222
8149	#222222
8150	#222222
8151	#222222
8152	#222222
8153	#222222
8154	#222222
8155	#222222
8156	#222222
8157	#222222
8158	#222222
8159	#222222
8160	#222222
8161	#222222
8162	#222222
8163	#222222
8164	#222222
8165	#222222
8166	#222222
8167	#222222
8168	#222222
8169	#222222
8170	#222222
8171	#222222
8172	#222222
8173	#222222
8174	#222222
8175	#222222
8176	#222222
8177	#222222
8178	#222222
8179	#222222
8180	#222222
8181	#222222
8182	#222222
8183	#222222
8184	#222222
8185	#222222
8186	#222222
8187	#222222
8188	#222222
8189	#222222
8190	#222222
8191	#222222
8192	#222222
8193	#222222
8194	#222222
8195	#222222
8196	#222222
8197	#222222
8198	#222222
8199	#222222
8200	#222222
8201	#222222
8202	#222222
8203	#222222
8204	#222222
8205	#222222
8206	#222222
8207	#222222
8208	#222222
8209	#222222
8210	#222222
8211	#222222
8212	#282828
8213	#262626
8214	#212121
8215	#222222
8216	#222222
8217	#222222
8218	#222222
8219	#222222
8220	#222222
8221	#222222
8222	#222222
8223	#222222
8224	#222222
8225	#222222
8226	#222222
8227	#222222
8228	#222222
8229	#222222
8230	#222222
8231	#222222
8232	#222222
8233	#222222
8234	#222222
8235	#222222
8236	#222222
8237	#222222
8238	#222222
8239	#222222
8240	#222222
8241	#222222
8242	#222222
8243	#222222
8244	#222222
8245	#222222
8246	#222222
8247	#222222
8248	#212121
8249	#272727
8250	#333333
8251	#333333
8252	#2E2E2E
8253	#2C2C2C
8254	#2D2D2D
8255	#323232
8256	#373737
8257	#3F3F3F
8258	#464646
8259	#4A4A4A
8260	#4D4D4D
8261	#444444
8262	#343434
8263	#282828
8264	#242424
8265	#222222
8266	#222222
8267	#222222
8268	#222222
8269	#222222
8270	#222222
8271	#222222
8272	#222222
8273	#222222
8274	#222222
8275	#222222
8276	#222222
8277	#222222
8278	#222222
8279	#222222
8280	#222222
8281	#222222
8282	#222222
8283	#222222
8284	#222222
8285	#222222
8286	#222222
8287	#222222
8288	#222222
8289	#222222
8290	#222222
8291	#222222
8292	#222222
8293	#222222
8294	#222222
8295	#222222
8296	#222222
8297	#222222
8298	#222222
8299	#222222
8300	#222222
8301	#222222
8302	#222222
8303	#222222
8304	#222222
8305	#222222
8306	#222222
8307	#222222
8308	#222222
8309	#222222
8310	#222222
8311	#222222
8312	#222222
8313	#222222
8314	#222222
8315	#222222
8316	#222222
8317	#222222
8318	#222222
8319	#222222
8320	#222222
8321	#222222
8322	#222222
8323	#222222
8324	#222222
8325	#222222
8326	#222222
8327	#222222
8328	#222222
8329	#222222
8330	#222222
8331	#222222
8332	#222222
8333	#222222
8334	#222222
8335	#222222
8336	#222222
8337	#222222
8338	#222222
8339	#222222
8340	#222222
8341	#222222
8342	#222222
8343	#222222
8344	#222222
8345	#222222
8346	#222222
8347	#222222
8348	#222222
8349	#222222
8350	#222222
8351	#222222
8352	#222222
8353	#222222
8354	#232323
8355	#222222
8356	#222222
8357	#222222
8358	#222222
8359	#222222
8360	#222222
8361	#222222
8362	#222222
8363	#222222
8364	#222222
8365	#222222
8366	#222222
8367	#222222
8368	#222222
8369	#222222
8370	#222222
8371	#222222
8372	#222222
8373	#222222
8374	#222222
8375	#222222
8376	#222222
8377	#222222
8378	#222222
8379	#222222
8380	#222222
8381	#222222
8382	#222222
8383	#222222
8384	#222222
8385	#222222
8386	#222222
8387	#222222
8388	#212121
8389	#262626
8390	#303030
8391	#353535
8392	#2F2F2F
8393	#2B2B2B
8394	#2C2C2C
8395	#303030
8396	#363636
8397	#404040
8398	#464646
8399	#464646
8400	#444444
8401	#545454
8402	#3B3B3B
8403	#282828
8404	#232323
8405	#222222
8406	#232323
8407	#222222
8408	#222222
8409	#222222
8410	#222222
8411	#222222
8412	#222222
8413	#222222
8414	#222222
8415	#222222
8416	#222222
8417	#222222
8418	#222222
8419	#222222
8420	#222222
8421	#222222
8422	#222222
8423	#222222
8424	#222222
8425	#222222
8426	#222222
8427	#222222
8428	#222222
8429	#222222
8430	#222222
8431	#222222
8432	#222222
8433	#222222
8434	#222222
8435	#222222
8436	#222222
8437	#222222
8438	#222222
8439	#222222
8440	#222222
8441	#222222
8442	#222222
8443	#222222
8444	#222222
8445	#222222
8446	#222222
8447	#222222
8448	#222222
8449	#222222
8450	#222222
8451	#222222
8452	#222222
8453	#222222
8454	#222222
8455	#222222
8456	#222222
8457	#222222
8458	#222222
8459	#222222
8460	#222222
8461	#222222
8462	#222222
8463	#222222
8464	#222222
8465	#222222
8466	#222222
8467	#222222
8468	#222222
8469	#222222
8470	#222222
8471	#222222
8472	#222222
8473	#222222
8474	#222222
8475	#222222
8476	#222222
8477	#222222
8478	#222222
8479	#222222
8480	#222222
8481	#222222
8482	#222222
8483	#222222
8484	#222222
8485	#222222
8486	#222222
8487	#222222
8488	#222222
8489	#222222
8490	#222222
8491	#222222
8492	#222222
8493	#232323
8494	#242424
8495	#222222
8496	#222222
8497	#222222
8498	#222222
8499	#222222
8500	#222222
8501	#222222
8502	#222222
8503	#222222
8504	#222222
8505	#222222
8506	#222222
8507	#222222
8508	#222222
8509	#222222
8510	#222222
8511	#222222
8512	#222222
8513	#222222
8514	#222222
8515	#222222
8516	#222222
8517	#222222
8518	#222222
8519	#222222
8520	#222222
8521	#222222
8522	#222222
8523	#222222
8524	#222222
8525	#222222
8526	#222222
8527	#222222
8528	#222222
8529	#222222
8530	#272727
8531	#343434
8532	#333333
8533	#2C2C2C
8534	#2B2B2B
8535	#303030
8536	#373737
8537	#3F3F3F
8538	#4A4A4A
8539	#484848
8540	#383838
8541	#464646
8542	#353535
8543	#262626
8544	#222222
8545	#232323
8546	#262626
8547	#242424
8548	#222222
8549	#222222
8550	#222222
8551	#222222
8552	#222222
8553	#222222
8554	#222222
8555	#222222
8556	#222222
8557	#222222
8558	#222222
8559	#222222
8560	#222222
8561	#222222
8562	#222222
8563	#222222
8564	#222222
8565	#222222
8566	#222222
8567	#222222
8568	#222222
8569	#222222
8570	#222222
8571	#222222
8572	#222222
8573	#222222
8574	#222222
8575	#222222
8576	#222222
8577	#222222
8578	#222222
8579	#222222
8580	#222222
8581	#222222
8582	#222222
8583	#222222
8584	#222222
8585	#222222
8586	#222222
8587	#222222
8588	#222222
8589	#222222
8590	#222222
8591	#222222
8592	#222222
8593	#222222
8594	#222222
8595	#222222
8596	#222222
8597	#222222
8598	#222222
8599	#222222
8600	#222222
8601	#222222
8602	#222222
8603	#222222
8604	#222222
8605	#222222
8606	#222222
8607	#222222
8608	#222222
8609	#222222
8610	#222222
8611	#222222
8612	#222222
8613	#222222
8614	#222222
8615	#222222
8616	#222222
8617	#222222
8618	#222222
8619	#222222
8620	#222222
8621	#222222
8622	#222222
8623	#222222
8624	#222222
8625	#222222
8626	#222222
8627	#222222
8628	#222222
8629	#222222
8630	#222222
8631	#222222
8632	#222222
8633	#222222
8634	#222222
8635	#222222
8636	#222222
8637	#222222
8638	#222222
8639	#222222
8640	#222222
8641	#222222
8642	#222222
8643	#222222
8644	#222222
8645	#222222
8646	#222222
8647	#222222
8648	#222222
8649	#222222
8650	#222222
8651	#222222
8652	#222222
8653	#222222
8654	#222222
8655	#222222
8656	#222222
8657	#222222
8658	#222222
8659	#222222
8660	#222222
8661	#222222
8662	#222222
8663	#222222
8664	#222222
8665	#222222
8666	#222222
8667	#222222
8668	#222222
8669	#202020
8670	#252525
8671	#363636
8672	#353535
8673	#2D2D2D
8674	#2B2B2B
8675	#313131
8676	#373737
8677	#3E3E3E
8678	#4A4A4A
8679	#4E4E4E
8680	#464646
8681	#3E3E3E
8682	#333333
8683	#272727
8684	#222222
8685	#222222
8686	#242424
8687	#232323
8688	#222222
8689	#222222
8690	#222222
8691	#222222
8692	#222222
8693	#222222
8694	#222222
8695	#222222
8696	#222222
8697	#222222
8698	#222222
8699	#222222
8700	#222222
8701	#222222
8702	#222222
8703	#222222
8704	#222222
8705	#222222
8706	#222222
8707	#222222
8708	#222222
8709	#222222
8710	#222222
8711	#222222
8712	#222222
8713	#222222
8714	#222222
8715	#222222
8716	#222222
8717	#222222
8718	#222222
8719	#222222
8720	#222222
8721	#222222
8722	#222222
8723	#222222
8724	#222222
8725	#222222
8726	#222222
8727	#222222
8728	#222222
8729	#222222
8730	#222222
8731	#222222
8732	#222222
8733	#222222
8734	#222222
8735	#222222
8736	#222222
8737	#222222
8738	#222222
8739	#222222
8740	#222222
8741	#222222
8742	#222222
8743	#222222
8744	#222222
8745	#222222
8746	#222222
8747	#222222
8748	#222222
8749	#222222
8750	#222222
8751	#222222
8752	#222222
8753	#222222
8754	#222222
8755	#222222
8756	#222222
8757	#222222
8758	#222222
8759	#222222
8760	#222222
8761	#222222
8762	#222222
8763	#222222
8764	#222222
8765	#222222
8766	#222222
8767	#222222
8768	#222222
8769	#222222
8770	#222222
8771	#222222
8772	#222222
8773	#222222
8774	#222222
8775	#242424
8776	#232323
8777	#222222
8778	#222222
8779	#222222
8780	#222222
8781	#222222
8782	#222222
8783	#222222
8784	#222222
8785	#222222
8786	#222222
8787	#222222
8788	#222222
8789	#222222
8790	#222222
8791	#222222
8792	#222222
8793	#222222
8794	#222222
8795	#222222
8796	#222222
8797	#222222
8798	#222222
8799	#222222
8800	#222222
8801	#222222
8802	#222222
8803	#222222
8804	#222222
8805	#222222
8806	#222222
8807	#222222
8808	#222222
8809	#202020
8810	#252525
8811	#353535
8812	#373737
8813	#2F2F2F
8814	#2B2B2B
8815	#313131
8816	#373737
8817	#3E3E3E
8818	#464646
8819	#4D4D4D
8820	#4F4F4F
8821	#424242
8822	#363636
8823	#292929
8824	#232323
8825	#222222
8826	#222222
8827	#222222
8828	#222222
8829	#222222
8830	#222222
8831	#222222
8832	#222222
8833	#222222
8834	#222222
8835	#222222
8836	#222222
8837	#222222
8838	#222222
8839	#222222
8840	#222222
8841	#222222
8842	#222222
8843	#222222
8844	#222222
8845	#222222
8846	#222222
8847	#222222
8848	#222222
8849	#222222
8850	#222222
8851	#222222
8852	#222222
8853	#222222
8854	#222222
8855	#222222
8856	#222222
8857	#222222
8858	#222222
8859	#222222
8860	#222222
8861	#222222
8862	#222222
8863	#222222
8864	#222222
8865	#222222
8866	#222222
8867	#222222
8868	#222222
8869	#222222
8870	#222222
8871	#222222
8872	#222222
8873	#222222
8874	#222222
8875	#222222
8876	#222222
8877	#222222
8878	#222222
8879	#222222
8880	#222222
8881	#222222
8882	#222222
8883	#222222
8884	#222222
8885	#222222
8886	#222222
8887	#222222
8888	#222222
8889	#222222
8890	#222222
8891	#222222
8892	#222222
8893	#222222
8894	#222222
8895	#222222
8896	#222222
8897	#222222
8898	#222222
8899	#222222
8900	#222222
8901	#222222
8902	#222222
8903	#222222
8904	#222222
8905	#222222
8906	#222222
8907	#222222
8908	#222222
8909	#222222
8910	#222222
8911	#222222
8912	#222222
8913	#222222
8914	#232323
8915	#252525
8916	#232323
8917	#222222
8918	#222222
8919	#222222
8920	#222222
8921	#222222
8922	#222222
8923	#222222
8924	#222222
8925	#222222
8926	#222222
8927	#222222
8928	#222222
8929	#222222
8930	#222222
8931	#222222
8932	#222222
8933	#222222
8934	#222222
8935	#222222
8936	#222222
8937	#222222
8938	#222222
8939	#222222
8940	#222222
8941	#222222
8942	#222222
8943	#222222
8944	#222222
8945	#222222
8946	#222222
8947	#222222
8948	#222222
8949	#212121
8950	#242424
8951	#2F2F2F
8952	#363636
8953	#313131
8954	#2B2B2B
8955	#313131
8956	#373737
8957	#3E3E3E
8958	#444444
8959	#4A4A4A
8960	#4D4D4D
8961	#414141
8962	#343434
8963	#272727
8964	#232323
8965	#242424
8966	#222222
8967	#222222
8968	#222222
8969	#222222
8970	#222222
8971	#222222
8972	#222222
8973	#222222
8974	#222222
8975	#222222
8976	#222222
8977	#222222
8978	#222222
8979	#222222
8980	#222222
8981	#222222
8982	#222222
8983	#222222
8984	#222222
8985	#222222
8986	#222222
8987	#222222
8988	#222222
8989	#222222
8990	#222222
8991	#222222
8992	#222222
8993	#222222
8994	#222222
8995	#222222
8996	#222222
8997	#222222
8998	#222222
8999	#222222
9000	#222222
9001	#222222
9002	#222222
9003	#222222
9004	#222222
9005	#222222
9006	#222222
9007	#222222
9008	#222222
9009	#222222
9010	#222222
9011	#222222
9012	#222222
9013	#222222
9014	#222222
9015	#222222
9016	#222222
9017	#222222
9018	#222222
9019	#222222
9020	#222222
9021	#222222
9022	#222222
9023	#222222
9024	#222222
9025	#222222
9026	#222222
9027	#222222
9028	#222222
9029	#222222
9030	#222222
9031	#222222
9032	#222222
9033	#222222
9034	#222222
9035	#222222
9036	#222222
9037	#222222
9038	#222222
9039	#222222
9040	#222222
9041	#222222
9042	#222222
9043	#222222
9044	#222222
9045	#222222
9046	#222222
9047	#222222
9048	#222222
9049	#222222
9050	#222222
9051	#222222
9052	#222222
9053	#222222
9054	#222222
9055	#222222
9056	#222222
9057	#222222
9058	#222222
9059	#222222
9060	#222222
9061	#222222
9062	#222222
9063	#222222
9064	#222222
9065	#222222
9066	#222222
9067	#222222
9068	#222222
9069	#222222
9070	#222222
9071	#222222
9072	#222222
9073	#222222
9074	#222222
9075	#222222
9076	#222222
9077	#222222
9078	#222222
9079	#222222
9080	#222222
9081	#222222
9082	#222222
9083	#222222
9084	#222222
9085	#222222
9086	#222222
9087	#222222
9088	#222222
9089	#222222
9090	#222222
9091	#272727
9092	#333333
9093	#323232
9094	#2C2C2C
9095	#2F2F2F
9096	#363636
9097	#3F3F3F
9098	#454545
9099	#4B4B4B
9100	#505050
9101	#414141
9102	#343434
9103	#282828
9104	#242424
9105	#232323
9106	#222222
9107	#222222
9108	#222222
9109	#222222
9110	#222222
9111	#222222
9112	#222222
9113	#222222
9114	#222222
9115	#222222
9116	#222222
9117	#222222
9118	#222222
9119	#222222
9120	#222222
9121	#222222
9122	#222222
9123	#222222
9124	#222222
9125	#222222
9126	#222222
9127	#222222
9128	#222222
9129	#222222
9130	#222222
9131	#222222
9132	#222222
9133	#222222
9134	#222222
9135	#222222
9136	#222222
9137	#222222
9138	#222222
9139	#222222
9140	#222222
9141	#222222
9142	#222222
9143	#222222
9144	#222222
9145	#222222
9146	#222222
9147	#222222
9148	#222222
9149	#222222
9150	#222222
9151	#222222
9152	#222222
9153	#222222
9154	#222222
9155	#222222
9156	#222222
9157	#222222
9158	#222222
9159	#222222
9160	#222222
9161	#222222
9162	#222222
9163	#222222
9164	#222222
9165	#222222
9166	#222222
9167	#222222
9168	#222222
9169	#222222
9170	#222222
9171	#222222
9172	#222222
9173	#222222
9174	#222222
9175	#222222
9176	#222222
9177	#222222
9178	#222222
9179	#222222
9180	#222222
9181	#222222
9182	#222222
9183	#222222
9184	#222222
9185	#222222
9186	#222222
9187	#222222
9188	#222222
9189	#222222
9190	#222222
9191	#222222
9192	#222222
9193	#222222
9194	#222222
9195	#222222
9196	#222222
9197	#222222
9198	#222222
9199	#222222
9200	#222222
9201	#222222
9202	#222222
9203	#222222
9204	#222222
9205	#222222
9206	#222222
9207	#222222
9208	#222222
9209	#222222
9210	#222222
9211	#222222
9212	#222222
9213	#222222
9214	#222222
9215	#222222
9216	#222222
9217	#222222
9218	#222222
9219	#222222
9220	#222222
9221	#222222
9222	#222222
9223	#222222
9224	#222222
9225	#222222
9226	#222222
9227	#222222
9228	#222222
9229	#222222
9230	#222222
9231	#232323
9232	#303030
9233	#343434
9234	#2D2D2D
9235	#2E2E2E
9236	#383838
9237	#414141
9238	#464646
9239	#4B4B4B
9240	#505050
9241	#404040
9242	#353535
9243	#2B2B2B
9244	#262626
9245	#222222
9246	#222222
9247	#222222
9248	#222222
9249	#222222
9250	#222222
9251	#222222
9252	#222222
9253	#222222
9254	#222222
9255	#222222
9256	#222222
9257	#222222
9258	#222222
9259	#222222
9260	#222222
9261	#222222
9262	#222222
9263	#222222
9264	#222222
9265	#222222
9266	#222222
9267	#222222
9268	#222222
9269	#222222
9270	#222222
9271	#222222
9272	#222222
9273	#222222
9274	#222222
9275	#222222
9276	#222222
9277	#222222
9278	#222222
9279	#222222
9280	#222222
9281	#222222
9282	#222222
9283	#222222
9284	#222222
9285	#222222
9286	#222222
9287	#222222
9288	#222222
9289	#222222
9290	#222222
9291	#222222
9292	#222222
9293	#222222
9294	#222222
9295	#222222
9296	#222222
9297	#222222
9298	#222222
9299	#222222
9300	#222222
9301	#222222
9302	#222222
9303	#222222
9304	#222222
9305	#222222
9306	#222222
9307	#222222
9308	#222222
9309	#222222
9310	#222222
9311	#222222
9312	#222222
9313	#222222
9314	#222222
9315	#222222
9316	#222222
9317	#222222
9318	#222222
9319	#222222
9320	#222222
9321	#222222
9322	#222222
9323	#222222
9324	#222222
9325	#222222
9326	#222222
9327	#222222
9328	#222222
9329	#222222
9330	#222222
9331	#222222
9332	#222222
9333	#222222
9334	#222222
9335	#222222
9336	#222222
9337	#222222
9338	#222222
9339	#222222
9340	#222222
9341	#222222
9342	#222222
9343	#222222
9344	#222222
9345	#222222
9346	#222222
9347	#222222
9348	#222222
9349	#222222
9350	#222222
9351	#222222
9352	#222222
9353	#222222
9354	#222222
9355	#222222
9356	#222222
9357	#222222
9358	#222222
9359	#222222
9360	#222222
9361	#222222
9362	#222222
9363	#222222
9364	#222222
9365	#222222
9366	#222222
9367	#222222
9368	#222222
9369	#222222
9370	#222222
9371	#222222
9372	#313131
9373	#363636
9374	#2F2F2F
9375	#2F2F2F
9376	#373737
9377	#404040
9378	#454545
9379	#4B4B4B
9380	#515151
9381	#414141
9382	#353535
9383	#2D2D2D
9384	#282828
9385	#222222
9386	#222222
9387	#222222
9388	#222222
9389	#222222
9390	#222222
9391	#222222
9392	#222222
9393	#222222
9394	#222222
9395	#222222
9396	#222222
9397	#222222
9398	#222222
9399	#222222
9400	#222222
9401	#222222
9402	#222222
9403	#222222
9404	#222222
9405	#222222
9406	#222222
9407	#222222
9408	#222222
9409	#222222
9410	#222222
9411	#222222
9412	#222222
9413	#222222
9414	#222222
9415	#222222
9416	#222222
9417	#222222
9418	#222222
9419	#222222
9420	#222222
9421	#222222
9422	#222222
9423	#222222
9424	#222222
9425	#222222
9426	#222222
9427	#222222
9428	#222222
9429	#222222
9430	#222222
9431	#222222
9432	#222222
9433	#222222
9434	#222222
9435	#222222
9436	#222222
9437	#222222
9438	#222222
9439	#222222
9440	#222222
9441	#222222
9442	#222222
9443	#222222
9444	#222222
9445	#222222
9446	#222222
9447	#222222
9448	#222222
9449	#222222
9450	#222222
9451	#222222
9452	#222222
9453	#222222
9454	#222222
9455	#222222
9456	#222222
9457	#222222
9458	#222222
9459	#222222
9460	#222222
9461	#222222
9462	#222222
9463	#222222
9464	#222222
9465	#222222
9466	#222222
9467	#222222
9468	#222222
9469	#222222
9470	#222222
9471	#222222
9472	#222222
9473	#222222
9474	#222222
9475	#222222
9476	#222222
9477	#222222
9478	#222222
9479	#222222
9480	#222222
9481	#222222
9482	#222222
9483	#222222
9484	#222222
9485	#222222
9486	#222222
9487	#222222
9488	#222222
9489	#222222
9490	#222222
9491	#222222
9492	#222222
9493	#222222
9494	#222222
9495	#222222
9496	#222222
9497	#222222
9498	#222222
9499	#222222
9500	#222222
9501	#222222
9502	#222222
9503	#222222
9504	#222222
9505	#222222
9506	#222222
9507	#222222
9508	#222222
9509	#222222
9510	#222222
9511	#222222
9512	#2D2D2D
9513	#343434
9514	#323232
9515	#313131
9516	#373737
9517	#3E3E3E
9518	#444444
9519	#4B4B4B
9520	#515151
9521	#424242
9522	#373737
9523	#2D2D2D
9524	#272727
9525	#222222
9526	#222222
9527	#222222
9528	#222222
9529	#222222
9530	#222222
9531	#222222
9532	#222222
9533	#222222
9534	#222222
9535	#222222
9536	#222222
9537	#222222
9538	#222222
9539	#222222
9540	#222222
9541	#222222
9542	#222222
9543	#222222
9544	#222222
9545	#222222
9546	#222222
9547	#222222
9548	#222222
9549	#222222
9550	#222222
9551	#222222
9552	#222222
9553	#222222
9554	#222222
9555	#222222
9556	#222222
9557	#222222
9558	#222222
9559	#222222
9560	#222222
9561	#222222
9562	#222222
9563	#222222
9564	#222222
9565	#222222
9566	#222222
9567	#222222
9568	#222222
9569	#222222
9570	#222222
9571	#222222
9572	#222222
9573	#222222
9574	#222222
9575	#222222
9576	#222222
9577	#222222
9578	#222222
9579	#222222
9580	#222222
9581	#222222
9582	#222222
9583	#222222
9584	#222222
9585	#222222
9586	#222222
9587	#222222
9588	#222222
9589	#222222
9590	#222222
9591	#222222
9592	#222222
9593	#222222
9594	#222222
9595	#222222
9596	#222222
9597	#222222
9598	#222222
9599	#222222
9600	#222222
9601	#222222
9602	#222222
9603	#222222
9604	#222222
9605	#222222
9606	#222222
9607	#222222
9608	#222222
9609	#222222
9610	#222222
9611	#222222
9612	#222222
9613	#222222
9614	#222222
9615	#222222
9616	#222222
9617	#222222
9618	#222222
9619	#222222
9620	#222222
9621	#222222
9622	#222222
9623	#222222
9624	#222222
9625	#222222
9626	#222222
9627	#222222
9628	#222222
9629	#222222
9630	#222222
9631	#222222
9632	#222222
9633	#222222
9634	#222222
9635	#222222
9636	#222222
9637	#222222
9638	#222222
9639	#222222
9640	#222222
9641	#222222
9642	#222222
9643	#222222
9644	#222222
9645	#222222
9646	#222222
9647	#222222
9648	#222222
9649	#222222
9650	#222222
9651	#212121
9652	#262626
9653	#303030
9654	#343434
9655	#343434
9656	#383838
9657	#3E3E3E
9658	#444444
9659	#4B4B4B
9660	#515151
9661	#3F3F3F
9662	#383838
9663	#2B2B2B
9664	#222222
9665	#222222
9666	#222222
9667	#222222
9668	#222222
9669	#222222
9670	#222222
9671	#222222
9672	#222222
9673	#222222
9674	#222222
9675	#222222
9676	#222222
9677	#222222
9678	#222222
9679	#222222
9680	#222222
9681	#222222
9682	#222222
9683	#222222
9684	#222222
9685	#222222
9686	#222222
9687	#222222
9688	#222222
9689	#222222
9690	#222222
9691	#222222
9692	#222222
9693	#222222
9694	#222222
9695	#222222
9696	#222222
9697	#222222
9698	#222222
9699	#222222
9700	#222222
9701	#222222
9702	#222222
9703	#222222
9704	#222222
9705	#222222
9706	#222222
9707	#222222
9708	#222222
9709	#222222
9710	#222222
9711	#222222
9712	#222222
9713	#222222
9714	#222222
9715	#222222
9716	#222222
9717	#222222
9718	#222222
9719	#222222
9720	#222222
9721	#222222
9722	#222222
9723	#222222
9724	#222222
9725	#222222
9726	#222222
9727	#222222
9728	#222222
9729	#222222
9730	#222222
9731	#222222
9732	#222222
9733	#222222
9734	#222222
9735	#222222
9736	#222222
9737	#222222
9738	#222222
9739	#222222
9740	#222222
9741	#222222
9742	#222222
9743	#222222
9744	#222222
9745	#222222
9746	#222222
9747	#222222
9748	#222222
9749	#222222
9750	#222222
9751	#222222
9752	#222222
9753	#222222
9754	#222222
9755	#222222
9756	#222222
9757	#222222
9758	#222222
9759	#222222
9760	#222222
9761	#222222
9762	#222222
9763	#222222
9764	#222222
9765	#222222
9766	#222222
9767	#222222
9768	#222222
9769	#222222
9770	#222222
9771	#222222
9772	#222222
9773	#222222
9774	#222222
9775	#222222
9776	#222222
9777	#222222
9778	#222222
9779	#222222
9780	#222222
9781	#222222
9782	#222222
9783	#222222
9784	#222222
9785	#222222
9786	#222222
9787	#222222
9788	#222222
9789	#222222
9790	#222222
9791	#222222
9792	#212121
9793	#2D2D2D
9794	#373737
9795	#353535
9796	#383838
9797	#3E3E3E
9798	#454545
9799	#4A4A4A
9800	#4E4E4E
9801	#3D3D3D
9802	#363636
9803	#292929
9804	#212121
9805	#222222
9806	#222222
9807	#222222
9808	#222222
9809	#222222
9810	#222222
9811	#222222
9812	#222222
9813	#222222
9814	#222222
9815	#222222
9816	#222222
9817	#222222
9818	#222222
9819	#222222
9820	#222222
9821	#222222
9822	#222222
9823	#222222
9824	#222222
9825	#222222
9826	#222222
9827	#222222
9828	#222222
9829	#222222
9830	#222222
9831	#222222
9832	#222222
9833	#222222
9834	#222222
9835	#222222
9836	#222222
9837	#222222
9838	#222222
9839	#222222
9840	#222222
9841	#222222
9842	#222222
9843	#222222
9844	#222222
9845	#222222
9846	#222222
9847	#222222
9848	#222222
9849	#222222
9850	#222222
9851	#222222
9852	#222222
9853	#222222
9854	#222222
9855	#222222
9856	#222222
9857	#222222
9858	#222222
9859	#222222
9860	#222222
9861	#222222
9862	#222222
9863	#222222
9864	#222222
9865	#222222
9866	#222222
9867	#222222
9868	#222222
9869	#222222
9870	#222222
9871	#222222
9872	#222222
9873	#222222
9874	#222222
9875	#222222
9876	#222222
9877	#222222
9878	#222222
9879	#222222
9880	#222222
9881	#222222
9882	#222222
9883	#222222
9884	#222222
9885	#222222
9886	#222222
9887	#222222
9888	#222222
9889	#222222
9890	#222222
9891	#222222
9892	#222222
9893	#222222
9894	#222222
9895	#222222
9896	#222222
9897	#222222
9898	#222222
9899	#222222
9900	#222222
9901	#222222
9902	#222222
9903	#222222
9904	#222222
9905	#222222
9906	#222222
9907	#222222
9908	#222222
9909	#222222
9910	#222222
9911	#222222
9912	#222222
9913	#222222
9914	#222222
9915	#222222
9916	#222222
9917	#222222
9918	#222222
9919	#222222
9920	#222222
9921	#222222
9922	#222222
9923	#222222
9924	#222222
9925	#222222
9926	#222222
9927	#222222
9928	#222222
9929	#222222
9930	#222222
9931	#222222
9932	#212121
9933	#2C2C2C
9934	#373737
9935	#363636
9936	#393939
9937	#3F3F3F
9938	#454545
9939	#464646
9940	#424242
9941	#535353
9942	#3D3D3D
9943	#282828
9944	#212121
9945	#222222
9946	#222222
9947	#222222
9948	#222222
9949	#222222
9950	#222222
9951	#222222
9952	#222222
9953	#222222
9954	#222222
9955	#222222
9956	#222222
9957	#222222
9958	#222222
9959	#222222
9960	#222222
9961	#222222
9962	#222222
9963	#222222
9964	#222222
9965	#222222
9966	#222222
9967	#222222
9968	#222222
9969	#222222
9970	#222222
9971	#222222
9972	#222222
9973	#222222
9974	#222222
9975	#222222
9976	#222222
9977	#222222
9978	#222222
9979	#222222
9980	#222222
9981	#222222
9982	#222222
9983	#222222
9984	#222222
9985	#222222
9986	#222222
9987	#222222
9988	#222222
9989	#222222
9990	#222222
9991	#222222
9992	#222222
9993	#222222
9994	#222222
9995	#222222
9996	#222222
9997	#222222
9998	#222222
9999	#222222
10000	#222222
10001	#222222
10002	#222222
10003	#222222
10004	#222222
10005	#222222
10006	#222222
10007	#222222
10008	#222222
10009	#222222
10010	#222222
10011	#222222
10012	#222222
10013	#222222
10014	#222222
10015	#222222
10016	#222222
10017	#222222
10018	#222222
10019	#222222
10020	#222222
10021	#222222
10022	#222222
10023	#222222
10024	#222222
10025	#222222
10026	#222222
10027	#222222
10028	#222222
10029	#222222
10030	#222222
10031	#222222
10032	#222222
10033	#222222
10034	#222222
10035	#222222
10036	#222222
10037	#212121
10038	#292929
10039	#2C2C2C
10040	#222222
10041	#222222
10042	#222222
10043	#222222
10044	#222222
10045	#222222
10046	#222222
10047	#222222
10048	#222222
10049	#222222
10050	#222222
10051	#222222
10052	#222222
10053	#222222
10054	#222222
10055	#222222
10056	#222222
10057	#222222
10058	#222222
10059	#222222
10060	#222222
10061	#222222
10062	#222222
10063	#222222
10064	#222222
10065	#222222
10066	#222222
10067	#222222
10068	#222222
10069	#222222
10070	#222222
10071	#222222
10072	#222222
10073	#262626
10074	#2F2F2F
10075	#373737
10076	#3A3A3A
10077	#3F3F3F
10078	#494949
10079	#484848
10080	#3A3A3A
10081	#505050
10082	#3A3A3A
10083	#262626
10084	#212121
10085	#222222
10086	#222222
10087	#222222
10088	#222222
10089	#222222
10090	#222222
10091	#222222
10092	#222222
10093	#222222
10094	#222222
10095	#222222
10096	#222222
10097	#222222
10098	#222222
10099	#222222
10100	#222222
10101	#222222
10102	#222222
10103	#222222
10104	#222222
10105	#222222
10106	#222222
10107	#222222
10108	#222222
10109	#222222
10110	#222222
10111	#222222
10112	#222222
10113	#222222
10114	#222222
10115	#222222
10116	#222222
10117	#222222
10118	#222222
10119	#222222
10120	#222222
10121	#222222
10122	#222222
10123	#222222
10124	#222222
10125	#222222
10126	#222222
10127	#222222
10128	#222222
10129	#222222
10130	#222222
10131	#222222
10132	#222222
10133	#222222
10134	#222222
10135	#222222
10136	#222222
10137	#222222
10138	#222222
10139	#222222
10140	#222222
10141	#222222
10142	#222222
10143	#222222
10144	#222222
10145	#222222
10146	#222222
10147	#222222
10148	#222222
10149	#222222
10150	#222222
10151	#222222
10152	#222222
10153	#222222
10154	#222222
10155	#222222
10156	#222222
10157	#222222
10158	#222222
10159	#222222
10160	#222222
10161	#222222
10162	#222222
10163	#222222
10164	#222222
10165	#222222
10166	#222222
10167	#222222
10168	#222222
10169	#222222
10170	#222222
10171	#222222
10172	#222222
10173	#222222
10174	#222222
10175	#222222
10176	#222222
10177	#212121
10178	#272727
10179	#292929
10180	#222222
10181	#222222
10182	#222222
10183	#222222
10184	#222222
10185	#222222
10186	#222222
10187	#222222
10188	#222222
10189	#222222
10190	#222222
10191	#222222
10192	#222222
10193	#222222
10194	#222222
10195	#222222
10196	#222222
10197	#222222
10198	#222222
10199	#222222
10200	#222222
10201	#222222
10202	#222222
10203	#222222
10204	#222222
10205	#222222
10206	#222222
10207	#222222
10208	#222222
10209	#222222
10210	#222222
10211	#222222
10212	#222222
10213	#212121
10214	#292929
10215	#373737
10216	#3C3C3C
10217	#404040
10218	#4B4B4B
10219	#4D4D4D
10220	#424242
10221	#424242
10222	#323232
10223	#242424
10224	#212121
10225	#222222
10226	#222222
10227	#222222
10228	#222222
10229	#222222
10230	#222222
10231	#222222
10232	#222222
10233	#222222
10234	#222222
10235	#222222
10236	#222222
10237	#222222
10238	#222222
10239	#222222
10240	#222222
10241	#222222
10242	#222222
10243	#222222
10244	#222222
10245	#222222
10246	#222222
10247	#222222
10248	#222222
10249	#222222
10250	#222222
10251	#222222
10252	#222222
10253	#222222
10254	#222222
10255	#222222
10256	#222222
10257	#222222
10258	#222222
10259	#222222
10260	#222222
10261	#222222
10262	#222222
10263	#222222
10264	#222222
10265	#222222
10266	#222222
10267	#222222
10268	#222222
10269	#222222
10270	#222222
10271	#222222
10272	#222222
10273	#222222
10274	#222222
10275	#222222
10276	#222222
10277	#222222
10278	#222222
10279	#222222
10280	#222222
10281	#222222
10282	#222222
10283	#222222
10284	#222222
10285	#222222
10286	#222222
10287	#222222
10288	#222222
10289	#222222
10290	#222222
10291	#222222
10292	#222222
10293	#222222
10294	#222222
10295	#222222
10296	#222222
10297	#222222
10298	#222222
10299	#222222
10300	#222222
10301	#222222
10302	#222222
10303	#222222
10304	#222222
10305	#222222
10306	#222222
10307	#222222
10308	#222222
10309	#222222
10310	#222222
10311	#222222
10312	#222222
10313	#222222
10314	#222222
10315	#222222
10316	#222222
10317	#222222
10318	#212121
10319	#222222
10320	#242424
10321	#222222
10322	#222222
10323	#222222
10324	#222222
10325	#222222
10326	#222222
10327	#222222
10328	#222222
10329	#222222
10330	#222222
10331	#222222
10332	#222222
10333	#222222
10334	#222222
10335	#222222
10336	#222222
10337	#222222
10338	#222222
10339	#222222
10340	#222222
10341	#222222
10342	#222222
10343	#222222
10344	#222222
10345	#222222
10346	#222222
10347	#222222
10348	#222222
10349	#222222
10350	#222222
10351	#222222
10352	#222222
10353	#212121
10354	#282828
10355	#353535
10356	#3C3C3C
10357	#404040
10358	#484848
10359	#4E4E4E
10360	#4E4E4E
10361	#444444
10362	#353535
10363	#262626
10364	#212121
10365	#222222
10366	#222222
10367	#222222
10368	#222222
10369	#222222
10370	#222222
10371	#222222
10372	#222222
10373	#222222
10374	#222222
10375	#222222
10376	#222222
10377	#222222
10378	#222222
10379	#222222
10380	#222222
10381	#222222
10382	#222222
10383	#222222
10384	#222222
10385	#222222
10386	#222222
10387	#222222
10388	#222222
10389	#222222
10390	#222222
10391	#222222
10392	#222222
10393	#222222
10394	#222222
10395	#222222
10396	#222222
10397	#222222
10398	#222222
10399	#222222
10400	#222222
10401	#222222
10402	#222222
10403	#222222
10404	#222222
10405	#222222
10406	#222222
10407	#222222
10408	#222222
10409	#222222
10410	#222222
10411	#222222
10412	#222222
10413	#222222
10414	#222222
10415	#222222
10416	#222222
10417	#222222
10418	#222222
10419	#222222
10420	#222222
10421	#222222
10422	#222222
10423	#222222
10424	#222222
10425	#222222
10426	#222222
10427	#222222
10428	#222222
10429	#222222
10430	#222222
10431	#222222
10432	#222222
10433	#222222
10434	#222222
10435	#222222
10436	#222222
10437	#222222
10438	#222222
10439	#222222
10440	#222222
10441	#222222
10442	#222222
10443	#222222
10444	#222222
10445	#222222
10446	#222222
10447	#222222
10448	#222222
10449	#222222
10450	#222222
10451	#222222
10452	#222222
10453	#222222
10454	#222222
10455	#222222
10456	#222222
10457	#222222
10458	#222222
10459	#242424
10460	#272727
10461	#242424
10462	#232323
10463	#222222
10464	#222222
10465	#222222
10466	#222222
10467	#222222
10468	#222222
10469	#222222
10470	#222222
10471	#222222
10472	#222222
10473	#222222
10474	#222222
10475	#222222
10476	#222222
10477	#222222
10478	#222222
10479	#222222
10480	#222222
10481	#222222
10482	#222222
10483	#222222
10484	#222222
10485	#222222
10486	#222222
10487	#222222
10488	#222222
10489	#222222
10490	#222222
10491	#222222
10492	#222222
10493	#212121
10494	#262626
10495	#343434
10496	#3C3C3C
10497	#414141
10498	#454545
10499	#4A4A4A
10500	#505050
10501	#444444
10502	#363636
10503	#262626
10504	#212121
10505	#222222
10506	#222222
10507	#222222
10508	#222222
10509	#222222
10510	#222222
10511	#222222
10512	#222222
10513	#222222
10514	#222222
10515	#222222
10516	#222222
10517	#222222
10518	#222222
10519	#222222
10520	#222222
10521	#222222
10522	#222222
10523	#222222
10524	#222222
10525	#222222
10526	#222222
10527	#222222
10528	#222222
10529	#222222
10530	#222222
10531	#222222
10532	#222222
10533	#222222
10534	#222222
10535	#222222
10536	#222222
10537	#222222
10538	#222222
10539	#222222
10540	#222222
10541	#222222
10542	#222222
10543	#222222
10544	#222222
10545	#222222
10546	#222222
10547	#222222
10548	#222222
10549	#222222
10550	#222222
10551	#222222
10552	#222222
10553	#222222
10554	#222222
10555	#222222
10556	#222222
10557	#222222
10558	#222222
10559	#222222
10560	#222222
10561	#222222
10562	#222222
10563	#222222
10564	#222222
10565	#222222
10566	#222222
10567	#222222
10568	#222222
10569	#222222
10570	#222222
10571	#222222
10572	#222222
10573	#222222
10574	#222222
10575	#222222
10576	#222222
10577	#222222
10578	#222222
10579	#222222
10580	#222222
10581	#222222
10582	#222222
10583	#222222
10584	#222222
10585	#222222
10586	#222222
10587	#222222
10588	#222222
10589	#222222
10590	#222222
10591	#222222
10592	#222222
10593	#222222
10594	#222222
10595	#222222
10596	#222222
10597	#222222
10598	#222222
10599	#222222
10600	#242424
10601	#2E2E2E
10602	#272727
10603	#212121
10604	#222222
10605	#222222
10606	#222222
10607	#222222
10608	#222222
10609	#222222
10610	#222222
10611	#222222
10612	#222222
10613	#222222
10614	#222222
10615	#222222
10616	#222222
10617	#222222
10618	#222222
10619	#222222
10620	#222222
10621	#222222
10622	#222222
10623	#222222
10624	#222222
10625	#222222
10626	#222222
10627	#222222
10628	#222222
10629	#222222
10630	#222222
10631	#222222
10632	#222222
10633	#212121
10634	#262626
10635	#333333
10636	#3D3D3D
10637	#434343
10638	#464646
10639	#4B4B4B
10640	#505050
10641	#454545
10642	#373737
10643	#272727
10644	#212121
10645	#222222
10646	#222222
10647	#222222
10648	#222222
10649	#222222
10650	#222222
10651	#222222
10652	#222222
10653	#222222
10654	#222222
10655	#222222
10656	#222222
10657	#222222
10658	#222222
10659	#222222
10660	#222222
10661	#222222
10662	#222222
10663	#222222
10664	#222222
10665	#222222
10666	#222222
10667	#222222
10668	#222222
10669	#222222
10670	#222222
10671	#222222
10672	#222222
10673	#222222
10674	#222222
10675	#222222
10676	#222222
10677	#222222
10678	#222222
10679	#222222
10680	#222222
10681	#222222
10682	#222222
10683	#222222
10684	#222222
10685	#222222
10686	#222222
10687	#222222
10688	#222222
10689	#222222
10690	#222222
10691	#222222
10692	#222222
10693	#222222
10694	#222222
10695	#222222
10696	#222222
10697	#222222
10698	#222222
10699	#222222
10700	#222222
10701	#222222
10702	#222222
10703	#222222
10704	#222222
10705	#222222
10706	#222222
10707	#222222
10708	#222222
10709	#222222
10710	#222222
10711	#222222
10712	#222222
10713	#222222
10714	#222222
10715	#222222
10716	#222222
10717	#222222
10718	#222222
10719	#222222
10720	#222222
10721	#222222
10722	#222222
10723	#222222
10724	#222222
10725	#222222
10726	#222222
10727	#222222
10728	#222222
10729	#222222
10730	#222222
10731	#222222
10732	#222222
10733	#222222
10734	#222222
10735	#222222
10736	#222222
10737	#222222
10738	#222222
10739	#202020
10740	#252525
10741	#373737
10742	#2A2A2A
10743	#202020
10744	#222222
10745	#222222
10746	#222222
10747	#222222
10748	#222222
10749	#222222
10750	#222222
10751	#222222
10752	#222222
10753	#222222
10754	#222222
10755	#222222
10756	#222222
10757	#222222
10758	#222222
10759	#222222
10760	#222222
10761	#222222
10762	#222222
10763	#222222
10764	#222222
10765	#222222
10766	#222222
10767	#222222
10768	#222222
10769	#222222
10770	#222222
10771	#222222
10772	#222222
10773	#222222
10774	#262626
10775	#323232
10776	#3C3C3C
10777	#434343
10778	#484848
10779	#4C4C4C
10780	#505050
10781	#474747
10782	#393939
10783	#292929
10784	#212121
10785	#222222
10786	#222222
10787	#222222
10788	#222222
10789	#222222
10790	#222222
10791	#222222
10792	#222222
10793	#222222
10794	#222222
10795	#222222
10796	#222222
10797	#222222
10798	#222222
10799	#222222
10800	#222222
10801	#222222
10802	#222222
10803	#222222
10804	#222222
10805	#222222
10806	#222222
10807	#222222
10808	#222222
10809	#222222
10810	#222222
10811	#222222
10812	#222222
10813	#222222
10814	#222222
10815	#222222
10816	#222222
10817	#222222
10818	#222222
10819	#222222
10820	#222222
10821	#222222
10822	#222222
10823	#222222
10824	#222222
10825	#222222
10826	#222222
10827	#222222
10828	#222222
10829	#222222
10830	#222222
10831	#222222
10832	#222222
10833	#222222
10834	#222222
10835	#222222
10836	#222222
10837	#222222
10838	#222222
10839	#222222
10840	#222222
10841	#222222
10842	#222222
10843	#222222
10844	#222222
10845	#222222
10846	#222222
10847	#222222
10848	#222222
10849	#222222
10850	#222222
10851	#222222
10852	#222222
10853	#222222
10854	#222222
10855	#222222
10856	#222222
10857	#222222
10858	#222222
10859	#222222
10860	#222222
10861	#222222
10862	#222222
10863	#222222
10864	#222222
10865	#222222
10866	#222222
10867	#222222
10868	#222222
10869	#222222
10870	#222222
10871	#222222
10872	#222222
10873	#222222
10874	#222222
10875	#222222
10876	#222222
10877	#222222
10878	#222222
10879	#212121
10880	#242424
10881	#2E2E2E
10882	#272727
10883	#212121
10884	#222222
10885	#222222
10886	#222222
10887	#222222
10888	#222222
10889	#222222
10890	#222222
10891	#222222
10892	#222222
10893	#222222
10894	#222222
10895	#222222
10896	#222222
10897	#222222
10898	#222222
10899	#222222
10900	#222222
10901	#222222
10902	#222222
10903	#222222
10904	#222222
10905	#222222
10906	#222222
10907	#222222
10908	#222222
10909	#222222
10910	#222222
10911	#222222
10912	#222222
10913	#222222
10914	#252525
10915	#2F2F2F
10916	#3B3B3B
10917	#434343
10918	#494949
10919	#4D4D4D
10920	#505050
10921	#474747
10922	#393939
10923	#292929
10924	#212121
10925	#222222
10926	#222222
10927	#222222
10928	#222222
10929	#222222
10930	#222222
10931	#222222
10932	#222222
10933	#222222
10934	#222222
10935	#222222
10936	#222222
10937	#222222
10938	#222222
10939	#222222
10940	#222222
10941	#222222
10942	#222222
10943	#222222
10944	#222222
10945	#222222
10946	#222222
10947	#222222
10948	#222222
10949	#222222
10950	#222222
10951	#222222
10952	#222222
10953	#222222
10954	#222222
10955	#222222
10956	#222222
10957	#222222
10958	#222222
10959	#222222
10960	#222222
10961	#222222
10962	#222222
10963	#222222
10964	#222222
10965	#222222
10966	#222222
10967	#222222
10968	#222222
10969	#222222
10970	#222222
10971	#222222
10972	#222222
10973	#222222
10974	#222222
10975	#222222
10976	#222222
10977	#222222
10978	#222222
10979	#222222
10980	#222222
10981	#222222
10982	#222222
10983	#222222
10984	#222222
10985	#222222
10986	#222222
10987	#222222
10988	#222222
10989	#222222
10990	#222222
10991	#222222
10992	#222222
10993	#222222
10994	#222222
10995	#222222
10996	#222222
10997	#222222
10998	#222222
10999	#222222
11000	#222222
11001	#222222
11002	#222222
11003	#222222
11004	#222222
11005	#222222
11006	#222222
11007	#222222
11008	#222222
11009	#222222
11010	#222222
11011	#222222
11012	#222222
11013	#222222
11014	#222222
11015	#222222
11016	#222222
11017	#222222
11018	#222222
11019	#222222
11020	#222222
11021	#212121
11022	#282828
11023	#272727
11024	#222222
11025	#222222
11026	#222222
11027	#222222
11028	#222222
11029	#222222
11030	#222222
11031	#222222
11032	#222222
11033	#222222
11034	#222222
11035	#222222
11036	#222222
11037	#222222
11038	#222222
11039	#222222
11040	#222222
11041	#222222
11042	#222222
11043	#222222
11044	#222222
11045	#222222
11046	#222222
11047	#222222
11048	#222222
11049	#222222
11050	#222222
11051	#222222
11052	#222222
11053	#212121
11054	#252525
11055	#2F2F2F
11056	#3B3B3B
11057	#434343
11058	#484848
11059	#4C4C4C
11060	#505050
11061	#454545
11062	#383838
11063	#282828
11064	#212121
11065	#222222
11066	#222222
11067	#222222
11068	#222222
11069	#222222
11070	#222222
11071	#222222
11072	#222222
11073	#222222
11074	#222222
11075	#222222
11076	#222222
11077	#222222
11078	#222222
11079	#222222
11080	#222222
11081	#222222
11082	#222222
11083	#222222
11084	#222222
11085	#222222
11086	#222222
11087	#222222
11088	#222222
11089	#222222
11090	#222222
11091	#222222
11092	#222222
11093	#222222
11094	#222222
11095	#222222
11096	#222222
11097	#222222
11098	#222222
11099	#222222
11100	#222222
11101	#222222
11102	#222222
11103	#222222
11104	#222222
11105	#222222
11106	#222222
11107	#222222
11108	#222222
11109	#222222
11110	#222222
11111	#222222
11112	#222222
11113	#222222
11114	#222222
11115	#222222
11116	#222222
11117	#222222
11118	#222222
11119	#222222
11120	#222222
11121	#222222
11122	#222222
11123	#222222
11124	#222222
11125	#222222
11126	#222222
11127	#222222
11128	#222222
11129	#222222
11130	#222222
11131	#222222
11132	#222222
11133	#222222
11134	#222222
11135	#222222
11136	#222222
11137	#222222
11138	#222222
11139	#222222
11140	#222222
11141	#222222
11142	#222222
11143	#222222
11144	#222222
11145	#222222
11146	#222222
11147	#222222
11148	#222222
11149	#222222
11150	#222222
11151	#222222
11152	#222222
11153	#222222
11154	#222222
11155	#222222
11156	#222222
11157	#222222
11158	#222222
11159	#222222
11160	#222222
11161	#222222
11162	#2E2E2E
11163	#2C2C2C
11164	#212121
11165	#222222
11166	#222222
11167	#222222
11168	#222222
11169	#222222
11170	#222222
11171	#222222
11172	#222222
11173	#222222
11174	#222222
11175	#222222
11176	#222222
11177	#222222
11178	#222222
11179	#222222
11180	#222222
11181	#222222
11182	#222222
11183	#222222
11184	#222222
11185	#222222
11186	#222222
11187	#222222
11188	#222222
11189	#222222
11190	#222222
11191	#222222
11192	#222222
11193	#222222
11194	#262626
11195	#303030
11196	#3C3C3C
11197	#454545
11198	#484848
11199	#4C4C4C
11200	#505050
11201	#444444
11202	#393939
11203	#292929
11204	#212121
11205	#222222
11206	#222222
11207	#222222
11208	#222222
11209	#222222
11210	#222222
11211	#222222
11212	#222222
11213	#222222
11214	#222222
11215	#222222
11216	#222222
11217	#222222
11218	#222222
11219	#222222
11220	#222222
11221	#222222
11222	#222222
11223	#222222
11224	#222222
11225	#222222
11226	#222222
11227	#222222
11228	#222222
11229	#222222
11230	#222222
11231	#222222
11232	#222222
11233	#222222
11234	#222222
11235	#222222
11236	#222222
11237	#222222
11238	#222222
11239	#222222
11240	#222222
11241	#222222
11242	#222222
11243	#222222
11244	#222222
11245	#222222
11246	#222222
11247	#222222
11248	#222222
11249	#222222
11250	#222222
11251	#222222
11252	#222222
11253	#222222
11254	#222222
11255	#222222
11256	#222222
11257	#222222
11258	#222222
11259	#222222
11260	#222222
11261	#222222
11262	#222222
11263	#222222
11264	#222222
11265	#222222
11266	#222222
11267	#222222
11268	#222222
11269	#222222
11270	#222222
11271	#222222
11272	#222222
11273	#222222
11274	#222222
11275	#222222
11276	#222222
11277	#222222
11278	#222222
11279	#222222
11280	#222222
11281	#222222
11282	#222222
11283	#222222
11284	#222222
11285	#222222
11286	#222222
11287	#222222
11288	#222222
11289	#222222
11290	#222222
11291	#222222
11292	#222222
11293	#222222
11294	#222222
11295	#222222
11296	#222222
11297	#222222
11298	#222222
11299	#222222
11300	#222222
11301	#222222
11302	#242424
11303	#242424
11304	#222222
11305	#222222
11306	#222222
11307	#222222
11308	#222222
11309	#222222
11310	#222222
11311	#222222
11312	#222222
11313	#222222
11314	#222222
11315	#222222
11316	#222222
11317	#222222
11318	#222222
11319	#222222
11320	#222222
11321	#222222
11322	#222222
11323	#222222
11324	#222222
11325	#222222
11326	#222222
11327	#222222
11328	#222222
11329	#222222
11330	#222222
11331	#222222
11332	#222222
11333	#222222
11334	#252525
11335	#2F2F2F
11336	#3B3B3B
11337	#454545
11338	#484848
11339	#4B4B4B
11340	#4F4F4F
11341	#414141
11342	#373737
11343	#292929
11344	#212121
11345	#222222
11346	#222222
11347	#222222
11348	#222222
11349	#222222
11350	#222222
11351	#222222
11352	#222222
11353	#222222
11354	#222222
11355	#222222
11356	#222222
11357	#222222
11358	#222222
11359	#222222
11360	#222222
11361	#222222
11362	#222222
11363	#222222
11364	#222222
11365	#222222
11366	#222222
11367	#222222
11368	#222222
11369	#222222
11370	#222222
11371	#222222
11372	#222222
11373	#222222
11374	#222222
11375	#222222
11376	#222222
11377	#222222
11378	#222222
11379	#222222
11380	#222222
11381	#222222
11382	#222222
11383	#222222
11384	#222222
11385	#222222
11386	#222222
11387	#222222
11388	#222222
11389	#222222
11390	#222222
11391	#222222
11392	#222222
11393	#222222
11394	#222222
11395	#222222
11396	#222222
11397	#222222
11398	#222222
11399	#222222
11400	#222222
11401	#222222
11402	#222222
11403	#222222
11404	#222222
11405	#222222
11406	#222222
11407	#222222
11408	#222222
11409	#222222
11410	#222222
11411	#222222
11412	#222222
11413	#222222
11414	#222222
11415	#222222
11416	#222222
11417	#222222
11418	#222222
11419	#222222
11420	#222222
11421	#222222
11422	#222222
11423	#222222
11424	#222222
11425	#222222
11426	#222222
11427	#222222
11428	#222222
11429	#222222
11430	#222222
11431	#222222
11432	#222222
11433	#222222
11434	#222222
11435	#222222
11436	#222222
11437	#222222
11438	#222222
11439	#222222
11440	#222222
11441	#222222
11442	#212121
11443	#222222
11444	#222222
11445	#222222
11446	#222222
11447	#222222
11448	#222222
11449	#222222
11450	#222222
11451	#222222
11452	#222222
11453	#222222
11454	#222222
11455	#222222
11456	#222222
11457	#222222
11458	#222222
11459	#222222
11460	#222222
11461	#222222
11462	#222222
11463	#222222
11464	#222222
11465	#222222
11466	#222222
11467	#222222
11468	#222222
11469	#222222
11470	#222222
11471	#222222
11472	#222222
11473	#222222
11474	#262626
11475	#303030
11476	#3C3C3C
11477	#454545
11478	#494949
11479	#484848
11480	#454545
11481	#505050
11482	#3F3F3F
11483	#2B2B2B
11484	#232323
11485	#222222
11486	#222222
11487	#222222
11488	#222222
11489	#222222
11490	#222222
11491	#222222
11492	#222222
11493	#222222
11494	#222222
11495	#222222
11496	#222222
11497	#222222
11498	#222222
11499	#222222
11500	#222222
11501	#222222
11502	#222222
11503	#222222
11504	#222222
11505	#222222
11506	#222222
11507	#222222
11508	#222222
11509	#222222
11510	#222222
11511	#222222
11512	#222222
11513	#222222
11514	#222222
11515	#222222
11516	#222222
11517	#222222
11518	#222222
11519	#222222
11520	#222222
11521	#222222
11522	#222222
11523	#222222
11524	#222222
11525	#222222
11526	#222222
11527	#222222
11528	#222222
11529	#222222
11530	#222222
11531	#222222
11532	#222222
11533	#222222
11534	#222222
11535	#222222
11536	#222222
11537	#222222
11538	#222222
11539	#222222
11540	#222222
11541	#222222
11542	#222222
11543	#222222
11544	#222222
11545	#222222
11546	#222222
11547	#222222
11548	#222222
11549	#222222
11550	#222222
11551	#222222
11552	#222222
11553	#222222
11554	#222222
11555	#222222
11556	#222222
11557	#222222
11558	#222222
11559	#222222
11560	#222222
11561	#222222
11562	#222222
11563	#222222
11564	#222222
11565	#222222
11566	#222222
11567	#222222
11568	#222222
11569	#222222
11570	#222222
11571	#222222
11572	#222222
11573	#222222
11574	#222222
11575	#222222
11576	#222222
11577	#222222
11578	#222222
11579	#222222
11580	#222222
11581	#222222
11582	#222222
11583	#222222
11584	#222222
11585	#222222
11586	#222222
11587	#222222
11588	#222222
11589	#222222
11590	#222222
11591	#222222
11592	#222222
11593	#222222
11594	#222222
11595	#222222
11596	#222222
11597	#222222
11598	#222222
11599	#222222
11600	#222222
11601	#222222
11602	#222222
11603	#222222
11604	#222222
11605	#222222
11606	#222222
11607	#222222
11608	#222222
11609	#222222
11610	#222222
11611	#222222
11612	#222222
11613	#242424
11614	#2A2A2A
11615	#343434
11616	#3E3E3E
11617	#454545
11618	#4D4D4D
11619	#484848
11620	#3B3B3B
11621	#565656
11622	#404040
11623	#2E2E2E
11624	#282828
11625	#222222
11626	#222222
11627	#222222
11628	#222222
11629	#222222
11630	#222222
11631	#222222
11632	#222222
11633	#222222
11634	#222222
11635	#222222
11636	#222222
11637	#222222
11638	#222222
11639	#222222
11640	#222222
11641	#222222
11642	#222222
11643	#222222
11644	#222222
11645	#222222
11646	#222222
11647	#222222
11648	#222222
11649	#222222
11650	#222222
11651	#222222
11652	#222222
11653	#222222
11654	#222222
11655	#222222
11656	#222222
11657	#222222
11658	#222222
11659	#222222
11660	#222222
11661	#222222
11662	#222222
11663	#222222
11664	#222222
11665	#222222
11666	#222222
11667	#222222
11668	#222222
11669	#222222
11670	#222222
11671	#222222
11672	#222222
11673	#222222
11674	#222222
11675	#222222
11676	#222222
11677	#222222
11678	#222222
11679	#222222
11680	#222222
11681	#222222
11682	#222222
11683	#222222
11684	#222222
11685	#222222
11686	#222222
11687	#222222
11688	#222222
11689	#222222
11690	#222222
11691	#222222
11692	#222222
11693	#222222
11694	#222222
11695	#222222
11696	#222222
11697	#222222
11698	#222222
11699	#222222
11700	#222222
11701	#222222
11702	#222222
11703	#222222
11704	#222222
11705	#222222
11706	#222222
11707	#222222
11708	#222222
11709	#222222
11710	#222222
11711	#222222
11712	#222222
11713	#222222
11714	#222222
11715	#222222
11716	#222222
11717	#222222
11718	#222222
11719	#222222
11720	#222222
11721	#222222
11722	#222222
11723	#222222
11724	#222222
11725	#222222
11726	#222222
11727	#222222
11728	#222222
11729	#222222
11730	#222222
11731	#222222
11732	#222222
11733	#222222
11734	#222222
11735	#222222
11736	#222222
11737	#222222
11738	#222222
11739	#222222
11740	#222222
11741	#222222
11742	#222222
11743	#222222
11744	#222222
11745	#222222
11746	#222222
11747	#222222
11748	#222222
11749	#222222
11750	#222222
11751	#222222
11752	#222222
11753	#252525
11754	#2D2D2D
11755	#373737
11756	#3E3E3E
11757	#444444
11758	#4F4F4F
11759	#4F4F4F
11760	#3F3F3F
11761	#444444
11762	#373737
11763	#303030
11764	#2B2B2B
11765	#222222
11766	#222222
11767	#222222
11768	#222222
11769	#222222
11770	#222222
11771	#222222
11772	#222222
11773	#222222
11774	#222222
11775	#222222
11776	#222222
11777	#222222
11778	#222222
11779	#222222
11780	#222222
11781	#222222
11782	#222222
11783	#222222
11784	#222222
11785	#222222
11786	#222222
11787	#222222
11788	#222222
11789	#222222
11790	#222222
11791	#222222
11792	#222222
11793	#222222
11794	#222222
11795	#222222
11796	#222222
11797	#222222
11798	#222222
11799	#222222
11800	#222222
11801	#222222
11802	#222222
11803	#222222
11804	#222222
11805	#222222
11806	#222222
11807	#222222
11808	#222222
11809	#222222
11810	#222222
11811	#222222
11812	#222222
11813	#222222
11814	#222222
11815	#222222
11816	#222222
11817	#222222
11818	#222222
11819	#222222
11820	#222222
11821	#222222
11822	#222222
11823	#222222
11824	#222222
11825	#222222
11826	#222222
11827	#222222
11828	#222222
11829	#222222
11830	#222222
11831	#222222
11832	#222222
11833	#222222
11834	#222222
11835	#222222
11836	#222222
11837	#222222
11838	#222222
11839	#222222
11840	#222222
11841	#222222
11842	#222222
11843	#222222
11844	#222222
11845	#222222
11846	#222222
11847	#222222
11848	#222222
11849	#222222
11850	#222222
11851	#222222
11852	#222222
11853	#222222
11854	#222222
11855	#222222
11856	#222222
11857	#222222
11858	#222222
11859	#222222
11860	#222222
11861	#222222
11862	#222222
11863	#222222
11864	#222222
11865	#222222
11866	#222222
11867	#222222
11868	#222222
11869	#222222
11870	#222222
11871	#222222
11872	#222222
11873	#222222
11874	#222222
11875	#222222
11876	#222222
11877	#222222
11878	#222222
11879	#222222
11880	#222222
11881	#222222
11882	#222222
11883	#222222
11884	#222222
11885	#222222
11886	#222222
11887	#222222
11888	#222222
11889	#222222
11890	#222222
11891	#222222
11892	#222222
11893	#242424
11894	#2C2C2C
11895	#393939
11896	#3D3D3D
11897	#454545
11898	#4F4F4F
11899	#515151
11900	#4C4C4C
11901	#444444
11902	#393939
11903	#313131
11904	#2B2B2B
11905	#222222
11906	#222222
11907	#222222
11908	#222222
11909	#222222
11910	#222222
11911	#222222
11912	#222222
11913	#222222
11914	#222222
11915	#222222
11916	#222222
11917	#222222
11918	#222222
11919	#222222
11920	#222222
11921	#222222
11922	#222222
11923	#222222
11924	#222222
11925	#222222
11926	#222222
11927	#222222
11928	#222222
11929	#222222
11930	#222222
11931	#222222
11932	#222222
11933	#222222
11934	#222222
11935	#222222
11936	#222222
11937	#222222
11938	#222222
11939	#222222
11940	#222222
11941	#222222
11942	#222222
11943	#222222
11944	#222222
11945	#222222
11946	#222222
11947	#222222
11948	#222222
11949	#222222
11950	#222222
11951	#222222
11952	#222222
11953	#222222
11954	#222222
11955	#222222
11956	#222222
11957	#222222
11958	#222222
11959	#222222
11960	#222222
11961	#222222
11962	#222222
11963	#222222
11964	#222222
11965	#222222
11966	#222222
11967	#222222
11968	#222222
11969	#222222
11970	#222222
11971	#222222
11972	#222222
11973	#222222
11974	#222222
11975	#222222
11976	#222222
11977	#222222
11978	#222222
11979	#222222
11980	#222222
11981	#222222
11982	#222222
11983	#222222
11984	#222222
11985	#222222
11986	#222222
11987	#222222
11988	#222222
11989	#222222
11990	#222222
11991	#222222
11992	#222222
11993	#222222
11994	#222222
11995	#222222
11996	#222222
11997	#222222
11998	#222222
11999	#222222
12000	#222222
12001	#222222
12002	#222222
12003	#222222
12004	#222222
12005	#222222
12006	#222222
12007	#222222
12008	#222222
12009	#222222
12010	#222222
12011	#222222
12012	#222222
12013	#222222
12014	#222222
12015	#222222
12016	#222222
12017	#222222
12018	#222222
12019	#222222
12020	#222222
12021	#222222
12022	#222222
12023	#222222
12024	#222222
12025	#222222
12026	#222222
12027	#222222
12028	#222222
12029	#222222
12030	#222222
12031	#222222
12032	#222222
12033	#242424
12034	#2E2E2E
12035	#3A3A3A
12036	#3D3D3D
12037	#454545
12038	#4B4B4B
12039	#4E4E4E
12040	#4F4F4F
12041	#464646
12042	#3B3B3B
12043	#313131
12044	#292929
12045	#232323
12046	#222222
12047	#222222
12048	#222222
12049	#222222
12050	#222222
12051	#222222
12052	#222222
12053	#222222
12054	#222222
12055	#222222
12056	#222222
12057	#222222
12058	#222222
12059	#222222
12060	#222222
12061	#222222
12062	#222222
12063	#222222
12064	#222222
12065	#222222
12066	#222222
12067	#222222
12068	#222222
12069	#222222
12070	#222222
12071	#222222
12072	#222222
12073	#222222
12074	#222222
12075	#222222
12076	#222222
12077	#222222
12078	#222222
12079	#222222
12080	#222222
12081	#222222
12082	#222222
12083	#222222
12084	#222222
12085	#222222
12086	#222222
12087	#222222
12088	#222222
12089	#222222
12090	#222222
12091	#222222
12092	#222222
12093	#222222
12094	#222222
12095	#222222
12096	#222222
12097	#222222
12098	#222222
12099	#222222
12100	#222222
12101	#222222
12102	#222222
12103	#222222
12104	#222222
12105	#222222
12106	#222222
12107	#222222
12108	#222222
12109	#222222
12110	#222222
12111	#222222
12112	#222222
12113	#222222
12114	#222222
12115	#222222
12116	#222222
12117	#222222
12118	#222222
12119	#222222
12120	#222222
12121	#222222
12122	#222222
12123	#222222
12124	#222222
12125	#222222
12126	#222222
12127	#222222
12128	#222222
12129	#222222
12130	#222222
12131	#222222
12132	#222222
12133	#222222
12134	#222222
12135	#222222
12136	#222222
12137	#222222
12138	#222222
12139	#222222
12140	#222222
12141	#222222
12142	#222222
12143	#222222
12144	#222222
12145	#222222
12146	#222222
12147	#222222
12148	#222222
12149	#222222
12150	#222222
12151	#222222
12152	#222222
12153	#222222
12154	#222222
12155	#222222
12156	#222222
12157	#222222
12158	#222222
12159	#222222
12160	#222222
12161	#222222
12162	#222222
12163	#222222
12164	#222222
12165	#222222
12166	#222222
12167	#222222
12168	#222222
12169	#222222
12170	#222222
12171	#222222
12172	#212121
12173	#272727
12174	#323232
12175	#3B3B3B
12176	#3E3E3E
12177	#454545
12178	#4A4A4A
12179	#4D4D4D
12180	#505050
12181	#464646
12182	#3B3B3B
12183	#303030
12184	#282828
12185	#222222
12186	#222222
12187	#222222
12188	#222222
12189	#222222
12190	#222222
12191	#222222
12192	#222222
12193	#222222
12194	#222222
12195	#222222
12196	#222222
12197	#222222
12198	#222222
12199	#222222
12200	#222222
12201	#222222
12202	#222222
12203	#222222
12204	#222222
12205	#222222
12206	#222222
12207	#222222
12208	#222222
12209	#222222
12210	#222222
12211	#222222
12212	#222222
12213	#222222
12214	#222222
12215	#222222
12216	#222222
12217	#222222
12218	#222222
12219	#222222
12220	#222222
12221	#222222
12222	#222222
12223	#222222
12224	#222222
12225	#222222
12226	#222222
12227	#222222
12228	#222222
12229	#222222
12230	#222222
12231	#222222
12232	#222222
12233	#222222
12234	#222222
12235	#222222
12236	#222222
12237	#222222
12238	#222222
12239	#222222
12240	#222222
12241	#222222
12242	#222222
12243	#222222
12244	#222222
12245	#222222
12246	#222222
12247	#222222
12248	#222222
12249	#222222
12250	#222222
12251	#222222
12252	#222222
12253	#222222
12254	#222222
12255	#222222
12256	#222222
12257	#222222
12258	#222222
12259	#222222
12260	#222222
12261	#222222
12262	#222222
12263	#222222
12264	#222222
12265	#222222
12266	#222222
12267	#222222
12268	#222222
12269	#222222
12270	#222222
12271	#222222
12272	#222222
12273	#222222
12274	#222222
12275	#222222
12276	#222222
12277	#222222
12278	#222222
12279	#222222
12280	#222222
12281	#222222
12282	#222222
12283	#222222
12284	#222222
12285	#222222
12286	#222222
12287	#222222
12288	#222222
12289	#222222
12290	#222222
12291	#222222
12292	#222222
12293	#222222
12294	#222222
12295	#222222
12296	#222222
12297	#222222
12298	#222222
12299	#222222
12300	#222222
12301	#222222
12302	#222222
12303	#222222
12304	#222222
12305	#222222
12306	#222222
12307	#222222
12308	#222222
12309	#222222
12310	#222222
12311	#222222
12312	#212121
12313	#2A2A2A
12314	#353535
12315	#3C3C3C
12316	#3F3F3F
12317	#454545
12318	#4A4A4A
12319	#4D4D4D
12320	#505050
12321	#464646
12322	#3B3B3B
12323	#303030
12324	#272727
12325	#212121
12326	#222222
12327	#222222
12328	#222222
12329	#222222
12330	#222222
12331	#222222
12332	#222222
12333	#222222
12334	#222222
12335	#222222
12336	#222222
12337	#222222
12338	#222222
12339	#222222
12340	#222222
12341	#222222
12342	#222222
12343	#222222
12344	#222222
12345	#222222
12346	#222222
12347	#222222
12348	#222222
12349	#222222
12350	#222222
12351	#222222
12352	#222222
12353	#222222
12354	#222222
12355	#222222
12356	#222222
12357	#222222
12358	#222222
12359	#222222
12360	#222222
12361	#222222
12362	#222222
12363	#222222
12364	#222222
12365	#222222
12366	#222222
12367	#222222
12368	#222222
12369	#222222
12370	#222222
12371	#222222
12372	#222222
12373	#222222
12374	#222222
12375	#222222
12376	#222222
12377	#222222
12378	#222222
12379	#222222
12380	#222222
12381	#222222
12382	#222222
12383	#222222
12384	#222222
12385	#222222
12386	#222222
12387	#222222
12388	#222222
12389	#222222
12390	#222222
12391	#222222
12392	#222222
12393	#222222
12394	#222222
12395	#222222
12396	#222222
12397	#222222
12398	#222222
12399	#222222
12400	#222222
12401	#222222
12402	#222222
12403	#222222
12404	#222222
12405	#222222
12406	#222222
12407	#222222
12408	#222222
12409	#222222
12410	#222222
12411	#222222
12412	#222222
12413	#222222
12414	#222222
12415	#222222
12416	#222222
12417	#222222
12418	#222222
12419	#222222
12420	#222222
12421	#222222
12422	#222222
12423	#222222
12424	#222222
12425	#222222
12426	#222222
12427	#222222
12428	#222222
12429	#222222
12430	#222222
12431	#222222
12432	#222222
12433	#222222
12434	#222222
12435	#222222
12436	#222222
12437	#222222
12438	#222222
12439	#222222
12440	#222222
12441	#222222
12442	#222222
12443	#222222
12444	#222222
12445	#222222
12446	#222222
12447	#222222
12448	#222222
12449	#222222
12450	#222222
12451	#222222
12452	#232323
12453	#2D2D2D
12454	#383838
12455	#3B3B3B
12456	#404040
12457	#454545
12458	#4A4A4A
12459	#4D4D4D
12460	#505050
12461	#464646
12462	#3C3C3C
12463	#2F2F2F
12464	#262626
12465	#222222
12466	#222222
12467	#222222
12468	#222222
12469	#222222
12470	#222222
12471	#222222
12472	#222222
12473	#222222
12474	#222222
12475	#222222
12476	#222222
12477	#222222
12478	#222222
12479	#222222
12480	#222222
12481	#222222
12482	#222222
12483	#222222
12484	#222222
12485	#222222
12486	#222222
12487	#222222
12488	#222222
12489	#222222
12490	#222222
12491	#222222
12492	#222222
12493	#222222
12494	#222222
12495	#222222
12496	#222222
12497	#222222
12498	#222222
12499	#222222
12500	#222222
12501	#222222
12502	#222222
12503	#222222
12504	#222222
12505	#222222
12506	#222222
12507	#222222
12508	#222222
12509	#222222
12510	#222222
12511	#222222
12512	#222222
12513	#222222
12514	#222222
12515	#222222
12516	#222222
12517	#222222
12518	#222222
12519	#222222
12520	#222222
12521	#222222
12522	#222222
12523	#222222
12524	#222222
12525	#222222
12526	#222222
12527	#222222
12528	#222222
12529	#222222
12530	#222222
12531	#222222
12532	#222222
12533	#222222
12534	#222222
12535	#222222
12536	#222222
12537	#222222
12538	#222222
12539	#222222
12540	#222222
12541	#222222
12542	#222222
12543	#222222
12544	#222222
12545	#222222
12546	#222222
12547	#222222
12548	#222222
12549	#222222
12550	#222222
12551	#222222
12552	#222222
12553	#222222
12554	#222222
12555	#222222
12556	#222222
12557	#222222
12558	#222222
12559	#222222
12560	#222222
12561	#222222
12562	#222222
12563	#222222
12564	#222222
12565	#222222
12566	#222222
12567	#222222
12568	#222222
12569	#222222
12570	#222222
12571	#222222
12572	#222222
12573	#222222
12574	#222222
12575	#222222
12576	#222222
12577	#222222
12578	#222222
12579	#222222
12580	#222222
12581	#222222
12582	#222222
12583	#222222
12584	#222222
12585	#222222
12586	#222222
12587	#222222
12588	#222222
12589	#222222
12590	#222222
12591	#222222
12592	#282828
12593	#313131
12594	#393939
12595	#3A3A3A
12596	#414141
12597	#464646
12598	#4B4B4B
12599	#4F4F4F
12600	#505050
12601	#474747
12602	#3D3D3D
12603	#303030
12604	#262626
12605	#222222
12606	#222222
12607	#222222
12608	#222222
12609	#222222
12610	#222222
12611	#222222
12612	#222222
12613	#222222
12614	#222222
12615	#222222
12616	#222222
12617	#222222
12618	#222222
12619	#222222
12620	#222222
12621	#222222
12622	#222222
12623	#222222
12624	#222222
12625	#222222
12626	#222222
12627	#222222
12628	#222222
12629	#222222
12630	#222222
12631	#222222
12632	#222222
12633	#222222
12634	#222222
12635	#222222
12636	#222222
12637	#222222
12638	#222222
12639	#222222
12640	#222222
12641	#222222
12642	#222222
12643	#222222
12644	#222222
12645	#222222
12646	#222222
12647	#222222
12648	#222222
12649	#222222
12650	#222222
12651	#222222
12652	#222222
12653	#222222
12654	#222222
12655	#222222
12656	#222222
12657	#222222
12658	#222222
12659	#222222
12660	#222222
12661	#222222
12662	#222222
12663	#222222
12664	#222222
12665	#222222
12666	#222222
12667	#222222
12668	#222222
12669	#222222
12670	#222222
12671	#222222
12672	#222222
12673	#222222
12674	#222222
12675	#222222
12676	#222222
12677	#222222
12678	#222222
12679	#222222
12680	#222222
12681	#222222
12682	#222222
12683	#222222
12684	#222222
12685	#222222
12686	#222222
12687	#222222
12688	#222222
12689	#222222
12690	#222222
12691	#222222
12692	#222222
12693	#222222
12694	#222222
12695	#222222
12696	#222222
12697	#222222
12698	#222222
12699	#222222
12700	#222222
12701	#222222
12702	#222222
12703	#222222
12704	#222222
12705	#222222
12706	#242424
12707	#232323
12708	#222222
12709	#222222
12710	#222222
12711	#222222
12712	#222222
12713	#222222
12714	#222222
12715	#222222
12716	#222222
12717	#222222
12718	#222222
12719	#222222
12720	#222222
12721	#222222
12722	#222222
12723	#222222
12724	#222222
12725	#222222
12726	#222222
12727	#222222
12728	#222222
12729	#222222
12730	#222222
12731	#222222
12732	#2C2C2C
12733	#343434
12734	#373737
12735	#393939
12736	#424242
12737	#474747
12738	#4C4C4C
12739	#4F4F4F
12740	#505050
12741	#454545
12742	#3F3F3F
12743	#323232
12744	#262626
12745	#222222
12746	#222222
12747	#222222
12748	#222222
12749	#222222
12750	#222222
12751	#222222
12752	#222222
12753	#222222
12754	#222222
12755	#222222
12756	#222222
12757	#222222
12758	#222222
12759	#222222
12760	#222222
12761	#222222
12762	#222222
12763	#222222
12764	#222222
12765	#222222
12766	#222222
12767	#222222
12768	#222222
12769	#222222
12770	#222222
12771	#222222
12772	#222222
12773	#222222
12774	#222222
12775	#222222
12776	#222222
12777	#222222
12778	#222222
12779	#222222
12780	#222222
12781	#222222
12782	#222222
12783	#222222
12784	#222222
12785	#222222
12786	#222222
12787	#222222
12788	#222222
12789	#222222
12790	#222222
12791	#222222
12792	#222222
12793	#222222
12794	#222222
12795	#222222
12796	#222222
12797	#222222
12798	#222222
12799	#222222
12800	#222222
12801	#222222
12802	#222222
12803	#222222
12804	#222222
12805	#222222
12806	#222222
12807	#222222
12808	#222222
12809	#222222
12810	#222222
12811	#222222
12812	#222222
12813	#222222
12814	#222222
12815	#222222
12816	#222222
12817	#222222
12818	#222222
12819	#222222
12820	#222222
12821	#222222
12822	#222222
12823	#222222
12824	#222222
12825	#222222
12826	#222222
12827	#222222
12828	#222222
12829	#222222
12830	#222222
12831	#222222
12832	#222222
12833	#222222
12834	#222222
12835	#222222
12836	#222222
12837	#222222
12838	#222222
12839	#222222
12840	#222222
12841	#222222
12842	#222222
12843	#222222
12844	#212121
12845	#252525
12846	#303030
12847	#272727
12848	#212121
12849	#222222
12850	#222222
12851	#222222
12852	#222222
12853	#222222
12854	#222222
12855	#222222
12856	#222222
12857	#222222
12858	#222222
12859	#222222
12860	#222222
12861	#222222
12862	#222222
12863	#222222
12864	#222222
12865	#222222
12866	#222222
12867	#222222
12868	#222222
12869	#222222
12870	#222222
12871	#242424
12872	#2C2C2C
12873	#343434
12874	#353535
12875	#3A3A3A
12876	#404040
12877	#484848
12878	#4D4D4D
12879	#4F4F4F
12880	#505050
12881	#3B3B3B
12882	#383838
12883	#313131
12884	#272727
12885	#222222
12886	#222222
12887	#222222
12888	#222222
12889	#222222
12890	#222222
12891	#222222
12892	#222222
12893	#222222
12894	#222222
12895	#222222
12896	#222222
12897	#222222
12898	#222222
12899	#222222
12900	#222222
12901	#222222
12902	#222222
12903	#222222
12904	#222222
12905	#222222
12906	#222222
12907	#222222
12908	#222222
12909	#222222
12910	#222222
12911	#222222
12912	#222222
12913	#222222
12914	#222222
12915	#222222
12916	#222222
12917	#222222
12918	#222222
12919	#222222
12920	#222222
12921	#222222
12922	#222222
12923	#222222
12924	#222222
12925	#222222
12926	#222222
12927	#222222
12928	#222222
12929	#222222
12930	#222222
12931	#222222
12932	#222222
12933	#222222
12934	#222222
12935	#222222
12936	#222222
12937	#222222
12938	#222222
12939	#222222
12940	#222222
12941	#222222
12942	#222222
12943	#222222
12944	#222222
12945	#222222
12946	#222222
12947	#222222
12948	#222222
12949	#222222
12950	#222222
12951	#222222
12952	#222222
12953	#222222
12954	#222222
12955	#222222
12956	#222222
12957	#222222
12958	#222222
12959	#222222
12960	#222222
12961	#222222
12962	#222222
12963	#222222
12964	#222222
12965	#222222
12966	#222222
12967	#222222
12968	#222222
12969	#222222
12970	#222222
12971	#222222
12972	#222222
12973	#222222
12974	#222222
12975	#222222
12976	#222222
12977	#222222
12978	#222222
12979	#222222
12980	#222222
12981	#222222
12982	#222222
12983	#222222
12984	#212121
12985	#252525
12986	#333333
12987	#272727
12988	#202020
12989	#222222
12990	#222222
12991	#222222
12992	#222222
12993	#222222
12994	#222222
12995	#222222
12996	#222222
12997	#222222
12998	#222222
12999	#222222
13000	#222222
13001	#222222
13002	#222222
13003	#222222
13004	#222222
13005	#222222
13006	#222222
13007	#222222
13008	#222222
13009	#222222
13010	#222222
13011	#232323
13012	#2B2B2B
13013	#333333
13014	#363636
13015	#3C3C3C
13016	#404040
13017	#494949
13018	#4F4F4F
13019	#4B4B4B
13020	#404040
13021	#4A4A4A
13022	#3B3B3B
13023	#303030
13024	#292929
13025	#222222
13026	#222222
13027	#222222
13028	#222222
13029	#222222
13030	#222222
13031	#222222
13032	#222222
13033	#222222
13034	#222222
13035	#222222
13036	#222222
13037	#222222
13038	#222222
13039	#222222
13040	#222222
13041	#222222
13042	#222222
13043	#222222
13044	#222222
13045	#222222
13046	#222222
13047	#222222
13048	#222222
13049	#222222
13050	#222222
13051	#222222
13052	#222222
13053	#222222
13054	#222222
13055	#222222
13056	#222222
13057	#222222
13058	#222222
13059	#222222
13060	#222222
13061	#222222
13062	#222222
13063	#222222
13064	#222222
13065	#222222
13066	#222222
13067	#222222
13068	#222222
13069	#222222
13070	#222222
13071	#222222
13072	#222222
13073	#222222
13074	#222222
13075	#222222
13076	#222222
13077	#222222
13078	#222222
13079	#222222
13080	#222222
13081	#222222
13082	#222222
13083	#222222
13084	#222222
13085	#222222
13086	#222222
13087	#222222
13088	#222222
13089	#222222
13090	#222222
13091	#222222
13092	#222222
13093	#222222
13094	#222222
13095	#222222
13096	#222222
13097	#222222
13098	#222222
13099	#222222
13100	#222222
13101	#222222
13102	#222222
13103	#222222
13104	#222222
13105	#222222
13106	#222222
13107	#222222
13108	#222222
13109	#222222
13110	#222222
13111	#222222
13112	#222222
13113	#222222
13114	#222222
13115	#222222
13116	#222222
13117	#222222
13118	#222222
13119	#222222
13120	#222222
13121	#222222
13122	#222222
13123	#222222
13124	#222222
13125	#232323
13126	#2A2A2A
13127	#2A2A2A
13128	#252525
13129	#222222
13130	#222222
13131	#222222
13132	#222222
13133	#222222
13134	#222222
13135	#222222
13136	#222222
13137	#222222
13138	#222222
13139	#222222
13140	#222222
13141	#222222
13142	#222222
13143	#222222
13144	#222222
13145	#222222
13146	#222222
13147	#222222
13148	#222222
13149	#222222
13150	#222222
13151	#222222
13152	#2B2B2B
13153	#333333
13154	#383838
13155	#3C3C3C
13156	#414141
13157	#484848
13158	#525252
13159	#4B4B4B
13160	#363636
13161	#646464
13162	#474747
13163	#323232
13164	#2B2B2B
13165	#222222
13166	#222222
13167	#222222
13168	#222222
13169	#222222
13170	#222222
13171	#222222
13172	#222222
13173	#222222
13174	#222222
13175	#222222
13176	#222222
13177	#222222
13178	#222222
13179	#222222
13180	#222222
13181	#222222
13182	#222222
13183	#222222
13184	#222222
13185	#222222
13186	#222222
13187	#222222
13188	#222222
13189	#222222
13190	#222222
13191	#222222
13192	#222222
13193	#222222
13194	#222222
13195	#222222
13196	#222222
13197	#222222
13198	#222222
13199	#222222
13200	#222222
13201	#222222
13202	#222222
13203	#222222
13204	#222222
13205	#222222
13206	#222222
13207	#222222
13208	#222222
13209	#222222
13210	#222222
13211	#222222
13212	#222222
13213	#222222
13214	#222222
13215	#222222
13216	#222222
13217	#222222
13218	#222222
13219	#222222
13220	#222222
13221	#222222
13222	#222222
13223	#222222
13224	#222222
13225	#222222
13226	#222222
13227	#222222
13228	#222222
13229	#222222
13230	#222222
13231	#222222
13232	#222222
13233	#222222
13234	#222222
13235	#222222
13236	#222222
13237	#222222
13238	#222222
13239	#222222
13240	#222222
13241	#222222
13242	#222222
13243	#222222
13244	#222222
13245	#222222
13246	#222222
13247	#222222
13248	#222222
13249	#222222
13250	#222222
13251	#222222
13252	#222222
13253	#222222
13254	#222222
13255	#222222
13256	#222222
13257	#222222
13258	#222222
13259	#222222
13260	#222222
13261	#222222
13262	#222222
13263	#222222
13264	#222222
13265	#212121
13266	#222222
13267	#343434
13268	#2F2F2F
13269	#212121
13270	#222222
13271	#222222
13272	#222222
13273	#222222
13274	#222222
13275	#222222
13276	#222222
13277	#222222
13278	#222222
13279	#222222
13280	#222222
13281	#222222
13282	#222222
13283	#222222
13284	#222222
13285	#222222
13286	#222222
13287	#222222
13288	#222222
13289	#222222
13290	#222222
13291	#222222
13292	#2C2C2C
13293	#343434
13294	#393939
13295	#3E3E3E
13296	#424242
13297	#474747
13298	#565656
13299	#535353
13300	#3F3F3F
13301	#505050
13302	#3D3D3D
13303	#323232
13304	#2C2C2C
13305	#222222
13306	#222222
13307	#222222
13308	#222222
13309	#222222
13310	#222222
13311	#222222
13312	#222222
13313	#222222
13314	#222222
13315	#222222
13316	#222222
13317	#222222
13318	#222222
13319	#222222
13320	#222222
13321	#222222
13322	#222222
13323	#222222
13324	#222222
13325	#222222
13326	#222222
13327	#222222
13328	#222222
13329	#222222
13330	#222222
13331	#222222
13332	#222222
13333	#222222
13334	#222222
13335	#222222
13336	#222222
13337	#222222
13338	#222222
13339	#222222
13340	#222222
13341	#222222
13342	#222222
13343	#222222
13344	#222222
13345	#222222
13346	#222222
13347	#222222
13348	#222222
13349	#222222
13350	#222222
13351	#222222
13352	#222222
13353	#222222
13354	#222222
13355	#222222
13356	#222222
13357	#222222
13358	#222222
13359	#222222
13360	#222222
13361	#222222
13362	#222222
13363	#222222
13364	#222222
13365	#222222
13366	#222222
13367	#222222
13368	#222222
13369	#222222
13370	#222222
13371	#222222
13372	#222222
13373	#222222
13374	#222222
13375	#222222
13376	#222222
13377	#222222
13378	#222222
13379	#222222
13380	#222222
13381	#222222
13382	#222222
13383	#222222
13384	#222222
13385	#222222
13386	#222222
13387	#222222
13388	#222222
13389	#222222
13390	#222222
13391	#222222
13392	#222222
13393	#222222
13394	#222222
13395	#222222
13396	#222222
13397	#222222
13398	#222222
13399	#222222
13400	#222222
13401	#222222
13402	#222222
13403	#222222
13404	#222222
13405	#212121
13406	#222222
13407	#3E3E3E
13408	#373737
13409	#202020
13410	#212121
13411	#222222
13412	#222222
13413	#222222
13414	#222222
13415	#222222
13416	#222222
13417	#222222
13418	#222222
13419	#222222
13420	#222222
13421	#222222
13422	#222222
13423	#222222
13424	#222222
13425	#222222
13426	#222222
13427	#222222
13428	#222222
13429	#222222
13430	#222222
13431	#222222
13432	#2C2C2C
13433	#353535
13434	#3A3A3A
13435	#404040
13436	#444444
13437	#4A4A4A
13438	#555555
13439	#555555
13440	#474747
13441	#4A4A4A
13442	#404040
13443	#363636
13444	#2D2D2D
13445	#222222
13446	#222222
13447	#222222
13448	#222222
13449	#222222
13450	#222222
13451	#222222
13452	#222222
13453	#222222
13454	#222222
13455	#222222
13456	#222222
13457	#222222
13458	#222222
13459	#222222
13460	#222222
13461	#222222
13462	#222222
13463	#222222
13464	#222222
13465	#222222
13466	#222222
13467	#222222
13468	#222222
13469	#222222
13470	#222222
13471	#222222
13472	#222222
13473	#222222
13474	#222222
13475	#222222
13476	#222222
13477	#222222
13478	#222222
13479	#222222
13480	#222222
13481	#222222
13482	#222222
13483	#222222
13484	#222222
13485	#222222
13486	#222222
13487	#222222
13488	#222222
13489	#222222
13490	#222222
13491	#222222
13492	#222222
13493	#222222
13494	#222222
13495	#222222
13496	#222222
13497	#222222
13498	#222222
13499	#222222
13500	#222222
13501	#222222
13502	#222222
13503	#222222
13504	#222222
13505	#222222
13506	#222222
13507	#222222
13508	#222222
13509	#222222
13510	#222222
13511	#222222
13512	#222222
13513	#222222
13514	#222222
13515	#222222
13516	#222222
13517	#222222
13518	#222222
13519	#222222
13520	#222222
13521	#222222
13522	#222222
13523	#222222
13524	#222222
13525	#222222
13526	#222222
13527	#222222
13528	#222222
13529	#222222
13530	#222222
13531	#222222
13532	#222222
13533	#222222
13534	#222222
13535	#222222
13536	#222222
13537	#222222
13538	#222222
13539	#222222
13540	#222222
13541	#222222
13542	#222222
13543	#222222
13544	#222222
13545	#212121
13546	#232323
13547	#474747
13548	#3E3E3E
13549	#202020
13550	#212121
13551	#222222
13552	#222222
13553	#222222
13554	#222222
13555	#222222
13556	#222222
13557	#222222
13558	#222222
13559	#222222
13560	#222222
13561	#222222
13562	#222222
13563	#222222
13564	#222222
13565	#222222
13566	#222222
13567	#222222
13568	#222222
13569	#222222
13570	#222222
13571	#222222
13572	#2B2B2B
13573	#363636
13574	#3B3B3B
13575	#3F3F3F
13576	#454545
13577	#4C4C4C
13578	#515151
13579	#525252
13580	#4E4E4E
13581	#4E4E4E
13582	#454545
13583	#3A3A3A
13584	#2D2D2D
13585	#222222
13586	#222222
13587	#222222
13588	#222222
13589	#222222
13590	#222222
13591	#222222
13592	#222222
13593	#222222
13594	#222222
13595	#222222
13596	#222222
13597	#222222
13598	#222222
13599	#222222
13600	#222222
13601	#222222
13602	#222222
13603	#222222
13604	#222222
13605	#222222
13606	#222222
13607	#222222
13608	#222222
13609	#222222
13610	#222222
13611	#222222
13612	#222222
13613	#222222
13614	#222222
13615	#222222
13616	#222222
13617	#222222
13618	#222222
13619	#222222
13620	#222222
13621	#222222
13622	#222222
13623	#222222
13624	#222222
13625	#222222
13626	#222222
13627	#222222
13628	#222222
13629	#222222
13630	#222222
13631	#222222
13632	#222222
13633	#222222
13634	#222222
13635	#222222
13636	#222222
13637	#222222
13638	#222222
13639	#222222
13640	#222222
13641	#222222
13642	#222222
13643	#222222
13644	#222222
13645	#222222
13646	#222222
13647	#222222
13648	#222222
13649	#222222
13650	#222222
13651	#222222
13652	#222222
13653	#222222
13654	#222222
13655	#222222
13656	#222222
13657	#222222
13658	#222222
13659	#222222
13660	#222222
13661	#222222
13662	#222222
13663	#222222
13664	#222222
13665	#222222
13666	#222222
13667	#222222
13668	#222222
13669	#222222
13670	#222222
13671	#222222
13672	#222222
13673	#222222
13674	#222222
13675	#222222
13676	#222222
13677	#222222
13678	#222222
13679	#222222
13680	#222222
13681	#222222
13682	#222222
13683	#222222
13684	#222222
13685	#212121
13686	#232323
13687	#434343
13688	#3B3B3B
13689	#1F1F1F
13690	#212121
13691	#222222
13692	#222222
13693	#222222
13694	#222222
13695	#222222
13696	#222222
13697	#222222
13698	#222222
13699	#222222
13700	#222222
13701	#222222
13702	#222222
13703	#222222
13704	#222222
13705	#222222
13706	#222222
13707	#222222
13708	#222222
13709	#222222
13710	#222222
13711	#232323
13712	#2C2C2C
13713	#363636
13714	#3D3D3D
13715	#404040
13716	#474747
13717	#4E4E4E
13718	#4F4F4F
13719	#505050
13720	#515151
13721	#4E4E4E
13722	#454545
13723	#3B3B3B
13724	#2F2F2F
13725	#222222
13726	#222222
13727	#222222
13728	#222222
13729	#222222
13730	#222222
13731	#222222
13732	#222222
13733	#222222
13734	#222222
13735	#222222
13736	#222222
13737	#222222
13738	#222222
13739	#222222
13740	#222222
13741	#222222
13742	#222222
13743	#222222
13744	#222222
13745	#222222
13746	#222222
13747	#222222
13748	#222222
13749	#222222
13750	#222222
13751	#222222
13752	#222222
13753	#222222
13754	#222222
13755	#222222
13756	#222222
13757	#222222
13758	#222222
13759	#222222
13760	#222222
13761	#222222
13762	#222222
13763	#222222
13764	#222222
13765	#222222
13766	#222222
13767	#222222
13768	#222222
13769	#222222
13770	#222222
13771	#222222
13772	#222222
13773	#222222
13774	#222222
13775	#222222
13776	#222222
13777	#222222
13778	#222222
13779	#222222
13780	#222222
13781	#222222
13782	#222222
13783	#222222
13784	#222222
13785	#222222
13786	#222222
13787	#222222
13788	#222222
13789	#222222
13790	#222222
13791	#222222
13792	#222222
13793	#222222
13794	#222222
13795	#222222
13796	#222222
13797	#222222
13798	#222222
13799	#222222
13800	#222222
13801	#222222
13802	#222222
13803	#222222
13804	#222222
13805	#222222
13806	#222222
13807	#222222
13808	#222222
13809	#222222
13810	#222222
13811	#222222
13812	#222222
13813	#222222
13814	#222222
13815	#222222
13816	#222222
13817	#222222
13818	#222222
13819	#222222
13820	#222222
13821	#222222
13822	#222222
13823	#222222
13824	#222222
13825	#212121
13826	#222222
13827	#353535
13828	#303030
13829	#212121
13830	#212121
13831	#222222
13832	#222222
13833	#222222
13834	#222222
13835	#222222
13836	#222222
13837	#222222
13838	#222222
13839	#222222
13840	#222222
13841	#222222
13842	#222222
13843	#222222
13844	#222222
13845	#222222
13846	#222222
13847	#222222
13848	#222222
13849	#222222
13850	#222222
13851	#242424
13852	#2E2E2E
13853	#383838
13854	#3D3D3D
13855	#414141
13856	#484848
13857	#4E4E4E
13858	#505050
13859	#505050
13860	#505050
13861	#4F4F4F
13862	#464646
13863	#3D3D3D
13864	#313131
13865	#222222
13866	#212121
13867	#222222
13868	#222222
13869	#222222
13870	#222222
13871	#222222
13872	#222222
13873	#222222
13874	#222222
13875	#222222
13876	#222222
13877	#232323
13878	#232323
13879	#222222
13880	#222222
13881	#222222
13882	#222222
13883	#222222
13884	#222222
13885	#222222
13886	#222222
13887	#222222
13888	#222222
13889	#222222
13890	#222222
13891	#222222
13892	#222222
13893	#222222
13894	#222222
13895	#222222
13896	#222222
13897	#222222
13898	#222222
13899	#222222
13900	#222222
13901	#222222
13902	#222222
13903	#222222
13904	#222222
13905	#222222
13906	#222222
13907	#222222
13908	#222222
13909	#222222
13910	#222222
13911	#222222
13912	#222222
13913	#222222
13914	#222222
13915	#222222
13916	#222222
13917	#222222
13918	#222222
13919	#222222
13920	#222222
13921	#222222
13922	#222222
13923	#222222
13924	#222222
13925	#222222
13926	#222222
13927	#222222
13928	#222222
13929	#222222
13930	#222222
13931	#222222
13932	#222222
13933	#222222
13934	#222222
13935	#222222
13936	#222222
13937	#222222
13938	#222222
13939	#222222
13940	#222222
13941	#222222
13942	#222222
13943	#222222
13944	#222222
13945	#222222
13946	#222222
13947	#222222
13948	#222222
13949	#222222
13950	#222222
13951	#222222
13952	#222222
13953	#222222
13954	#222222
13955	#222222
13956	#222222
13957	#222222
13958	#222222
13959	#222222
13960	#222222
13961	#222222
13962	#222222
13963	#222222
13964	#222222
13965	#222222
13966	#222222
13967	#2A2A2A
13968	#2B2B2B
13969	#262626
13970	#232323
13971	#222222
13972	#222222
13973	#222222
13974	#222222
13975	#222222
13976	#222222
13977	#222222
13978	#222222
13979	#222222
13980	#222222
13981	#222222
13982	#222222
13983	#222222
13984	#222222
13985	#222222
13986	#222222
13987	#222222
13988	#222222
13989	#222222
13990	#222222
13991	#242424
13992	#303030
13993	#3A3A3A
13994	#3E3E3E
13995	#434343
13996	#474747
13997	#4E4E4E
13998	#505050
13999	#505050
14000	#505050
14001	#4F4F4F
14002	#484848
14003	#3F3F3F
14004	#333333
14005	#242424
14006	#222222
14007	#222222
14008	#222222
14009	#222222
14010	#222222
14011	#222222
14012	#222222
14013	#222222
14014	#222222
14015	#222222
14016	#222222
14017	#252525
14018	#252525
14019	#222222
14020	#222222
14021	#222222
14022	#222222
14023	#222222
14024	#222222
14025	#222222
14026	#222222
14027	#222222
14028	#222222
14029	#222222
14030	#222222
14031	#222222
14032	#222222
14033	#222222
14034	#222222
14035	#222222
14036	#222222
14037	#222222
14038	#222222
14039	#222222
14040	#222222
14041	#222222
14042	#222222
14043	#222222
14044	#222222
14045	#222222
14046	#222222
14047	#222222
14048	#222222
14049	#222222
14050	#222222
14051	#222222
14052	#222222
14053	#222222
14054	#222222
14055	#222222
14056	#222222
14057	#222222
14058	#222222
14059	#222222
14060	#222222
14061	#222222
14062	#222222
14063	#222222
14064	#222222
14065	#222222
14066	#222222
14067	#222222
14068	#222222
14069	#222222
14070	#222222
14071	#222222
14072	#222222
14073	#222222
14074	#222222
14075	#222222
14076	#222222
14077	#222222
14078	#222222
14079	#222222
14080	#222222
14081	#222222
14082	#222222
14083	#222222
14084	#222222
14085	#222222
14086	#222222
14087	#222222
14088	#222222
14089	#222222
14090	#222222
14091	#222222
14092	#222222
14093	#222222
14094	#222222
14095	#222222
14096	#222222
14097	#222222
14098	#222222
14099	#222222
14100	#222222
14101	#222222
14102	#222222
14103	#222222
14104	#222222
14105	#222222
14106	#222222
14107	#222222
14108	#2C2C2C
14109	#2E2E2E
14110	#222222
14111	#222222
14112	#222222
14113	#222222
14114	#222222
14115	#222222
14116	#222222
14117	#222222
14118	#222222
14119	#222222
14120	#222222
14121	#222222
14122	#222222
14123	#222222
14124	#222222
14125	#222222
14126	#222222
14127	#222222
14128	#222222
14129	#222222
14130	#232323
14131	#272727
14132	#333333
14133	#3B3B3B
14134	#3F3F3F
14135	#454545
14136	#4A4A4A
14137	#4D4D4D
14138	#505050
14139	#505050
14140	#505050
14141	#4E4E4E
14142	#494949
14143	#414141
14144	#343434
14145	#262626
14146	#222222
14147	#222222
14148	#222222
14149	#222222
14150	#222222
14151	#222222
14152	#222222
14153	#222222
14154	#222222
14155	#222222
14156	#222222
14157	#232323
14158	#232323
14159	#222222
14160	#222222
14161	#222222
14162	#222222
14163	#222222
14164	#222222
14165	#222222
14166	#222222
14167	#222222
14168	#222222
14169	#222222
14170	#222222
14171	#222222
14172	#222222
14173	#222222
14174	#222222
14175	#222222
14176	#222222
14177	#222222
14178	#222222
14179	#222222
14180	#222222
14181	#222222
14182	#222222
14183	#222222
14184	#222222
14185	#222222
14186	#222222
14187	#222222
14188	#222222
14189	#222222
14190	#222222
14191	#222222
14192	#222222
14193	#222222
14194	#222222
14195	#222222
14196	#222222
14197	#222222
14198	#222222
14199	#222222
14200	#222222
14201	#222222
14202	#222222
14203	#222222
14204	#222222
14205	#222222
14206	#222222
14207	#222222
14208	#222222
14209	#222222
14210	#222222
14211	#222222
14212	#222222
14213	#222222
14214	#222222
14215	#222222
14216	#222222
14217	#222222
14218	#222222
14219	#222222
14220	#222222
14221	#222222
14222	#222222
14223	#222222
14224	#222222
14225	#222222
14226	#222222
14227	#222222
14228	#222222
14229	#222222
14230	#222222
14231	#222222
14232	#222222
14233	#222222
14234	#222222
14235	#222222
14236	#222222
14237	#222222
14238	#222222
14239	#222222
14240	#222222
14241	#222222
14242	#222222
14243	#222222
14244	#222222
14245	#222222
14246	#222222
14247	#222222
14248	#282828
14249	#2A2A2A
14250	#232323
14251	#222222
14252	#222222
14253	#222222
14254	#222222
14255	#222222
14256	#222222
14257	#222222
14258	#222222
14259	#222222
14260	#222222
14261	#222222
14262	#222222
14263	#222222
14264	#222222
14265	#222222
14266	#222222
14267	#222222
14268	#222222
14269	#222222
14270	#232323
14271	#292929
14272	#353535
14273	#3C3C3C
14274	#404040
14275	#474747
14276	#4C4C4C
14277	#4E4E4E
14278	#505050
14279	#505050
14280	#505050
14281	#4D4D4D
14282	#4B4B4B
14283	#444444
14284	#373737
14285	#272727
14286	#222222
14287	#222222
14288	#222222
14289	#222222
14290	#222222
14291	#222222
14292	#222222
14293	#222222
14294	#222222
14295	#222222
14296	#222222
14297	#222222
14298	#222222
14299	#222222
14300	#222222
14301	#222222
14302	#222222
14303	#222222
14304	#222222
14305	#222222
14306	#222222
14307	#222222
14308	#222222
14309	#222222
14310	#222222
14311	#222222
14312	#222222
14313	#222222
14314	#222222
14315	#222222
14316	#222222
14317	#222222
14318	#222222
14319	#222222
14320	#222222
14321	#222222
14322	#222222
14323	#222222
14324	#222222
14325	#222222
14326	#222222
14327	#222222
14328	#222222
14329	#222222
14330	#222222
14331	#222222
14332	#222222
14333	#222222
14334	#222222
14335	#222222
14336	#222222
14337	#222222
14338	#222222
14339	#222222
14340	#222222
14341	#222222
14342	#222222
14343	#222222
14344	#222222
14345	#222222
14346	#222222
14347	#222222
14348	#222222
14349	#222222
14350	#222222
14351	#222222
14352	#222222
14353	#222222
14354	#222222
14355	#222222
14356	#222222
14357	#222222
14358	#222222
14359	#222222
14360	#222222
14361	#222222
14362	#222222
14363	#222222
14364	#222222
14365	#222222
14366	#222222
14367	#222222
14368	#222222
14369	#222222
14370	#222222
14371	#222222
14372	#222222
14373	#222222
14374	#222222
14375	#222222
14376	#222222
14377	#222222
14378	#222222
14379	#222222
14380	#222222
14381	#222222
14382	#222222
14383	#222222
14384	#222222
14385	#222222
14386	#222222
14387	#222222
14388	#232323
14389	#242424
14390	#222222
14391	#222222
14392	#222222
14393	#222222
14394	#222222
14395	#222222
14396	#222222
14397	#222222
14398	#222222
14399	#222222
14400	#222222
14401	#222222
14402	#222222
14403	#222222
14404	#222222
14405	#222222
14406	#222222
14407	#222222
14408	#222222
14409	#222222
14410	#232323
14411	#2C2C2C
14412	#353535
14413	#3D3D3D
14414	#434343
14415	#474747
14416	#4D4D4D
14417	#505050
14418	#505050
14419	#505050
14420	#505050
14421	#494949
14422	#494949
14423	#454545
14424	#393939
14425	#2A2A2A
14426	#222222
14427	#222222
14428	#222222
14429	#222222
14430	#222222
14431	#222222
14432	#222222
14433	#222222
14434	#222222
14435	#222222
14436	#222222
14437	#222222
14438	#222222
14439	#222222
14440	#222222
14441	#222222
14442	#222222
14443	#222222
14444	#222222
14445	#222222
14446	#222222
14447	#222222
14448	#222222
14449	#222222
14450	#222222
14451	#222222
14452	#222222
14453	#222222
14454	#222222
14455	#222222
14456	#222222
14457	#222222
14458	#222222
14459	#222222
14460	#222222
14461	#222222
14462	#222222
14463	#222222
14464	#222222
14465	#222222
14466	#222222
14467	#222222
14468	#222222
14469	#222222
14470	#222222
14471	#222222
14472	#222222
14473	#222222
14474	#222222
14475	#222222
14476	#222222
14477	#222222
14478	#222222
14479	#222222
14480	#222222
14481	#222222
14482	#222222
14483	#222222
14484	#222222
14485	#222222
14486	#222222
14487	#222222
14488	#222222
14489	#222222
14490	#222222
14491	#222222
14492	#222222
14493	#222222
14494	#222222
14495	#222222
14496	#222222
14497	#222222
14498	#222222
14499	#222222
14500	#222222
14501	#222222
14502	#222222
14503	#222222
14504	#222222
14505	#222222
14506	#222222
14507	#222222
14508	#222222
14509	#222222
14510	#222222
14511	#222222
14512	#222222
14513	#222222
14514	#222222
14515	#222222
14516	#222222
14517	#222222
14518	#222222
14519	#222222
14520	#222222
14521	#222222
14522	#222222
14523	#222222
14524	#222222
14525	#222222
14526	#222222
14527	#222222
14528	#222222
14529	#222222
14530	#222222
14531	#222222
14532	#222222
14533	#222222
14534	#222222
14535	#222222
14536	#222222
14537	#222222
14538	#222222
14539	#222222
14540	#222222
14541	#222222
14542	#222222
14543	#222222
14544	#222222
14545	#222222
14546	#222222
14547	#222222
14548	#222222
14549	#222222
14550	#232323
14551	#2E2E2E
14552	#383838
14553	#3E3E3E
14554	#434343
14555	#484848
14556	#4E4E4E
14557	#505050
14558	#505050
14559	#4E4E4E
14560	#4A4A4A
14561	#4B4B4B
14562	#484848
14563	#444444
14564	#3B3B3B
14565	#2C2C2C
14566	#232323
14567	#222222
14568	#222222
14569	#222222
14570	#222222
14571	#222222
14572	#222222
14573	#222222
14574	#222222
14575	#222222
14576	#222222
14577	#222222
14578	#222222
14579	#222222
14580	#222222
14581	#222222
14582	#222222
14583	#222222
14584	#222222
14585	#222222
14586	#222222
14587	#222222
14588	#222222
14589	#222222
14590	#222222
14591	#222222
14592	#222222
14593	#222222
14594	#222222
14595	#222222
14596	#222222
14597	#222222
14598	#222222
14599	#222222
14600	#222222
14601	#222222
14602	#222222
14603	#222222
14604	#222222
14605	#222222
14606	#222222
14607	#222222
14608	#222222
14609	#222222
14610	#222222
14611	#222222
14612	#222222
14613	#222222
14614	#222222
14615	#222222
14616	#222222
14617	#222222
14618	#222222
14619	#222222
14620	#222222
14621	#222222
14622	#222222
14623	#222222
14624	#222222
14625	#222222
14626	#222222
14627	#222222
14628	#222222
14629	#222222
14630	#222222
14631	#222222
14632	#222222
14633	#222222
14634	#222222
14635	#222222
14636	#222222
14637	#222222
14638	#222222
14639	#222222
14640	#222222
14641	#222222
14642	#222222
14643	#222222
14644	#222222
14645	#222222
14646	#222222
14647	#222222
14648	#222222
14649	#222222
14650	#222222
14651	#222222
14652	#222222
14653	#222222
14654	#222222
14655	#222222
14656	#222222
14657	#222222
14658	#222222
14659	#222222
14660	#222222
14661	#222222
14662	#222222
14663	#222222
14664	#222222
14665	#222222
14666	#222222
14667	#222222
14668	#222222
14669	#222222
14670	#222222
14671	#222222
14672	#222222
14673	#222222
14674	#222222
14675	#222222
14676	#222222
14677	#222222
14678	#222222
14679	#222222
14680	#222222
14681	#222222
14682	#222222
14683	#222222
14684	#222222
14685	#222222
14686	#222222
14687	#222222
14688	#222222
14689	#212121
14690	#242424
14691	#303030
14692	#3A3A3A
14693	#414141
14694	#454545
14695	#4A4A4A
14696	#4F4F4F
14697	#505050
14698	#525252
14699	#4C4C4C
14700	#3E3E3E
14701	#606060
14702	#525252
14703	#474747
14704	#3D3D3D
14705	#2C2C2C
14706	#232323
14707	#222222
14708	#222222
14709	#222222
14710	#222222
14711	#222222
14712	#222222
14713	#222222
14714	#222222
14715	#222222
14716	#222222
14717	#222222
14718	#222222
14719	#222222
14720	#222222
14721	#222222
14722	#222222
14723	#222222
14724	#222222
14725	#222222
14726	#222222
14727	#222222
14728	#222222
14729	#222222
14730	#222222
14731	#222222
14732	#222222
14733	#222222
14734	#222222
14735	#222222
14736	#222222
14737	#222222
14738	#222222
14739	#222222
14740	#222222
14741	#222222
14742	#222222
14743	#222222
14744	#222222
14745	#222222
14746	#222222
14747	#222222
14748	#222222
14749	#222222
14750	#222222
14751	#222222
14752	#222222
14753	#222222
14754	#222222
14755	#222222
14756	#222222
14757	#222222
14758	#222222
14759	#222222
14760	#222222
14761	#222222
14762	#222222
14763	#222222
14764	#222222
14765	#222222
14766	#222222
14767	#222222
14768	#222222
14769	#222222
14770	#222222
14771	#222222
14772	#222222
14773	#222222
14774	#222222
14775	#222222
14776	#222222
14777	#222222
14778	#222222
14779	#222222
14780	#222222
14781	#222222
14782	#222222
14783	#222222
14784	#222222
14785	#222222
14786	#222222
14787	#222222
14788	#222222
14789	#222222
14790	#222222
14791	#222222
14792	#222222
14793	#222222
14794	#222222
14795	#222222
14796	#222222
14797	#222222
14798	#222222
14799	#222222
14800	#222222
14801	#222222
14802	#222222
14803	#222222
14804	#222222
14805	#222222
14806	#222222
14807	#222222
14808	#222222
14809	#222222
14810	#222222
14811	#222222
14812	#222222
14813	#222222
14814	#222222
14815	#222222
14816	#222222
14817	#222222
14818	#222222
14819	#222222
14820	#222222
14821	#222222
14822	#222222
14823	#222222
14824	#222222
14825	#222222
14826	#222222
14827	#222222
14828	#222222
14829	#212121
14830	#242424
14831	#323232
14832	#3D3D3D
14833	#434343
14834	#464646
14835	#4A4A4A
14836	#4E4E4E
14837	#4F4F4F
14838	#555555
14839	#4F4F4F
14840	#3C3C3C
14841	#575757
14842	#4C4C4C
14843	#464646
14844	#404040
14845	#2E2E2E
14846	#232323
14847	#222222
14848	#222222
14849	#222222
14850	#222222
14851	#222222
14852	#222222
14853	#222222
14854	#222222
14855	#222222
14856	#222222
14857	#222222
14858	#222222
14859	#222222
14860	#222222
14861	#222222
14862	#222222
14863	#222222
14864	#222222
14865	#222222
14866	#222222
14867	#222222
14868	#222222
14869	#222222
14870	#222222
14871	#222222
14872	#222222
14873	#222222
14874	#222222
14875	#222222
14876	#222222
14877	#222222
14878	#222222
14879	#222222
14880	#222222
14881	#222222
14882	#222222
14883	#222222
14884	#222222
14885	#222222
14886	#222222
14887	#222222
14888	#222222
14889	#222222
14890	#222222
14891	#222222
14892	#222222
14893	#222222
14894	#222222
14895	#222222
14896	#222222
14897	#222222
14898	#222222
14899	#222222
14900	#222222
14901	#222222
14902	#222222
14903	#222222
14904	#222222
14905	#222222
14906	#222222
14907	#222222
14908	#222222
14909	#222222
14910	#222222
14911	#222222
14912	#222222
14913	#222222
14914	#222222
14915	#222222
14916	#222222
14917	#222222
14918	#222222
14919	#222222
14920	#222222
14921	#222222
14922	#222222
14923	#222222
14924	#222222
14925	#222222
14926	#222222
14927	#222222
14928	#222222
14929	#222222
14930	#222222
14931	#222222
14932	#222222
14933	#222222
14934	#222222
14935	#222222
14936	#222222
14937	#222222
14938	#222222
14939	#222222
14940	#222222
14941	#222222
14942	#222222
14943	#222222
14944	#222222
14945	#222222
14946	#222222
14947	#222222
14948	#222222
14949	#222222
14950	#222222
14951	#222222
14952	#222222
14953	#222222
14954	#222222
14955	#222222
14956	#222222
14957	#222222
14958	#222222
14959	#222222
14960	#222222
14961	#222222
14962	#222222
14963	#222222
14964	#222222
14965	#222222
14966	#222222
14967	#222222
14968	#222222
14969	#232323
14970	#282828
14971	#363636
14972	#404040
14973	#454545
14974	#484848
14975	#4B4B4B
14976	#4E4E4E
14977	#4F4F4F
14978	#555555
14979	#525252
14980	#464646
14981	#505050
14982	#4A4A4A
14983	#474747
14984	#414141
14985	#313131
14986	#232323
14987	#212121
14988	#222222
14989	#222222
14990	#222222
14991	#222222
14992	#222222
14993	#222222
14994	#222222
14995	#222222
14996	#222222
14997	#222222
14998	#222222
14999	#222222
15000	#222222
15001	#222222
15002	#222222
15003	#222222
15004	#222222
15005	#222222
15006	#222222
15007	#222222
15008	#222222
15009	#222222
15010	#222222
15011	#222222
15012	#222222
15013	#222222
15014	#222222
15015	#222222
15016	#222222
15017	#222222
15018	#222222
15019	#222222
15020	#222222
15021	#222222
15022	#222222
15023	#222222
15024	#222222
15025	#222222
15026	#222222
15027	#222222
15028	#222222
15029	#222222
15030	#222222
15031	#222222
15032	#222222
15033	#222222
15034	#222222
15035	#222222
15036	#222222
15037	#222222
15038	#222222
15039	#222222
15040	#222222
15041	#222222
15042	#222222
15043	#222222
15044	#222222
15045	#222222
15046	#222222
15047	#222222
15048	#222222
15049	#222222
15050	#222222
15051	#222222
15052	#222222
15053	#222222
15054	#222222
15055	#222222
15056	#222222
15057	#222222
15058	#222222
15059	#222222
15060	#222222
15061	#222222
15062	#222222
15063	#222222
15064	#222222
15065	#222222
15066	#222222
15067	#222222
15068	#222222
15069	#222222
15070	#222222
15071	#222222
15072	#222222
15073	#222222
15074	#222222
15075	#222222
15076	#222222
15077	#222222
15078	#222222
15079	#222222
15080	#222222
15081	#222222
15082	#222222
15083	#222222
15084	#222222
15085	#222222
15086	#222222
15087	#222222
15088	#222222
15089	#222222
15090	#222222
15091	#222222
15092	#222222
15093	#222222
15094	#222222
15095	#222222
15096	#222222
15097	#222222
15098	#212121
15099	#212121
15100	#222222
15101	#222222
15102	#222222
15103	#222222
15104	#222222
15105	#222222
15106	#222222
15107	#222222
15108	#222222
15109	#242424
15110	#2C2C2C
15111	#3A3A3A
15112	#434343
15113	#464646
15114	#494949
15115	#4C4C4C
15116	#4E4E4E
15117	#505050
15118	#525252
15119	#525252
15120	#4E4E4E
15121	#525252
15122	#4E4E4E
15123	#494949
15124	#414141
15125	#333333
15126	#242424
15127	#212121
15128	#222222
15129	#222222
15130	#222222
15131	#222222
15132	#222222
15133	#222222
15134	#222222
15135	#222222
15136	#222222
15137	#222222
15138	#222222
15139	#222222
15140	#222222
15141	#222222
15142	#222222
15143	#222222
15144	#222222
15145	#222222
15146	#222222
15147	#222222
15148	#222222
15149	#222222
15150	#222222
15151	#222222
15152	#222222
15153	#222222
15154	#222222
15155	#222222
15156	#222222
15157	#222222
15158	#222222
15159	#222222
15160	#222222
15161	#222222
15162	#222222
15163	#222222
15164	#222222
15165	#222222
15166	#222222
15167	#222222
15168	#222222
15169	#222222
15170	#222222
15171	#222222
15172	#222222
15173	#222222
15174	#222222
15175	#222222
15176	#222222
15177	#222222
15178	#222222
15179	#222222
15180	#222222
15181	#222222
15182	#222222
15183	#222222
15184	#222222
15185	#222222
15186	#222222
15187	#222222
15188	#222222
15189	#222222
15190	#222222
15191	#222222
15192	#222222
15193	#222222
15194	#222222
15195	#222222
15196	#222222
15197	#222222
15198	#222222
15199	#222222
15200	#222222
15201	#222222
15202	#222222
15203	#222222
15204	#222222
15205	#222222
15206	#222222
15207	#222222
15208	#222222
15209	#222222
15210	#222222
15211	#222222
15212	#222222
15213	#222222
15214	#222222
15215	#222222
15216	#222222
15217	#222222
15218	#222222
15219	#222222
15220	#222222
15221	#222222
15222	#222222
15223	#222222
15224	#222222
15225	#222222
15226	#222222
15227	#222222
15228	#222222
15229	#222222
15230	#222222
15231	#222222
15232	#222222
15233	#222222
15234	#222222
15235	#222222
15236	#222222
15237	#222222
15238	#252525
15239	#252525
15240	#222222
15241	#222222
15242	#222222
15243	#222222
15244	#222222
15245	#222222
15246	#222222
15247	#222222
15248	#212121
15249	#262626
15250	#323232
15251	#3D3D3D
15252	#444444
15253	#484848
15254	#4B4B4B
15255	#4E4E4E
15256	#4F4F4F
15257	#505050
15258	#505050
15259	#505050
15260	#505050
15261	#525252
15262	#4E4E4E
15263	#4A4A4A
15264	#424242
15265	#333333
15266	#262626
15267	#222222
15268	#222222
15269	#222222
15270	#222222
15271	#222222
15272	#222222
15273	#222222
15274	#222222
15275	#222222
15276	#222222
15277	#222222
15278	#222222
15279	#222222
15280	#222222
15281	#222222
15282	#222222
15283	#222222
15284	#222222
15285	#222222
15286	#222222
15287	#222222
15288	#222222
15289	#222222
15290	#222222
15291	#222222
15292	#222222
15293	#222222
15294	#222222
15295	#222222
15296	#222222
15297	#222222
15298	#222222
15299	#222222
15300	#222222
15301	#222222
15302	#222222
15303	#222222
15304	#222222
15305	#222222
15306	#222222
15307	#222222
15308	#222222
15309	#222222
15310	#222222
15311	#222222
15312	#222222
15313	#222222
15314	#222222
15315	#222222
15316	#222222
15317	#222222
15318	#222222
15319	#222222
15320	#222222
15321	#222222
15322	#222222
15323	#222222
15324	#222222
15325	#222222
15326	#222222
15327	#222222
15328	#222222
15329	#222222
15330	#222222
15331	#222222
15332	#222222
15333	#222222
15334	#222222
15335	#222222
15336	#222222
15337	#222222
15338	#222222
15339	#222222
15340	#222222
15341	#222222
15342	#222222
15343	#222222
15344	#222222
15345	#222222
15346	#222222
15347	#222222
15348	#222222
15349	#222222
15350	#222222
15351	#222222
15352	#222222
15353	#222222
15354	#222222
15355	#222222
15356	#222222
15357	#222222
15358	#222222
15359	#222222
15360	#222222
15361	#222222
15362	#222222
15363	#222222
15364	#222222
15365	#222222
15366	#222222
15367	#232323
15368	#232323
15369	#222222
15370	#222222
15371	#222222
15372	#222222
15373	#222222
15374	#222222
15375	#222222
15376	#222222
15377	#222222
15378	#282828
15379	#2A2A2A
15380	#222222
15381	#222222
15382	#222222
15383	#222222
15384	#222222
15385	#222222
15386	#222222
15387	#222222
15388	#212121
15389	#282828
15390	#373737
15391	#404040
15392	#454545
15393	#4A4A4A
15394	#4E4E4E
15395	#4E4E4E
15396	#505050
15397	#505050
15398	#505050
15399	#505050
15400	#505050
15401	#525252
15402	#4F4F4F
15403	#4B4B4B
15404	#424242
15405	#343434
15406	#282828
15407	#232323
15408	#222222
15409	#222222
15410	#222222
15411	#222222
15412	#222222
15413	#222222
15414	#222222
15415	#222222
15416	#222222
15417	#222222
15418	#222222
15419	#222222
15420	#222222
15421	#222222
15422	#222222
15423	#222222
15424	#222222
15425	#222222
15426	#222222
15427	#222222
15428	#222222
15429	#222222
15430	#222222
15431	#222222
15432	#222222
15433	#222222
15434	#222222
15435	#222222
15436	#222222
15437	#222222
15438	#222222
15439	#222222
15440	#222222
15441	#222222
15442	#222222
15443	#222222
15444	#222222
15445	#222222
15446	#222222
15447	#222222
15448	#222222
15449	#222222
15450	#222222
15451	#222222
15452	#222222
15453	#222222
15454	#222222
15455	#222222
15456	#222222
15457	#222222
15458	#222222
15459	#222222
15460	#222222
15461	#222222
15462	#222222
15463	#222222
15464	#222222
15465	#222222
15466	#222222
15467	#222222
15468	#222222
15469	#222222
15470	#222222
15471	#222222
15472	#222222
15473	#222222
15474	#222222
15475	#222222
15476	#222222
15477	#222222
15478	#222222
15479	#222222
15480	#222222
15481	#222222
15482	#222222
15483	#222222
15484	#222222
15485	#222222
15486	#222222
15487	#222222
15488	#222222
15489	#222222
15490	#222222
15491	#222222
15492	#222222
15493	#222222
15494	#222222
15495	#222222
15496	#222222
15497	#222222
15498	#222222
15499	#222222
15500	#222222
15501	#222222
15502	#222222
15503	#222222
15504	#222222
15505	#222222
15506	#222222
15507	#242424
15508	#242424
15509	#222222
15510	#222222
15511	#222222
15512	#222222
15513	#222222
15514	#222222
15515	#222222
15516	#222222
15517	#222222
15518	#232323
15519	#232323
15520	#222222
15521	#222222
15522	#222222
15523	#222222
15524	#222222
15525	#222222
15526	#222222
15527	#222222
15528	#202020
15529	#292929
15530	#3B3B3B
15531	#424242
15532	#464646
15533	#4A4A4A
15534	#4D4D4D
15535	#4F4F4F
15536	#505050
15537	#505050
15538	#505050
15539	#505050
15540	#505050
15541	#515151
15542	#4E4E4E
15543	#4B4B4B
15544	#444444
15545	#363636
15546	#2A2A2A
15547	#232323
15548	#222222
15549	#222222
15550	#222222
15551	#222222
15552	#222222
15553	#222222
15554	#222222
15555	#222222
15556	#222222
15557	#222222
15558	#222222
15559	#222222
15560	#222222
15561	#222222
15562	#222222
15563	#222222
15564	#222222
15565	#222222
15566	#222222
15567	#222222
15568	#222222
15569	#222222
15570	#222222
15571	#222222
15572	#222222
15573	#222222
15574	#222222
15575	#222222
15576	#222222
15577	#222222
15578	#222222
15579	#222222
15580	#222222
15581	#222222
15582	#222222
15583	#222222
15584	#222222
15585	#222222
15586	#222222
15587	#222222
15588	#222222
15589	#222222
15590	#222222
15591	#222222
15592	#222222
15593	#222222
15594	#222222
15595	#222222
15596	#222222
15597	#222222
15598	#222222
15599	#222222
15600	#222222
15601	#222222
15602	#222222
15603	#222222
15604	#222222
15605	#222222
15606	#222222
15607	#222222
15608	#222222
15609	#222222
15610	#222222
15611	#222222
15612	#222222
15613	#222222
15614	#222222
15615	#222222
15616	#222222
15617	#222222
15618	#222222
15619	#222222
15620	#222222
15621	#222222
15622	#222222
15623	#222222
15624	#222222
15625	#222222
15626	#222222
15627	#222222
15628	#222222
15629	#222222
15630	#222222
15631	#222222
15632	#222222
15633	#222222
15634	#222222
15635	#222222
15636	#222222
15637	#222222
15638	#222222
15639	#222222
15640	#222222
15641	#222222
15642	#222222
15643	#222222
15644	#222222
15645	#222222
15646	#212121
15647	#242424
15648	#232323
15649	#222222
15650	#222222
15651	#222222
15652	#222222
15653	#222222
15654	#222222
15655	#222222
15656	#222222
15657	#222222
15658	#222222
15659	#222222
15660	#222222
15661	#222222
15662	#222222
15663	#222222
15664	#222222
15665	#222222
15666	#222222
15667	#222222
15668	#202020
15669	#292929
15670	#3D3D3D
15671	#444444
15672	#484848
15673	#4B4B4B
15674	#4E4E4E
15675	#505050
15676	#505050
15677	#505050
15678	#505050
15679	#505050
15680	#505050
15681	#515151
15682	#4E4E4E
15683	#4B4B4B
15684	#444444
15685	#393939
15686	#292929
15687	#232323
15688	#222222
15689	#222222
15690	#222222
15691	#222222
15692	#222222
15693	#222222
15694	#222222
15695	#222222
15696	#222222
15697	#222222
15698	#222222
15699	#222222
15700	#222222
15701	#222222
15702	#222222
15703	#222222
15704	#222222
15705	#222222
15706	#222222
15707	#222222
15708	#222222
15709	#222222
15710	#222222
15711	#222222
15712	#222222
15713	#222222
15714	#222222
15715	#222222
15716	#222222
15717	#222222
15718	#222222
15719	#222222
15720	#222222
15721	#222222
15722	#222222
15723	#222222
15724	#222222
15725	#222222
15726	#222222
15727	#222222
15728	#222222
15729	#222222
15730	#222222
15731	#222222
15732	#222222
15733	#222222
15734	#222222
15735	#222222
15736	#222222
15737	#222222
15738	#222222
15739	#222222
15740	#222222
15741	#222222
15742	#222222
15743	#222222
15744	#222222
15745	#222222
15746	#222222
15747	#222222
15748	#222222
15749	#222222
15750	#222222
15751	#222222
15752	#222222
15753	#222222
15754	#222222
15755	#222222
15756	#222222
15757	#222222
15758	#222222
15759	#222222
15760	#222222
15761	#222222
15762	#222222
15763	#222222
15764	#222222
15765	#222222
15766	#222222
15767	#222222
15768	#222222
15769	#222222
15770	#222222
15771	#222222
15772	#222222
15773	#222222
15774	#222222
15775	#222222
15776	#222222
15777	#222222
15778	#222222
15779	#222222
15780	#222222
15781	#222222
15782	#222222
15783	#222222
15784	#222222
15785	#232323
15786	#272727
15787	#252525
15788	#222222
15789	#222222
15790	#222222
15791	#222222
15792	#222222
15793	#222222
15794	#222222
15795	#222222
15796	#222222
15797	#222222
15798	#222222
15799	#222222
15800	#222222
15801	#222222
15802	#222222
15803	#222222
15804	#222222
15805	#222222
15806	#222222
15807	#222222
15808	#222222
15809	#2C2C2C
15810	#3D3D3D
15811	#444444
15812	#494949
15813	#4D4D4D
15814	#4F4F4F
15815	#505050
15816	#505050
15817	#505050
15818	#505050
15819	#505050
15820	#505050
15821	#505050
15822	#515151
15823	#4D4D4D
15824	#454545
15825	#3B3B3B
15826	#2A2A2A
15827	#232323
15828	#222222
15829	#222222
15830	#222222
15831	#222222
15832	#222222
15833	#222222
15834	#222222
15835	#222222
15836	#222222
15837	#222222
15838	#222222
15839	#222222
15840	#222222
15841	#222222
15842	#222222
15843	#222222
15844	#222222
15845	#222222
15846	#222222
15847	#222222
15848	#222222
15849	#222222
15850	#222222
15851	#222222
15852	#222222
15853	#222222
15854	#222222
15855	#222222
15856	#222222
15857	#222222
15858	#222222
15859	#222222
15860	#222222
15861	#222222
15862	#222222
15863	#222222
15864	#222222
15865	#222222
15866	#222222
15867	#222222
15868	#222222
15869	#222222
15870	#222222
15871	#222222
15872	#222222
15873	#222222
15874	#222222
15875	#222222
15876	#222222
15877	#222222
15878	#222222
15879	#222222
15880	#222222
15881	#222222
15882	#222222
15883	#222222
15884	#222222
15885	#222222
15886	#222222
15887	#222222
15888	#222222
15889	#222222
15890	#222222
15891	#222222
15892	#222222
15893	#222222
15894	#222222
15895	#222222
15896	#222222
15897	#222222
15898	#222222
15899	#222222
15900	#222222
15901	#222222
15902	#222222
15903	#222222
15904	#222222
15905	#222222
15906	#222222
15907	#222222
15908	#222222
15909	#222222
15910	#222222
15911	#222222
15912	#222222
15913	#222222
15914	#222222
15915	#222222
15916	#222222
15917	#222222
15918	#222222
15919	#222222
15920	#222222
15921	#222222
15922	#222222
15923	#222222
15924	#212121
15925	#252525
15926	#323232
15927	#282828
15928	#212121
15929	#222222
15930	#222222
15931	#222222
15932	#222222
15933	#222222
15934	#222222
15935	#222222
15936	#222222
15937	#222222
15938	#222222
15939	#222222
15940	#222222
15941	#222222
15942	#222222
15943	#222222
15944	#222222
15945	#222222
15946	#222222
15947	#212121
15948	#272727
15949	#323232
15950	#3F3F3F
15951	#464646
15952	#494949
15953	#4D4D4D
15954	#505050
15955	#505050
15956	#505050
15957	#505050
15958	#505050
15959	#505050
15960	#505050
15961	#4C4C4C
15962	#525252
15963	#4F4F4F
15964	#454545
15965	#3C3C3C
15966	#2D2D2D
15967	#232323
15968	#212121
15969	#222222
15970	#222222
15971	#222222
15972	#222222
15973	#222222
15974	#222222
15975	#222222
15976	#222222
15977	#222222
15978	#222222
15979	#222222
15980	#222222
15981	#222222
15982	#222222
15983	#222222
15984	#222222
15985	#222222
15986	#222222
15987	#222222
15988	#222222
15989	#222222
15990	#222222
15991	#222222
15992	#222222
15993	#222222
15994	#222222
15995	#222222
15996	#222222
15997	#222222
15998	#222222
15999	#222222
16000	#222222
16001	#222222
16002	#222222
16003	#222222
16004	#222222
16005	#222222
16006	#222222
16007	#222222
16008	#222222
16009	#222222
16010	#222222
16011	#222222
16012	#222222
16013	#222222
16014	#222222
16015	#222222
16016	#222222
16017	#222222
16018	#222222
16019	#222222
16020	#222222
16021	#222222
16022	#222222
16023	#222222
16024	#222222
16025	#222222
16026	#222222
16027	#222222
16028	#222222
16029	#222222
16030	#222222
16031	#222222
16032	#222222
16033	#222222
16034	#222222
16035	#222222
16036	#222222
16037	#222222
16038	#222222
16039	#222222
16040	#222222
16041	#222222
16042	#222222
16043	#222222
16044	#222222
16045	#222222
16046	#222222
16047	#222222
16048	#222222
16049	#222222
16050	#222222
16051	#222222
16052	#222222
16053	#222222
16054	#222222
16055	#222222
16056	#222222
16057	#222222
16058	#222222
16059	#222222
16060	#222222
16061	#222222
16062	#222222
16063	#222222
16064	#212121
16065	#242424
16066	#333333
16067	#292929
16068	#202020
16069	#222222
16070	#222222
16071	#222222
16072	#222222
16073	#222222
16074	#222222
16075	#222222
16076	#222222
16077	#222222
16078	#222222
16079	#222222
16080	#222222
16081	#222222
16082	#222222
16083	#222222
16084	#222222
16085	#222222
16086	#222222
16087	#212121
16088	#2A2A2A
16089	#373737
16090	#424242
16091	#494949
16092	#4A4A4A
16093	#4C4C4C
16094	#505050
16095	#505050
16096	#505050
16097	#505050
16098	#515151
16099	#505050
16100	#4D4D4D
16101	#4B4B4B
16102	#505050
16103	#4E4E4E
16104	#464646
16105	#3D3D3D
16106	#2D2D2D
16107	#232323
16108	#212121
16109	#222222
16110	#222222
16111	#222222
16112	#222222
16113	#222222
16114	#222222
16115	#222222
16116	#222222
16117	#222222
16118	#222222
16119	#222222
16120	#222222
16121	#222222
16122	#222222
16123	#222222
16124	#222222
16125	#222222
16126	#222222
16127	#222222
16128	#222222
16129	#222222
16130	#222222
16131	#222222
16132	#222222
16133	#222222
16134	#222222
16135	#222222
16136	#222222
16137	#222222
16138	#222222
16139	#222222
16140	#222222
16141	#222222
16142	#222222
16143	#222222
16144	#222222
16145	#222222
16146	#222222
16147	#222222
16148	#222222
16149	#222222
16150	#222222
16151	#222222
16152	#222222
16153	#222222
16154	#222222
16155	#222222
16156	#222222
16157	#222222
16158	#222222
16159	#222222
16160	#222222
16161	#222222
16162	#222222
16163	#222222
16164	#222222
16165	#222222
16166	#222222
16167	#222222
16168	#222222
16169	#222222
16170	#222222
16171	#222222
16172	#222222
16173	#222222
16174	#222222
16175	#222222
16176	#222222
16177	#222222
16178	#222222
16179	#222222
16180	#222222
16181	#222222
16182	#222222
16183	#222222
16184	#222222
16185	#222222
16186	#222222
16187	#222222
16188	#222222
16189	#222222
16190	#222222
16191	#222222
16192	#222222
16193	#222222
16194	#222222
16195	#222222
16196	#222222
16197	#222222
16198	#222222
16199	#222222
16200	#222222
16201	#222222
16202	#222222
16203	#222222
16204	#222222
16205	#232323
16206	#252525
16207	#232323
16208	#222222
16209	#222222
16210	#222222
16211	#222222
16212	#222222
16213	#222222
16214	#222222
16215	#222222
16216	#222222
16217	#222222
16218	#222222
16219	#222222
16220	#222222
16221	#222222
16222	#222222
16223	#222222
16224	#222222
16225	#222222
16226	#222222
16227	#212121
16228	#2B2B2B
16229	#3A3A3A
16230	#434343
16231	#4A4A4A
16232	#4B4B4B
16233	#4D4D4D
16234	#4F4F4F
16235	#505050
16236	#505050
16237	#505050
16238	#525252
16239	#4E4E4E
16240	#424242
16241	#595959
16242	#585858
16243	#505050
16244	#474747
16245	#3D3D3D
16246	#2D2D2D
16247	#232323
16248	#212121
16249	#222222
16250	#222222
16251	#222222
16252	#222222
16253	#222222
16254	#222222
16255	#222222
16256	#222222
16257	#222222
16258	#222222
16259	#222222
16260	#222222
16261	#222222
16262	#222222
16263	#222222
16264	#222222
16265	#222222
16266	#222222
16267	#222222
16268	#222222
16269	#222222
16270	#222222
16271	#222222
16272	#222222
16273	#222222
16274	#222222
16275	#222222
16276	#222222
16277	#222222
16278	#222222
16279	#222222
16280	#222222
16281	#222222
16282	#222222
16283	#222222
16284	#222222
16285	#222222
16286	#222222
16287	#222222
16288	#222222
16289	#222222
16290	#222222
16291	#222222
16292	#222222
16293	#222222
16294	#222222
16295	#222222
16296	#222222
16297	#222222
16298	#222222
16299	#222222
16300	#222222
16301	#222222
16302	#222222
16303	#222222
16304	#222222
16305	#222222
16306	#222222
16307	#222222
16308	#222222
16309	#222222
16310	#222222
16311	#222222
16312	#222222
16313	#222222
16314	#222222
16315	#222222
16316	#222222
16317	#222222
16318	#222222
16319	#222222
16320	#222222
16321	#222222
16322	#222222
16323	#222222
16324	#222222
16325	#222222
16326	#222222
16327	#222222
16328	#222222
16329	#222222
16330	#222222
16331	#222222
16332	#222222
16333	#222222
16334	#222222
16335	#222222
16336	#222222
16337	#222222
16338	#222222
16339	#222222
16340	#222222
16341	#222222
16342	#222222
16343	#222222
16344	#222222
16345	#222222
16346	#212121
16347	#222222
16348	#222222
16349	#222222
16350	#222222
16351	#222222
16352	#222222
16353	#222222
16354	#222222
16355	#222222
16356	#222222
16357	#222222
16358	#222222
16359	#222222
16360	#222222
16361	#222222
16362	#222222
16363	#222222
16364	#222222
16365	#222222
16366	#222222
16367	#202020
16368	#2C2C2C
16369	#3D3D3D
16370	#454545
16371	#4B4B4B
16372	#4D4D4D
16373	#4F4F4F
16374	#505050
16375	#505050
16376	#505050
16377	#505050
16378	#535353
16379	#4D4D4D
16380	#3F3F3F
16381	#595959
16382	#565656
16383	#505050
16384	#494949
16385	#3E3E3E
16386	#2D2D2D
16387	#232323
16388	#212121
16389	#222222
16390	#222222
16391	#222222
16392	#222222
16393	#222222
16394	#222222
16395	#222222
16396	#222222
16397	#222222
16398	#222222
16399	#222222
16400	#222222
16401	#222222
16402	#222222
16403	#222222
16404	#222222
16405	#222222
16406	#222222
16407	#222222
16408	#222222
16409	#222222
16410	#222222
16411	#222222
16412	#222222
16413	#222222
16414	#222222
16415	#222222
16416	#222222
16417	#222222
16418	#222222
16419	#222222
16420	#222222
16421	#222222
16422	#222222
16423	#222222
16424	#222222
16425	#222222
16426	#222222
16427	#222222
16428	#222222
16429	#222222
16430	#222222
16431	#222222
16432	#222222
16433	#222222
16434	#222222
16435	#222222
16436	#222222
16437	#222222
16438	#222222
16439	#222222
16440	#222222
16441	#222222
16442	#222222
16443	#222222
16444	#222222
16445	#222222
16446	#222222
16447	#222222
16448	#222222
16449	#222222
16450	#222222
16451	#222222
16452	#222222
16453	#222222
16454	#222222
16455	#222222
16456	#222222
16457	#222222
16458	#222222
16459	#222222
16460	#222222
16461	#222222
16462	#222222
16463	#222222
16464	#222222
16465	#222222
16466	#222222
16467	#222222
16468	#222222
16469	#222222
16470	#222222
16471	#222222
16472	#222222
16473	#222222
16474	#222222
16475	#222222
16476	#222222
16477	#222222
16478	#222222
16479	#222222
16480	#222222
16481	#222222
16482	#222222
16483	#222222
16484	#222222
16485	#222222
16486	#222222
16487	#222222
16488	#222222
16489	#222222
16490	#222222
16491	#222222
16492	#222222
16493	#222222
16494	#222222
16495	#222222
16496	#222222
16497	#222222
16498	#222222
16499	#222222
16500	#222222
16501	#222222
16502	#222222
16503	#222222
16504	#222222
16505	#222222
16506	#222222
16507	#212121
16508	#2C2C2C
16509	#3F3F3F
16510	#484848
16511	#4B4B4B
16512	#4D4D4D
16513	#4F4F4F
16514	#505050
16515	#505050
16516	#505050
16517	#505050
16518	#545454
16519	#505050
16520	#444444
16521	#505050
16522	#505050
16523	#4E4E4E
16524	#494949
16525	#3E3E3E
16526	#2D2D2D
16527	#232323
16528	#212121
16529	#222222
16530	#222222
16531	#222222
16532	#222222
16533	#222222
16534	#222222
16535	#222222
16536	#222222
16537	#222222
16538	#222222
16539	#222222
16540	#222222
16541	#222222
16542	#222222
16543	#222222
16544	#222222
16545	#222222
16546	#222222
16547	#222222
16548	#222222
16549	#222222
16550	#222222
16551	#222222
16552	#222222
16553	#222222
16554	#222222
16555	#222222
16556	#222222
16557	#222222
16558	#222222
16559	#222222
16560	#222222
16561	#222222
16562	#222222
16563	#222222
16564	#222222
16565	#222222
16566	#222222
16567	#222222
16568	#222222
16569	#222222
16570	#222222
16571	#222222
16572	#222222
16573	#222222
16574	#222222
16575	#222222
16576	#222222
16577	#222222
16578	#222222
16579	#222222
16580	#222222
16581	#222222
16582	#222222
16583	#222222
16584	#222222
16585	#222222
16586	#222222
16587	#222222
16588	#222222
16589	#222222
16590	#222222
16591	#222222
16592	#222222
16593	#222222
16594	#222222
16595	#222222
16596	#222222
16597	#222222
16598	#222222
16599	#222222
16600	#222222
16601	#222222
16602	#222222
16603	#222222
16604	#222222
16605	#222222
16606	#222222
16607	#222222
16608	#222222
16609	#222222
16610	#222222
16611	#222222
16612	#222222
16613	#222222
16614	#222222
16615	#222222
16616	#222222
16617	#222222
16618	#222222
16619	#222222
16620	#222222
16621	#222222
16622	#222222
16623	#222222
16624	#222222
16625	#222222
16626	#222222
16627	#222222
16628	#222222
16629	#222222
16630	#222222
16631	#222222
16632	#222222
16633	#222222
16634	#222222
16635	#222222
16636	#222222
16637	#222222
16638	#222222
16639	#222222
16640	#222222
16641	#222222
16642	#222222
16643	#222222
16644	#222222
16645	#222222
16646	#222222
16647	#212121
16648	#2E2E2E
16649	#404040
16650	#494949
16651	#4B4B4B
16652	#4C4C4C
16653	#4F4F4F
16654	#505050
16655	#505050
16656	#505050
16657	#505050
16658	#535353
16659	#525252
16660	#4C4C4C
16661	#505050
16662	#535353
16663	#505050
16664	#494949
16665	#3E3E3E
16666	#2D2D2D
16667	#232323
16668	#212121
16669	#222222
16670	#222222
16671	#222222
16672	#222222
16673	#222222
16674	#222222
16675	#222222
16676	#222222
16677	#222222
16678	#222222
16679	#222222
16680	#222222
16681	#222222
16682	#222222
16683	#222222
16684	#222222
16685	#222222
16686	#222222
16687	#222222
16688	#222222
16689	#222222
16690	#222222
16691	#222222
16692	#222222
16693	#222222
16694	#222222
16695	#222222
16696	#222222
16697	#222222
16698	#222222
16699	#222222
16700	#222222
16701	#222222
16702	#222222
16703	#222222
16704	#222222
16705	#222222
16706	#222222
16707	#222222
16708	#222222
16709	#222222
16710	#222222
16711	#222222
16712	#222222
16713	#222222
16714	#222222
16715	#222222
16716	#222222
16717	#222222
16718	#222222
16719	#222222
16720	#222222
16721	#222222
16722	#222222
16723	#222222
16724	#222222
16725	#222222
16726	#222222
16727	#222222
16728	#222222
16729	#222222
16730	#222222
16731	#222222
16732	#222222
16733	#222222
16734	#222222
16735	#222222
16736	#222222
16737	#222222
16738	#222222
16739	#222222
16740	#222222
16741	#222222
16742	#222222
16743	#222222
16744	#222222
16745	#222222
16746	#222222
16747	#222222
16748	#222222
16749	#222222
16750	#222222
16751	#222222
16752	#222222
16753	#222222
16754	#222222
16755	#222222
16756	#222222
16757	#222222
16758	#222222
16759	#222222
16760	#222222
16761	#222222
16762	#222222
16763	#222222
16764	#222222
16765	#222222
16766	#222222
16767	#222222
16768	#222222
16769	#222222
16770	#222222
16771	#222222
16772	#222222
16773	#222222
16774	#222222
16775	#222222
16776	#232323
16777	#232323
16778	#222222
16779	#222222
16780	#222222
16781	#222222
16782	#222222
16783	#222222
16784	#222222
16785	#222222
16786	#222222
16787	#202020
16788	#2F2F2F
16789	#424242
16790	#4A4A4A
16791	#4B4B4B
16792	#4D4D4D
16793	#505050
16794	#505050
16795	#505050
16796	#505050
16797	#505050
16798	#505050
16799	#505050
16800	#505050
16801	#505050
16802	#535353
16803	#505050
16804	#484848
16805	#3D3D3D
16806	#303030
16807	#252525
16808	#212121
16809	#222222
16810	#222222
16811	#222222
16812	#222222
16813	#222222
16814	#222222
16815	#222222
16816	#222222
16817	#222222
16818	#222222
16819	#222222
16820	#222222
16821	#222222
16822	#222222
16823	#222222
16824	#222222
16825	#222222
16826	#222222
16827	#222222
16828	#222222
16829	#222222
16830	#222222
16831	#222222
16832	#222222
16833	#222222
16834	#222222
16835	#222222
16836	#222222
16837	#222222
16838	#222222
16839	#222222
16840	#222222
16841	#222222
16842	#222222
16843	#222222
16844	#222222
16845	#222222
16846	#222222
16847	#222222
16848	#222222
16849	#222222
16850	#222222
16851	#222222
16852	#222222
16853	#222222
16854	#222222
16855	#222222
16856	#222222
16857	#222222
16858	#222222
16859	#222222
16860	#222222
16861	#222222
16862	#222222
16863	#222222
16864	#222222
16865	#222222
16866	#222222
16867	#222222
16868	#222222
16869	#222222
16870	#222222
16871	#222222
16872	#222222
16873	#222222
16874	#222222
16875	#222222
16876	#222222
16877	#222222
16878	#222222
16879	#222222
16880	#222222
16881	#222222
16882	#222222
16883	#222222
16884	#222222
16885	#222222
16886	#222222
16887	#222222
16888	#222222
16889	#222222
16890	#222222
16891	#222222
16892	#222222
16893	#222222
16894	#222222
16895	#222222
16896	#222222
16897	#222222
16898	#222222
16899	#222222
16900	#222222
16901	#222222
16902	#222222
16903	#222222
16904	#222222
16905	#222222
16906	#222222
16907	#222222
16908	#222222
16909	#222222
16910	#222222
16911	#222222
16912	#222222
16913	#222222
16914	#222222
16915	#232323
16916	#2A2A2A
16917	#252525
16918	#212121
16919	#222222
16920	#222222
16921	#222222
16922	#222222
16923	#222222
16924	#222222
16925	#222222
16926	#222222
16927	#222222
16928	#313131
16929	#444444
16930	#4B4B4B
16931	#4A4A4A
16932	#4E4E4E
16933	#505050
16934	#505050
16935	#505050
16936	#505050
16937	#505050
16938	#505050
16939	#505050
16940	#505050
16941	#505050
16942	#535353
16943	#515151
16944	#494949
16945	#3D3D3D
16946	#303030
16947	#252525
16948	#212121
16949	#222222
16950	#222222
16951	#222222
16952	#222222
16953	#222222
16954	#222222
16955	#222222
16956	#222222
16957	#222222
16958	#222222
16959	#222222
16960	#222222
16961	#222222
16962	#222222
16963	#222222
16964	#222222
16965	#222222
16966	#222222
16967	#222222
16968	#222222
16969	#222222
16970	#222222
16971	#222222
16972	#222222
16973	#222222
16974	#222222
16975	#222222
16976	#222222
16977	#222222
16978	#222222
16979	#222222
16980	#222222
16981	#222222
16982	#222222
16983	#222222
16984	#222222
16985	#222222
16986	#222222
16987	#222222
16988	#222222
16989	#222222
16990	#222222
16991	#222222
16992	#222222
16993	#222222
16994	#222222
16995	#222222
16996	#222222
16997	#222222
16998	#222222
16999	#222222
17000	#222222
17001	#222222
17002	#222222
17003	#222222
17004	#222222
17005	#222222
17006	#222222
17007	#222222
17008	#222222
17009	#222222
17010	#222222
17011	#222222
17012	#222222
17013	#222222
17014	#222222
17015	#222222
17016	#222222
17017	#222222
17018	#222222
17019	#222222
17020	#222222
17021	#222222
17022	#222222
17023	#222222
17024	#222222
17025	#222222
17026	#222222
17027	#222222
17028	#222222
17029	#222222
17030	#222222
17031	#222222
17032	#222222
17033	#222222
17034	#222222
17035	#222222
17036	#222222
17037	#222222
17038	#222222
17039	#222222
17040	#222222
17041	#222222
17042	#222222
17043	#222222
17044	#222222
17045	#222222
17046	#222222
17047	#222222
17048	#222222
17049	#222222
17050	#222222
17051	#222222
17052	#222222
17053	#222222
17054	#222222
17055	#222222
17056	#252525
17057	#232323
17058	#222222
17059	#222222
17060	#222222
17061	#222222
17062	#222222
17063	#222222
17064	#222222
17065	#222222
17066	#222222
17067	#252525
17068	#353535
17069	#464646
17070	#4C4C4C
17071	#4A4A4A
17072	#4E4E4E
17073	#505050
17074	#505050
17075	#505050
17076	#505050
17077	#505050
17078	#505050
17079	#505050
17080	#505050
17081	#505050
17082	#535353
17083	#515151
17084	#494949
17085	#3D3D3D
17086	#303030
17087	#252525
17088	#212121
17089	#222222
17090	#222222
17091	#222222
17092	#222222
17093	#222222
17094	#222222
17095	#222222
17096	#222222
17097	#222222
17098	#222222
17099	#222222
17100	#222222
17101	#222222
17102	#222222
17103	#222222
17104	#222222
17105	#222222
17106	#222222
17107	#222222
17108	#222222
17109	#222222
17110	#222222
17111	#222222
17112	#222222
17113	#222222
17114	#222222
17115	#222222
17116	#222222
17117	#222222
17118	#222222
17119	#222222
17120	#222222
17121	#222222
17122	#222222
17123	#222222
17124	#222222
17125	#222222
17126	#222222
17127	#222222
17128	#222222
17129	#222222
17130	#222222
17131	#222222
17132	#222222
17133	#222222
17134	#222222
17135	#222222
17136	#222222
17137	#222222
17138	#222222
17139	#222222
17140	#222222
17141	#222222
17142	#222222
17143	#222222
17144	#222222
17145	#222222
17146	#222222
17147	#222222
17148	#222222
17149	#222222
17150	#222222
17151	#222222
17152	#222222
17153	#222222
17154	#222222
17155	#222222
17156	#222222
17157	#222222
17158	#222222
17159	#222222
17160	#222222
17161	#222222
17162	#222222
17163	#222222
17164	#222222
17165	#222222
17166	#222222
17167	#222222
17168	#222222
17169	#222222
17170	#222222
17171	#222222
17172	#222222
17173	#222222
17174	#222222
17175	#222222
17176	#222222
17177	#222222
17178	#222222
17179	#222222
17180	#222222
17181	#222222
17182	#222222
17183	#222222
17184	#222222
17185	#222222
17186	#222222
17187	#222222
17188	#222222
17189	#222222
17190	#222222
17191	#222222
17192	#222222
17193	#222222
17194	#222222
17195	#222222
17196	#212121
17197	#222222
17198	#222222
17199	#222222
17200	#222222
17201	#222222
17202	#222222
17203	#222222
17204	#222222
17205	#222222
17206	#262626
17207	#2A2A2A
17208	#383838
17209	#474747
17210	#4C4C4C
17211	#4B4B4B
17212	#4F4F4F
17213	#515151
17214	#505050
17215	#505050
17216	#505050
17217	#505050
17218	#505050
17219	#505050
17220	#505050
17221	#505050
17222	#535353
17223	#505050
17224	#484848
17225	#3D3D3D
17226	#2F2F2F
17227	#252525
17228	#212121
17229	#222222
17230	#222222
17231	#222222
17232	#222222
17233	#222222
17234	#222222
17235	#222222
17236	#222222
17237	#222222
17238	#222222
17239	#222222
17240	#222222
17241	#222222
17242	#222222
17243	#222222
17244	#222222
17245	#222222
17246	#222222
17247	#222222
17248	#222222
17249	#222222
17250	#222222
17251	#222222
17252	#222222
17253	#222222
17254	#222222
17255	#222222
17256	#222222
17257	#222222
17258	#222222
17259	#222222
17260	#222222
17261	#222222
17262	#222222
17263	#222222
17264	#222222
17265	#222222
17266	#222222
17267	#222222
17268	#222222
17269	#222222
17270	#222222
17271	#222222
17272	#222222
17273	#222222
17274	#222222
17275	#222222
17276	#222222
17277	#222222
17278	#222222
17279	#222222
17280	#222222
17281	#222222
17282	#222222
17283	#222222
17284	#222222
17285	#222222
17286	#222222
17287	#222222
17288	#222222
17289	#222222
17290	#222222
17291	#222222
17292	#222222
17293	#222222
17294	#222222
17295	#222222
17296	#222222
17297	#222222
17298	#222222
17299	#222222
17300	#222222
17301	#222222
17302	#222222
17303	#222222
17304	#222222
17305	#222222
17306	#222222
17307	#222222
17308	#222222
17309	#222222
17310	#222222
17311	#222222
17312	#222222
17313	#222222
17314	#222222
17315	#222222
17316	#222222
17317	#222222
17318	#222222
17319	#222222
17320	#222222
17321	#222222
17322	#222222
17323	#222222
17324	#222222
17325	#222222
17326	#222222
17327	#222222
17328	#222222
17329	#222222
17330	#222222
17331	#222222
17332	#222222
17333	#222222
17334	#222222
17335	#222222
17336	#222222
17337	#222222
17338	#222222
17339	#222222
17340	#222222
17341	#222222
17342	#222222
17343	#222222
17344	#222222
17345	#232323
17346	#2D2D2D
17347	#2F2F2F
17348	#393939
17349	#484848
17350	#4C4C4C
17351	#4C4C4C
17352	#4F4F4F
17353	#515151
17354	#505050
17355	#505050
17356	#505050
17357	#505050
17358	#505050
17359	#505050
17360	#505050
17361	#505050
17362	#535353
17363	#515151
17364	#494949
17365	#3E3E3E
17366	#2D2D2D
17367	#232323
17368	#212121
17369	#222222
17370	#222222
17371	#222222
17372	#222222
17373	#222222
17374	#222222
17375	#222222
17376	#222222
17377	#222222
17378	#222222
17379	#222222
17380	#222222
17381	#222222
17382	#222222
17383	#222222
17384	#222222
17385	#222222
17386	#222222
17387	#222222
17388	#222222
17389	#222222
17390	#222222
17391	#222222
17392	#222222
17393	#222222
17394	#222222
17395	#222222
17396	#222222
17397	#222222
17398	#222222
17399	#222222
17400	#222222
17401	#222222
17402	#222222
17403	#222222
17404	#222222
17405	#222222
17406	#222222
17407	#222222
17408	#222222
17409	#222222
17410	#222222
17411	#222222
17412	#222222
17413	#222222
17414	#222222
17415	#222222
17416	#222222
17417	#222222
17418	#222222
17419	#222222
17420	#222222
17421	#222222
17422	#222222
17423	#222222
17424	#222222
17425	#222222
17426	#222222
17427	#222222
17428	#222222
17429	#222222
17430	#222222
17431	#222222
17432	#222222
17433	#222222
17434	#222222
17435	#222222
17436	#222222
17437	#222222
17438	#222222
17439	#222222
17440	#222222
17441	#222222
17442	#222222
17443	#222222
17444	#222222
17445	#222222
17446	#222222
17447	#222222
17448	#222222
17449	#222222
17450	#222222
17451	#222222
17452	#222222
17453	#222222
17454	#222222
17455	#222222
17456	#222222
17457	#222222
17458	#222222
17459	#222222
17460	#222222
17461	#222222
17462	#222222
17463	#222222
17464	#222222
17465	#222222
17466	#222222
17467	#222222
17468	#222222
17469	#222222
17470	#222222
17471	#222222
17472	#222222
17473	#222222
17474	#222222
17475	#222222
17476	#222222
17477	#222222
17478	#222222
17479	#222222
17480	#222222
17481	#222222
17482	#222222
17483	#222222
17484	#212121
17485	#242424
17486	#323232
17487	#323232
17488	#3C3C3C
17489	#484848
17490	#4B4B4B
17491	#4C4C4C
17492	#4F4F4F
17493	#505050
17494	#505050
17495	#505050
17496	#505050
17497	#505050
17498	#505050
17499	#505050
17500	#505050
17501	#4D4D4D
17502	#545454
17503	#525252
17504	#494949
17505	#3E3E3E
17506	#2D2D2D
17507	#232323
17508	#212121
17509	#222222
17510	#222222
17511	#222222
17512	#222222
17513	#222222
17514	#222222
17515	#222222
17516	#222222
17517	#222222
17518	#222222
17519	#222222
17520	#222222
17521	#222222
17522	#222222
17523	#222222
17524	#222222
17525	#222222
17526	#222222
17527	#222222
17528	#222222
17529	#222222
17530	#222222
17531	#222222
17532	#222222
17533	#222222
17534	#222222
17535	#222222
17536	#222222
17537	#222222
17538	#222222
17539	#222222
17540	#222222
17541	#222222
17542	#222222
17543	#222222
17544	#222222
17545	#222222
17546	#222222
17547	#222222
17548	#222222
17549	#222222
17550	#222222
17551	#222222
17552	#222222
17553	#222222
17554	#222222
17555	#222222
17556	#222222
17557	#222222
17558	#222222
17559	#222222
17560	#222222
17561	#222222
17562	#222222
17563	#222222
17564	#222222
17565	#222222
17566	#222222
17567	#222222
17568	#222222
17569	#222222
17570	#222222
17571	#222222
17572	#222222
17573	#222222
17574	#222222
17575	#222222
17576	#222222
17577	#222222
17578	#222222
17579	#222222
17580	#222222
17581	#222222
17582	#222222
17583	#222222
17584	#222222
17585	#222222
17586	#222222
17587	#222222
17588	#222222
17589	#222222
17590	#222222
17591	#222222
17592	#222222
17593	#222222
17594	#222222
17595	#222222
17596	#222222
17597	#222222
17598	#222222
17599	#222222
17600	#222222
17601	#222222
17602	#222222
17603	#222222
17604	#222222
17605	#222222
17606	#222222
17607	#222222
17608	#222222
17609	#222222
17610	#222222
17611	#222222
17612	#222222
17613	#222222
17614	#222222
17615	#222222
17616	#222222
17617	#242424
17618	#222222
17619	#212121
17620	#222222
17621	#222222
17622	#222222
17623	#222222
17624	#202020
17625	#252525
17626	#373737
17627	#363636
17628	#3D3D3D
17629	#494949
17630	#4B4B4B
17631	#4D4D4D
17632	#4F4F4F
17633	#505050
17634	#505050
17635	#505050
17636	#505050
17637	#505050
17638	#515151
17639	#505050
17640	#4E4E4E
17641	#4B4B4B
17642	#505050
17643	#505050
17644	#4A4A4A
17645	#3E3E3E
17646	#2D2D2D
17647	#232323
17648	#212121
17649	#222222
17650	#222222
17651	#222222
17652	#222222
17653	#222222
17654	#222222
17655	#222222
17656	#222222
17657	#222222
17658	#222222
17659	#222222
17660	#222222
17661	#222222
17662	#222222
17663	#222222
17664	#222222
17665	#222222
17666	#222222
17667	#222222
17668	#222222
17669	#222222
17670	#222222
17671	#222222
17672	#222222
17673	#222222
17674	#222222
17675	#222222
17676	#222222
17677	#222222
17678	#222222
17679	#222222
17680	#222222
17681	#222222
17682	#222222
17683	#222222
17684	#222222
17685	#222222
17686	#222222
17687	#222222
17688	#222222
17689	#222222
17690	#222222
17691	#222222
17692	#222222
17693	#222222
17694	#222222
17695	#222222
17696	#222222
17697	#222222
17698	#222222
17699	#222222
17700	#222222
17701	#222222
17702	#222222
17703	#222222
17704	#222222
17705	#222222
17706	#222222
17707	#222222
17708	#222222
17709	#222222
17710	#222222
17711	#222222
17712	#222222
17713	#222222
17714	#222222
17715	#222222
17716	#222222
17717	#222222
17718	#222222
17719	#222222
17720	#222222
17721	#222222
17722	#222222
17723	#222222
17724	#222222
17725	#222222
17726	#222222
17727	#222222
17728	#222222
17729	#222222
17730	#222222
17731	#222222
17732	#222222
17733	#222222
17734	#222222
17735	#222222
17736	#222222
17737	#222222
17738	#222222
17739	#222222
17740	#222222
17741	#222222
17742	#222222
17743	#222222
17744	#222222
17745	#222222
17746	#222222
17747	#222222
17748	#222222
17749	#222222
17750	#222222
17751	#222222
17752	#222222
17753	#222222
17754	#222222
17755	#222222
17756	#222222
17757	#232323
17758	#212121
17759	#202020
17760	#222222
17761	#222222
17762	#222222
17763	#222222
17764	#202020
17765	#262626
17766	#393939
17767	#3A3A3A
17768	#404040
17769	#4A4A4A
17770	#4B4B4B
17771	#4E4E4E
17772	#505050
17773	#505050
17774	#505050
17775	#505050
17776	#505050
17777	#505050
17778	#525252
17779	#4D4D4D
17780	#434343
17781	#545454
17782	#545454
17783	#515151
17784	#4A4A4A
17785	#3E3E3E
17786	#2D2D2D
17787	#232323
17788	#212121
17789	#222222
17790	#222222
17791	#222222
17792	#222222
17793	#222222
17794	#222222
17795	#222222
17796	#222222
17797	#222222
17798	#222222
17799	#222222
17800	#222222
17801	#222222
17802	#222222
17803	#222222
17804	#222222
17805	#222222
17806	#222222
17807	#222222
17808	#222222
17809	#222222
17810	#222222
17811	#222222
17812	#222222
17813	#222222
17814	#222222
17815	#222222
17816	#222222
17817	#222222
17818	#222222
17819	#222222
17820	#222222
17821	#222222
17822	#222222
17823	#222222
17824	#222222
17825	#222222
17826	#222222
17827	#222222
17828	#222222
17829	#222222
17830	#222222
17831	#222222
17832	#222222
17833	#222222
17834	#222222
17835	#222222
17836	#222222
17837	#222222
17838	#222222
17839	#222222
17840	#222222
17841	#222222
17842	#222222
17843	#222222
17844	#222222
17845	#222222
17846	#222222
17847	#222222
17848	#222222
17849	#222222
17850	#222222
17851	#222222
17852	#222222
17853	#222222
17854	#222222
17855	#222222
17856	#222222
17857	#222222
17858	#222222
17859	#222222
17860	#222222
17861	#222222
17862	#222222
17863	#222222
17864	#222222
17865	#222222
17866	#222222
17867	#222222
17868	#222222
17869	#222222
17870	#222222
17871	#222222
17872	#222222
17873	#222222
17874	#222222
17875	#222222
17876	#222222
17877	#222222
17878	#222222
17879	#222222
17880	#222222
17881	#222222
17882	#222222
17883	#222222
17884	#222222
17885	#222222
17886	#222222
17887	#222222
17888	#222222
17889	#222222
17890	#222222
17891	#222222
17892	#222222
17893	#222222
17894	#222222
17895	#222222
17896	#222222
17897	#202020
17898	#313131
17899	#363636
17900	#222222
17901	#212121
17902	#222222
17903	#222222
17904	#202020
17905	#262626
17906	#3D3D3D
17907	#3D3D3D
17908	#414141
17909	#4A4A4A
17910	#4B4B4B
17911	#4F4F4F
17912	#505050
17913	#505050
17914	#505050
17915	#505050
17916	#505050
17917	#505050
17918	#545454
17919	#4D4D4D
17920	#3D3D3D
17921	#595959
17922	#565656
17923	#515151
17924	#494949
17925	#3D3D3D
17926	#2B2B2B
17927	#232323
17928	#212121
17929	#222222
17930	#222222
17931	#222222
17932	#222222
17933	#222222
17934	#222222
17935	#222222
17936	#222222
17937	#222222
17938	#222222
17939	#222222
17940	#222222
17941	#222222
17942	#222222
17943	#222222
17944	#222222
17945	#222222
17946	#222222
17947	#222222
17948	#222222
17949	#222222
17950	#222222
17951	#222222
17952	#222222
17953	#222222
17954	#222222
17955	#222222
17956	#222222
17957	#222222
17958	#222222
17959	#222222
17960	#222222
17961	#222222
17962	#222222
17963	#222222
17964	#222222
17965	#222222
17966	#222222
17967	#222222
17968	#222222
17969	#222222
17970	#222222
17971	#222222
17972	#222222
17973	#222222
17974	#222222
17975	#222222
17976	#222222
17977	#222222
17978	#222222
17979	#222222
17980	#222222
17981	#222222
17982	#222222
17983	#222222
17984	#222222
17985	#222222
17986	#222222
17987	#222222
17988	#222222
17989	#222222
17990	#222222
17991	#222222
17992	#222222
17993	#222222
17994	#222222
17995	#222222
17996	#222222
17997	#222222
17998	#222222
17999	#222222
18000	#222222
18001	#222222
18002	#222222
18003	#222222
18004	#222222
18005	#222222
18006	#222222
18007	#222222
18008	#222222
18009	#222222
18010	#222222
18011	#222222
18012	#222222
18013	#222222
18014	#222222
18015	#222222
18016	#222222
18017	#222222
18018	#222222
18019	#222222
18020	#222222
18021	#222222
18022	#222222
18023	#222222
18024	#222222
18025	#222222
18026	#222222
18027	#222222
18028	#222222
18029	#222222
18030	#222222
18031	#222222
18032	#222222
18033	#222222
18034	#222222
18035	#222222
18036	#212121
18037	#202020
18038	#3D3D3D
18039	#474747
18040	#252525
18041	#212121
18042	#222222
18043	#222222
18044	#202020
18045	#272727
18046	#414141
18047	#3F3F3F
18048	#414141
18049	#4A4A4A
18050	#4C4C4C
18051	#4F4F4F
18052	#505050
18053	#505050
18054	#505050
18055	#505050
18056	#505050
18057	#505050
18058	#535353
18059	#4F4F4F
18060	#424242
18061	#515151
18062	#515151
18063	#4E4E4E
18064	#494949
18065	#3C3C3C
18066	#282828
18067	#222222
18068	#222222
18069	#222222
18070	#222222
18071	#222222
18072	#222222
18073	#222222
18074	#222222
18075	#222222
18076	#222222
18077	#222222
18078	#222222
18079	#222222
18080	#222222
18081	#222222
18082	#222222
18083	#222222
18084	#222222
18085	#222222
18086	#222222
18087	#222222
18088	#222222
18089	#222222
18090	#222222
18091	#222222
18092	#222222
18093	#222222
18094	#222222
18095	#222222
18096	#222222
18097	#222222
18098	#222222
18099	#222222
18100	#222222
18101	#222222
18102	#222222
18103	#222222
18104	#222222
18105	#222222
18106	#222222
18107	#222222
18108	#222222
18109	#222222
18110	#222222
18111	#222222
18112	#222222
18113	#222222
18114	#222222
18115	#222222
18116	#222222
18117	#222222
18118	#222222
18119	#222222
18120	#222222
18121	#222222
18122	#222222
18123	#222222
18124	#222222
18125	#222222
18126	#222222
18127	#222222
18128	#222222
18129	#222222
18130	#222222
18131	#222222
18132	#222222
18133	#222222
18134	#222222
18135	#222222
18136	#222222
18137	#222222
18138	#222222
18139	#222222
18140	#222222
18141	#222222
18142	#222222
18143	#222222
18144	#222222
18145	#222222
18146	#222222
18147	#222222
18148	#222222
18149	#222222
18150	#222222
18151	#222222
18152	#222222
18153	#222222
18154	#222222
18155	#222222
18156	#222222
18157	#222222
18158	#222222
18159	#222222
18160	#222222
18161	#222222
18162	#222222
18163	#222222
18164	#222222
18165	#222222
18166	#222222
18167	#222222
18168	#222222
18169	#222222
18170	#222222
18171	#222222
18172	#222222
18173	#222222
18174	#222222
18175	#222222
18176	#222222
18177	#212121
18178	#2F2F2F
18179	#3A3A3A
18180	#2F2F2F
18181	#232323
18182	#212121
18183	#222222
18184	#202020
18185	#272727
18186	#434343
18187	#414141
18188	#414141
18189	#4A4A4A
18190	#4D4D4D
18191	#505050
18192	#505050
18193	#505050
18194	#505050
18195	#505050
18196	#505050
18197	#505050
18198	#535353
18199	#525252
18200	#4B4B4B
18201	#505050
18202	#525252
18203	#505050
18204	#494949
18205	#3C3C3C
18206	#282828
18207	#222222
18208	#222222
18209	#222222
18210	#222222
18211	#222222
18212	#222222
18213	#222222
18214	#222222
18215	#222222
18216	#222222
18217	#222222
18218	#222222
18219	#222222
18220	#222222
18221	#222222
18222	#222222
18223	#222222
18224	#222222
18225	#222222
18226	#222222
18227	#222222
18228	#222222
18229	#222222
18230	#222222
18231	#222222
18232	#222222
18233	#222222
18234	#222222
18235	#222222
18236	#222222
18237	#222222
18238	#222222
18239	#222222
18240	#222222
18241	#222222
18242	#222222
18243	#222222
18244	#222222
18245	#222222
18246	#222222
18247	#222222
18248	#222222
18249	#222222
18250	#222222
18251	#222222
18252	#222222
18253	#222222
18254	#222222
18255	#222222
18256	#222222
18257	#222222
18258	#222222
18259	#222222
18260	#222222
18261	#222222
18262	#222222
18263	#222222
18264	#222222
18265	#222222
18266	#222222
18267	#222222
18268	#222222
18269	#222222
18270	#222222
18271	#222222
18272	#222222
18273	#222222
18274	#222222
18275	#222222
18276	#222222
18277	#222222
18278	#222222
18279	#222222
18280	#222222
18281	#222222
18282	#222222
18283	#222222
18284	#222222
18285	#222222
18286	#222222
18287	#222222
18288	#222222
18289	#222222
18290	#222222
18291	#222222
18292	#222222
18293	#222222
18294	#222222
18295	#222222
18296	#222222
18297	#222222
18298	#222222
18299	#222222
18300	#222222
18301	#222222
18302	#222222
18303	#222222
18304	#222222
18305	#222222
18306	#222222
18307	#222222
18308	#222222
18309	#222222
18310	#222222
18311	#222222
18312	#222222
18313	#222222
18314	#222222
18315	#222222
18316	#222222
18317	#222222
18318	#222222
18319	#2E2E2E
18320	#3B3B3B
18321	#262626
18322	#202020
18323	#222222
18324	#202020
18325	#282828
18326	#474747
18327	#414141
18328	#404040
18329	#4B4B4B
18330	#4D4D4D
18331	#505050
18332	#505050
18333	#505050
18334	#505050
18335	#505050
18336	#505050
18337	#505050
18338	#515151
18339	#515151
18340	#4F4F4F
18341	#505050
18342	#535353
18343	#515151
18344	#4A4A4A
18345	#3C3C3C
18346	#282828
18347	#222222
18348	#222222
18349	#222222
18350	#222222
18351	#222222
18352	#222222
18353	#222222
18354	#222222
18355	#222222
18356	#222222
18357	#222222
18358	#222222
18359	#222222
18360	#222222
18361	#222222
18362	#222222
18363	#222222
18364	#222222
18365	#222222
18366	#222222
18367	#222222
18368	#222222
18369	#222222
18370	#222222
18371	#222222
18372	#222222
18373	#222222
18374	#222222
18375	#222222
18376	#222222
18377	#222222
18378	#222222
18379	#222222
18380	#222222
18381	#222222
18382	#222222
18383	#222222
18384	#222222
18385	#222222
18386	#222222
18387	#222222
18388	#222222
18389	#222222
18390	#222222
18391	#222222
18392	#222222
18393	#222222
18394	#222222
18395	#222222
18396	#222222
18397	#222222
18398	#222222
18399	#222222
18400	#222222
18401	#222222
18402	#222222
18403	#222222
18404	#222222
18405	#222222
18406	#222222
18407	#222222
18408	#222222
18409	#222222
18410	#222222
18411	#222222
18412	#222222
18413	#222222
18414	#222222
18415	#222222
18416	#222222
18417	#222222
18418	#222222
18419	#222222
18420	#222222
18421	#222222
18422	#222222
18423	#222222
18424	#222222
18425	#222222
18426	#222222
18427	#222222
18428	#222222
18429	#222222
18430	#222222
18431	#222222
18432	#222222
18433	#222222
18434	#222222
18435	#222222
18436	#222222
18437	#222222
18438	#222222
18439	#222222
18440	#222222
18441	#222222
18442	#222222
18443	#222222
18444	#222222
18445	#222222
18446	#222222
18447	#222222
18448	#222222
18449	#222222
18450	#222222
18451	#222222
18452	#222222
18453	#222222
18454	#222222
18455	#222222
18456	#222222
18457	#222222
18458	#202020
18459	#292929
18460	#363636
18461	#262626
18462	#212121
18463	#222222
18464	#202020
18465	#282828
18466	#494949
18467	#414141
18468	#404040
18469	#4B4B4B
18470	#4C4C4C
18471	#505050
18472	#505050
18473	#505050
18474	#505050
18475	#505050
18476	#505050
18477	#505050
18478	#505050
18479	#505050
18480	#505050
18481	#505050
18482	#535353
18483	#515151
18484	#4A4A4A
18485	#3C3C3C
18486	#282828
18487	#232323
18488	#232323
18489	#222222
18490	#222222
18491	#222222
18492	#222222
18493	#222222
18494	#222222
18495	#222222
18496	#222222
18497	#222222
18498	#222222
18499	#222222
18500	#222222
18501	#222222
18502	#222222
18503	#222222
18504	#222222
18505	#222222
18506	#222222
18507	#222222
18508	#222222
18509	#222222
18510	#222222
18511	#222222
18512	#222222
18513	#222222
18514	#222222
18515	#222222
18516	#222222
18517	#222222
18518	#222222
18519	#222222
18520	#222222
18521	#222222
18522	#222222
18523	#222222
18524	#222222
18525	#222222
18526	#222222
18527	#222222
18528	#222222
18529	#222222
18530	#222222
18531	#222222
18532	#222222
18533	#222222
18534	#222222
18535	#222222
18536	#222222
18537	#222222
18538	#222222
18539	#222222
18540	#222222
18541	#222222
18542	#222222
18543	#222222
18544	#222222
18545	#222222
18546	#222222
18547	#222222
18548	#222222
18549	#222222
18550	#222222
18551	#222222
18552	#222222
18553	#222222
18554	#222222
18555	#222222
18556	#222222
18557	#222222
18558	#222222
18559	#222222
18560	#222222
18561	#222222
18562	#222222
18563	#222222
18564	#222222
18565	#222222
18566	#222222
18567	#222222
18568	#222222
18569	#222222
18570	#222222
18571	#222222
18572	#222222
18573	#222222
18574	#222222
18575	#222222
18576	#222222
18577	#222222
18578	#222222
18579	#222222
18580	#222222
18581	#222222
18582	#222222
18583	#222222
18584	#222222
18585	#222222
18586	#222222
18587	#222222
18588	#222222
18589	#222222
18590	#222222
18591	#222222
18592	#222222
18593	#222222
18594	#222222
18595	#222222
18596	#222222
18597	#222222
18598	#222222
18599	#252525
18600	#2A2A2A
18601	#282828
18602	#242424
18603	#212121
18604	#202020
18605	#282828
18606	#484848
18607	#414141
18608	#404040
18609	#4B4B4B
18610	#4C4C4C
18611	#505050
18612	#505050
18613	#505050
18614	#505050
18615	#505050
18616	#505050
18617	#505050
18618	#505050
18619	#505050
18620	#505050
18621	#505050
18622	#535353
18623	#515151
18624	#494949
18625	#3B3B3B
18626	#262626
18627	#262626
18628	#252525
18629	#222222
18630	#222222
18631	#222222
18632	#222222
18633	#222222
18634	#222222
18635	#222222
18636	#222222
18637	#222222
18638	#222222
18639	#222222
18640	#222222
18641	#222222
18642	#222222
18643	#222222
18644	#222222
18645	#222222
18646	#222222
18647	#222222
18648	#222222
18649	#222222
18650	#222222
18651	#222222
18652	#222222
18653	#222222
18654	#222222
18655	#222222
18656	#222222
18657	#222222
18658	#222222
18659	#222222
18660	#222222
18661	#222222
18662	#222222
18663	#222222
18664	#222222
18665	#222222
18666	#222222
18667	#222222
18668	#222222
18669	#222222
18670	#222222
18671	#222222
18672	#222222
18673	#222222
18674	#222222
18675	#222222
18676	#222222
18677	#222222
18678	#222222
18679	#222222
18680	#222222
18681	#222222
18682	#222222
18683	#222222
18684	#222222
18685	#222222
18686	#222222
18687	#222222
18688	#222222
18689	#222222
18690	#222222
18691	#222222
18692	#222222
18693	#222222
18694	#222222
18695	#222222
18696	#222222
18697	#222222
18698	#222222
18699	#222222
18700	#222222
18701	#222222
18702	#222222
18703	#222222
18704	#222222
18705	#222222
18706	#222222
18707	#222222
18708	#222222
18709	#222222
18710	#222222
18711	#222222
18712	#222222
18713	#222222
18714	#222222
18715	#222222
18716	#222222
18717	#222222
18718	#222222
18719	#222222
18720	#222222
18721	#222222
18722	#222222
18723	#222222
18724	#222222
18725	#222222
18726	#222222
18727	#222222
18728	#222222
18729	#222222
18730	#222222
18731	#222222
18732	#222222
18733	#222222
18734	#222222
18735	#222222
18736	#222222
18737	#222222
18738	#222222
18739	#212121
18740	#222222
18741	#272727
18742	#242424
18743	#212121
18744	#202020
18745	#282828
18746	#494949
18747	#424242
18748	#404040
18749	#4A4A4A
18750	#4B4B4B
18751	#505050
18752	#505050
18753	#505050
18754	#505050
18755	#505050
18756	#505050
18757	#505050
18758	#505050
18759	#505050
18760	#505050
18761	#505050
18762	#535353
18763	#515151
18764	#4A4A4A
18765	#3B3B3B
18766	#252525
18767	#262626
18768	#262626
18769	#212121
18770	#222222
18771	#222222
18772	#222222
18773	#222222
18774	#222222
18775	#222222
18776	#222222
18777	#222222
18778	#222222
18779	#222222
18780	#222222
18781	#222222
18782	#222222
18783	#222222
18784	#222222
18785	#222222
18786	#222222
18787	#222222
18788	#222222
18789	#222222
18790	#222222
18791	#222222
18792	#222222
18793	#222222
18794	#222222
18795	#222222
18796	#222222
18797	#222222
18798	#222222
18799	#222222
18800	#222222
18801	#222222
18802	#222222
18803	#222222
18804	#222222
18805	#222222
18806	#222222
18807	#222222
18808	#222222
18809	#222222
18810	#222222
18811	#222222
18812	#222222
18813	#222222
18814	#222222
18815	#222222
18816	#222222
18817	#222222
18818	#222222
18819	#222222
18820	#222222
18821	#222222
18822	#222222
18823	#222222
18824	#222222
18825	#222222
18826	#222222
18827	#222222
18828	#222222
18829	#222222
18830	#222222
18831	#222222
18832	#222222
18833	#222222
18834	#222222
18835	#222222
18836	#222222
18837	#222222
18838	#222222
18839	#222222
18840	#222222
18841	#222222
18842	#222222
18843	#222222
18844	#222222
18845	#222222
18846	#222222
18847	#222222
18848	#222222
18849	#222222
18850	#222222
18851	#222222
18852	#222222
18853	#222222
18854	#222222
18855	#222222
18856	#222222
18857	#222222
18858	#222222
18859	#222222
18860	#222222
18861	#222222
18862	#222222
18863	#222222
18864	#222222
18865	#222222
18866	#222222
18867	#222222
18868	#222222
18869	#222222
18870	#222222
18871	#222222
18872	#222222
18873	#222222
18874	#222222
18875	#222222
18876	#222222
18877	#222222
18878	#222222
18879	#222222
18880	#222222
18881	#222222
18882	#222222
18883	#222222
18884	#202020
18885	#282828
18886	#4C4C4C
18887	#454545
18888	#414141
18889	#4A4A4A
18890	#4A4A4A
18891	#505050
18892	#505050
18893	#505050
18894	#505050
18895	#505050
18896	#505050
18897	#505050
18898	#505050
18899	#505050
18900	#505050
18901	#505050
18902	#535353
18903	#505050
18904	#484848
18905	#3A3A3A
18906	#252525
18907	#212121
18908	#232323
18909	#222222
18910	#222222
18911	#222222
18912	#222222
18913	#222222
18914	#222222
18915	#222222
18916	#222222
18917	#222222
18918	#222222
18919	#222222
18920	#222222
18921	#222222
18922	#222222
18923	#222222
18924	#222222
18925	#222222
18926	#222222
18927	#222222
18928	#222222
18929	#222222
18930	#222222
18931	#222222
18932	#222222
18933	#222222
18934	#222222
18935	#222222
18936	#222222
18937	#222222
18938	#222222
18939	#222222
18940	#222222
18941	#222222
18942	#222222
18943	#222222
18944	#222222
18945	#222222
18946	#222222
18947	#222222
18948	#222222
18949	#222222
18950	#222222
18951	#222222
18952	#222222
18953	#222222
18954	#222222
18955	#222222
18956	#222222
18957	#222222
18958	#222222
18959	#222222
18960	#222222
18961	#222222
18962	#222222
18963	#222222
18964	#222222
18965	#222222
18966	#222222
18967	#222222
18968	#222222
18969	#222222
18970	#222222
18971	#222222
18972	#222222
18973	#222222
18974	#222222
18975	#222222
18976	#222222
18977	#222222
18978	#222222
18979	#222222
18980	#222222
18981	#222222
18982	#222222
18983	#222222
18984	#222222
18985	#222222
18986	#222222
18987	#222222
18988	#222222
18989	#222222
18990	#222222
18991	#222222
18992	#222222
18993	#222222
18994	#222222
18995	#222222
18996	#222222
18997	#222222
18998	#222222
18999	#222222
19000	#222222
19001	#222222
19002	#222222
19003	#222222
19004	#222222
19005	#222222
19006	#222222
19007	#222222
19008	#222222
19009	#222222
19010	#222222
19011	#222222
19012	#222222
19013	#222222
19014	#222222
19015	#222222
19016	#222222
19017	#222222
19018	#222222
19019	#222222
19020	#222222
19021	#222222
19022	#222222
19023	#222222
19024	#202020
19025	#282828
19026	#4C4C4C
19027	#464646
19028	#424242
19029	#4A4A4A
19030	#4C4C4C
19031	#505050
19032	#505050
19033	#505050
19034	#505050
19035	#505050
19036	#505050
19037	#505050
19038	#505050
19039	#505050
19040	#505050
19041	#4D4D4D
19042	#545454
19043	#525252
19044	#484848
19045	#3C3C3C
19046	#292929
19047	#222222
19048	#222222
19049	#222222
19050	#222222
19051	#222222
19052	#222222
19053	#222222
19054	#222222
19055	#222222
19056	#222222
19057	#222222
19058	#222222
19059	#222222
19060	#222222
19061	#222222
19062	#222222
19063	#222222
19064	#222222
19065	#222222
19066	#222222
19067	#222222
19068	#222222
19069	#222222
19070	#222222
19071	#222222
19072	#222222
19073	#222222
19074	#222222
19075	#222222
19076	#222222
19077	#222222
19078	#222222
19079	#222222
19080	#222222
19081	#222222
19082	#222222
19083	#222222
19084	#222222
19085	#222222
19086	#222222
19087	#222222
19088	#222222
19089	#222222
19090	#222222
19091	#222222
19092	#222222
19093	#222222
19094	#222222
19095	#222222
19096	#222222
19097	#222222
19098	#222222
19099	#222222
19100	#222222
19101	#222222
19102	#222222
19103	#222222
19104	#222222
19105	#222222
19106	#222222
19107	#222222
19108	#222222
19109	#222222
19110	#222222
19111	#222222
19112	#222222
19113	#222222
19114	#222222
19115	#222222
19116	#222222
19117	#222222
19118	#222222
19119	#222222
19120	#222222
19121	#222222
19122	#222222
19123	#222222
19124	#222222
19125	#222222
19126	#222222
19127	#222222
19128	#222222
19129	#222222
19130	#222222
19131	#222222
19132	#222222
19133	#222222
19134	#222222
19135	#222222
19136	#222222
19137	#222222
19138	#222222
19139	#222222
19140	#222222
19141	#222222
19142	#222222
19143	#222222
19144	#222222
19145	#222222
19146	#222222
19147	#222222
19148	#222222
19149	#222222
19150	#222222
19151	#222222
19152	#222222
19153	#222222
19154	#222222
19155	#222222
19156	#222222
19157	#222222
19158	#222222
19159	#222222
19160	#222222
19161	#222222
19162	#222222
19163	#222222
19164	#1F1F1F
19165	#292929
19166	#505050
19167	#484848
19168	#424242
19169	#4A4A4A
19170	#4D4D4D
19171	#4F4F4F
19172	#505050
19173	#505050
19174	#505050
19175	#505050
19176	#505050
19177	#505050
19178	#505050
19179	#4E4E4E
19180	#4B4B4B
19181	#4E4E4E
19182	#535353
19183	#515151
19184	#474747
19185	#3B3B3B
19186	#2C2C2C
19187	#232323
19188	#222222
19189	#222222
19190	#222222
19191	#222222
19192	#222222
19193	#222222
19194	#222222
19195	#222222
19196	#222222
19197	#222222
19198	#222222
19199	#222222
19200	#222222
19201	#222222
19202	#222222
19203	#222222
19204	#222222
19205	#222222
19206	#222222
19207	#222222
19208	#222222
19209	#222222
19210	#222222
19211	#222222
19212	#222222
19213	#222222
19214	#222222
19215	#222222
19216	#222222
19217	#222222
19218	#222222
19219	#222222
19220	#222222
19221	#222222
19222	#222222
19223	#222222
19224	#222222
19225	#222222
19226	#222222
19227	#222222
19228	#222222
19229	#222222
19230	#222222
19231	#222222
19232	#222222
19233	#222222
19234	#222222
19235	#222222
19236	#222222
19237	#222222
19238	#222222
19239	#222222
19240	#222222
19241	#222222
19242	#222222
19243	#222222
19244	#222222
19245	#222222
19246	#222222
19247	#222222
19248	#222222
19249	#222222
19250	#222222
19251	#222222
19252	#222222
19253	#222222
19254	#222222
19255	#222222
19256	#222222
19257	#222222
19258	#222222
19259	#222222
19260	#222222
19261	#222222
19262	#222222
19263	#222222
19264	#222222
19265	#222222
19266	#222222
19267	#222222
19268	#222222
19269	#222222
19270	#222222
19271	#222222
19272	#222222
19273	#222222
19274	#222222
19275	#222222
19276	#222222
19277	#222222
19278	#222222
19279	#222222
19280	#222222
19281	#222222
19282	#222222
19283	#222222
19284	#222222
19285	#222222
19286	#222222
19287	#222222
19288	#222222
19289	#222222
19290	#222222
19291	#222222
19292	#222222
19293	#222222
19294	#222222
19295	#222222
19296	#222222
19297	#222222
19298	#222222
19299	#222222
19300	#222222
19301	#222222
19302	#222222
19303	#222222
19304	#1F1F1F
19305	#2A2A2A
19306	#545454
19307	#4B4B4B
19308	#434343
19309	#4A4A4A
19310	#4D4D4D
19311	#4F4F4F
19312	#505050
19313	#505050
19314	#505050
19315	#505050
19316	#505050
19317	#505050
19318	#535353
19319	#4D4D4D
19320	#434343
19321	#535353
19322	#545454
19323	#505050
19324	#474747
19325	#3D3D3D
19326	#303030
19327	#252525
19328	#212121
19329	#222222
19330	#222222
19331	#222222
19332	#222222
19333	#222222
19334	#222222
19335	#222222
19336	#222222
19337	#222222
19338	#222222
19339	#222222
19340	#222222
19341	#222222
19342	#222222
19343	#222222
19344	#222222
19345	#222222
19346	#222222
19347	#222222
19348	#222222
19349	#222222
19350	#222222
19351	#222222
19352	#222222
19353	#222222
19354	#222222
19355	#222222
19356	#222222
19357	#222222
19358	#222222
19359	#222222
19360	#222222
19361	#222222
19362	#222222
19363	#222222
19364	#222222
19365	#222222
19366	#222222
19367	#222222
19368	#222222
19369	#222222
19370	#222222
19371	#222222
19372	#222222
19373	#222222
19374	#222222
19375	#222222
19376	#222222
19377	#222222
19378	#222222
19379	#222222
19380	#222222
19381	#222222
19382	#222222
19383	#222222
19384	#222222
19385	#222222
19386	#222222
19387	#222222
19388	#222222
19389	#222222
19390	#222222
19391	#222222
19392	#222222
19393	#222222
19394	#222222
19395	#222222
19396	#222222
19397	#222222
19398	#222222
19399	#222222
19400	#222222
19401	#222222
19402	#222222
19403	#222222
19404	#222222
19405	#222222
19406	#222222
19407	#222222
19408	#222222
19409	#222222
19410	#222222
19411	#222222
19412	#222222
19413	#222222
19414	#222222
19415	#222222
19416	#222222
19417	#222222
19418	#222222
19419	#222222
19420	#222222
19421	#222222
19422	#222222
19423	#222222
19424	#222222
19425	#222222
19426	#222222
19427	#222222
19428	#222222
19429	#222222
19430	#222222
19431	#222222
19432	#222222
19433	#222222
19434	#222222
19435	#222222
19436	#222222
19437	#222222
19438	#222222
19439	#222222
19440	#222222
19441	#222222
19442	#222222
19443	#222222
19444	#1F1F1F
19445	#292929
19446	#505050
19447	#494949
19448	#424242
19449	#494949
19450	#4D4D4D
19451	#4F4F4F
19452	#505050
19453	#505050
19454	#505050
19455	#505050
19456	#505050
19457	#505050
19458	#555555
19459	#4F4F4F
19460	#3E3E3E
19461	#565656
19462	#575757
19463	#515151
19464	#484848
19465	#404040
19466	#383838
19467	#282828
19468	#212121
19469	#222222
19470	#222222
19471	#222222
19472	#222222
19473	#222222
19474	#222222
19475	#222222
19476	#222222
19477	#222222
19478	#222222
19479	#222222
19480	#222222
19481	#222222
19482	#222222
19483	#222222
19484	#222222
19485	#222222
19486	#222222
19487	#222222
19488	#222222
19489	#222222
19490	#222222
19491	#222222
19492	#222222
19493	#222222
19494	#222222
19495	#222222
19496	#222222
19497	#222222
19498	#222222
19499	#222222
19500	#222222
19501	#222222
19502	#222222
19503	#222222
19504	#222222
19505	#222222
19506	#222222
19507	#222222
19508	#222222
19509	#222222
19510	#222222
19511	#222222
19512	#222222
19513	#222222
19514	#222222
19515	#222222
19516	#222222
19517	#222222
19518	#222222
19519	#222222
19520	#222222
19521	#222222
19522	#222222
19523	#222222
19524	#222222
19525	#222222
19526	#222222
19527	#222222
19528	#222222
19529	#222222
19530	#222222
19531	#222222
19532	#222222
19533	#222222
19534	#222222
19535	#222222
19536	#222222
19537	#222222
19538	#222222
19539	#222222
19540	#222222
19541	#222222
19542	#222222
19543	#222222
19544	#222222
19545	#222222
19546	#222222
19547	#222222
19548	#222222
19549	#222222
19550	#222222
19551	#222222
19552	#222222
19553	#222222
19554	#222222
19555	#222222
19556	#222222
19557	#222222
19558	#222222
19559	#222222
19560	#222222
19561	#222222
19562	#222222
19563	#222222
19564	#222222
19565	#222222
19566	#222222
19567	#222222
19568	#222222
19569	#222222
19570	#222222
19571	#222222
19572	#222222
19573	#222222
19574	#222222
19575	#222222
19576	#222222
19577	#222222
19578	#222222
19579	#222222
19580	#222222
19581	#222222
19582	#222222
19583	#222222
19584	#202020
19585	#272727
19586	#464646
19587	#434343
19588	#414141
19589	#474747
19590	#4B4B4B
19591	#4F4F4F
19592	#505050
19593	#505050
19594	#505050
19595	#505050
19596	#505050
19597	#505050
19598	#545454
19599	#4E4E4E
19600	#3F3F3F
