group	fill
1	#000600
2	#000600
3	#000500
4	#0F150F
5	#212721
6	#202620
7	#1F251F
8	#1F251F
9	#1F251F
10	#1D231D
11	#1E241E
12	#1D231D
13	#1C221C
14	#1B211B
15	#1A201A
16	#1A201A
17	#181E18
18	#171D17
19	#171D17
20	#181E18
21	#171D17
22	#171D17
23	#161C16
24	#141A14
25	#131913
26	#131913
27	#151B15
28	#181E18
29	#1E241E
30	#242A24
31	#2B312B
32	#323832
33	#363C36
34	#3B413B
35	#414741
36	#484E48
37	#4C524C
38	#4F554F
39	#505650
40	#535953
41	#575D57
42	#5A605A
43	#5D635D
44	#616761
45	#646A64
46	#6A706A
47	#707670
48	#767C76
49	#7A807A
50	#7E847E
51	#878D87
52	#8B918B
53	#8F958F
54	#919791
55	#959B95
56	#999F99
57	#9DA39D
58	#A0A6A0
59	#A3A9A3
60	#A4AAA4
61	#A6ACA6
62	#A9AFA9
63	#ACB2AC
64	#B1B7B1
65	#B3B9B3
66	#B5BBB5
67	#BCC2BC
68	#C2C8C2
69	#C2C8C2
70	#C3C9C3
71	#C4CAC4
72	#B7BDB7
73	#B4BAB4
74	#BCC2BC
75	#BBC1BB
76	#AFB5AF
77	#ABB1AB
78	#B9BFB9
79	#C1C7C1
80	#C3C9C3
81	#C4CAC4
82	#BDC3BD
83	#B7BDB7
84	#AFB5AF
85	#A6ACA6
86	#A4AAA4
87	#A4AAA4
88	#A2A8A2
89	#A3A9A3
90	#989E98
91	#999F99
92	#979D97
93	#909690
94	#8C928C
95	#878D87
96	#848A84
97	#828882
98	#818781
99	#7D837D
100	#797F79
101	#737973
102	#6D736D
103	#6B716B
104	#676D67
105	#606660
106	#5E645E
107	#575D57
108	#565C56
109	#444A44
110	#353B35
111	#3C423C
112	#4F554F
113	#4F554F
114	#4D534D
115	#4E544E
116	#4F554F
117	#4F554F
118	#505650
119	#525852
120	#555B55
121	#565C56
122	#555B55
123	#545A54
124	#525852
125	#505650
126	#4B514B
127	#484E48
128	#464C46
129	#414741
130	#3D433D
131	#383E38
132	#313731
133	#2A302A
134	#202620
135	#181E18
136	#121812
137	#0E140E
138	#0D130D
139	#0D130D
140	#0F150F
141	#000600
142	#000600
143	#000500
144	#0E140E
145	#1D231D
146	#1C221C
147	#1B211B
148	#1A201A
149	#191F19
150	#191F19
151	#191F19
152	#171D17
153	#171D17
154	#161C16
155	#151B15
156	#151B15
157	#151B15
158	#171D17
159	#171D17
160	#151B15
161	#121812
162	#121812
163	#121812
164	#181E18
165	#1F251F
166	#262C26
167	#2D332D
168	#343A34
169	#383E38
170	#3A403A
171	#3F453F
172	#424842
173	#454B45
174	#494F49
175	#4E544E
176	#515751
177	#545A54
178	#565C56
179	#575D57
180	#5A605A
181	#5D635D
182	#606660
183	#636963
184	#656B65
185	#696F69
186	#6C726C
187	#727872
188	#777D77
189	#7B817B
190	#818781
191	#878D87
192	#8B918B
193	#8E948E
194	#909690
195	#979D97
196	#9DA39D
197	#A1A7A1
198	#A6ACA6
199	#A9AFA9
200	#A9AFA9
201	#A9AFA9
202	#ACB2AC
203	#B2B8B2
204	#B9BFB9
205	#B9BFB9
206	#BBC1BB
207	#BFC5BF
208	#C5CBC5
209	#C7CDC7
210	#C9CFC9
211	#C3C9C3
212	#AFB5AF
213	#B8BEB8
214	#BEC4BE
215	#BEC4BE
216	#B5BBB5
217	#A6ACA6
218	#B8BEB8
219	#C7CDC7
220	#C9CFC9
221	#C5CBC5
222	#C0C6C0
223	#BDC3BD
224	#B7BDB7
225	#AFB5AF
226	#ABB1AB
227	#A6ACA6
228	#A4AAA4
229	#A5ABA5
230	#A0A6A0
231	#9DA39D
232	#9AA09A
233	#989E98
234	#8F958F
235	#888E88
236	#838983
237	#7E847E
238	#7C827C
239	#7B817B
240	#777D77
241	#737973
242	#6E746E
243	#6C726C
244	#686E68
245	#656B65
246	#606660
247	#575D57
248	#2A302A
249	#080E08
250	#0F150F
251	#070D07
252	#171D17
253	#4A504A
254	#555B55
255	#545A54
256	#555B55
257	#565C56
258	#585E58
259	#5B615B
260	#5F655F
261	#616761
262	#636963
263	#616761
264	#606660
265	#5E645E
266	#5B615B
267	#595F59
268	#585E58
269	#565C56
270	#525852
271	#4D534D
272	#494F49
273	#454B45
274	#404640
275	#383E38
276	#2F352F
277	#242A24
278	#191F19
279	#121812
280	#0F150F
281	#000600
282	#000600
283	#000500
284	#0D130D
285	#1B211B
286	#1A201A
287	#181E18
288	#181E18
289	#181E18
290	#171D17
291	#161C16
292	#161C16
293	#151B15
294	#151B15
295	#141A14
296	#131913
297	#131913
298	#151B15
299	#171D17
300	#191F19
301	#1F251F
302	#292F29
303	#323832
304	#3A403A
305	#414741
306	#454B45
307	#494F49
308	#4D534D
309	#505650
310	#515751
311	#525852
312	#555B55
313	#565C56
314	#595F59
315	#5C625C
316	#5D635D
317	#5E645E
318	#606660
319	#606660
320	#616761
321	#646A64
322	#676D67
323	#6A706A
324	#6C726C
325	#6F756F
326	#727872
327	#767C76
328	#7A807A
329	#7D837D
330	#808680
331	#838983
332	#898F89
333	#8D938D
334	#939993
335	#999F99
336	#9BA19B
337	#A1A7A1
338	#AFB5AF
339	#ADB3AD
340	#AFB5AF
341	#AFB5AF
342	#B1B7B1
343	#B6BCB6
344	#BAC0BA
345	#BAC0BA
346	#BEC4BE
347	#C2C8C2
348	#C6CCC6
349	#C9CFC9
350	#CAD0CA
351	#C1C7C1
352	#B7BDB7
353	#BAC0BA
354	#B3B9B3
355	#B3B9B3
356	#B9BFB9
357	#B4BAB4
358	#BDC3BD
359	#C9CFC9
360	#C7CDC7
361	#C2C8C2
362	#BFC5BF
363	#BCC2BC
364	#B4BAB4
365	#ACB2AC
366	#A7ADA7
367	#A5ABA5
368	#A2A8A2
369	#A3A9A3
370	#A1A7A1
371	#9AA09A
372	#979D97
373	#969C96
374	#929892
375	#8B918B
376	#868C86
377	#838983
378	#7C827C
379	#787E78
380	#747A74
381	#707670
382	#6D736D
383	#6C726C
384	#696F69
385	#686E68
386	#626862
387	#404640
388	#000300
389	#040A04
390	#414741
391	#0A100A
392	#000000
393	#1E241E
394	#5A605A
395	#5C625C
396	#5E645E
397	#5F655F
398	#616761
399	#646A64
400	#686E68
401	#6C726C
402	#6D736D
403	#6C726C
404	#6D736D
405	#6D736D
406	#6B716B
407	#696F69
408	#696F69
409	#696F69
410	#656B65
411	#626862
412	#606660
413	#5D635D
414	#595F59
415	#555B55
416	#4E544E
417	#464C46
418	#3D433D
419	#333933
420	#272D27
421	#000600
422	#000600
423	#000500
424	#0D130D
425	#1B211B
426	#191F19
427	#181E18
428	#171D17
429	#171D17
430	#161C16
431	#151B15
432	#151B15
433	#141A14
434	#151B15
435	#191F19
436	#1F251F
437	#272D27
438	#303630
439	#373D37
440	#414741
441	#484E48
442	#4E544E
443	#525852
444	#575D57
445	#5B615B
446	#5F655F
447	#636963
448	#636963
449	#656B65
450	#656B65
451	#656B65
452	#676D67
453	#686E68
454	#696F69
455	#6A706A
456	#6B716B
457	#6C726C
458	#6C726C
459	#6C726C
460	#6B716B
461	#6D736D
462	#6F756F
463	#717771
464	#747A74
465	#757B75
466	#797F79
467	#7B817B
468	#7D837D
469	#7F857F
470	#818781
471	#858B85
472	#8A908A
473	#919791
474	#969C96
475	#9EA49E
476	#A2A8A2
477	#A3A9A3
478	#ABB1AB
479	#ACB2AC
480	#ABB1AB
481	#AEB4AE
482	#AFB5AF
483	#B2B8B2
484	#B5BBB5
485	#B7BDB7
486	#BBC1BB
487	#C1C7C1
488	#C7CDC7
489	#CCD2CC
490	#CAD0CA
491	#BDC3BD
492	#B6BCB6
493	#B3B9B3
494	#AEB4AE
495	#AEB4AE
496	#B1B7B1
497	#B3B9B3
498	#B9BFB9
499	#C7CDC7
500	#C7CDC7
501	#BEC4BE
502	#B8BEB8
503	#B5BBB5
504	#B1B7B1
505	#ABB1AB
506	#A7ADA7
507	#A6ACA6
508	#A5ABA5
509	#A4AAA4
510	#9EA49E
511	#9BA19B
512	#989E98
513	#969C96
514	#949A94
515	#929892
516	#8C928C
517	#868C86
518	#838983
519	#7A807A
520	#737973
521	#707670
522	#6E746E
523	#6E746E
524	#6D736D
525	#6B716B
526	#616761
527	#383E38
528	#000000
529	#151B15
530	#585E58
531	#171D17
532	#000300
533	#151B15
534	#5A605A
535	#646A64
536	#676D67
537	#676D67
538	#676D67
539	#696F69
540	#777D77
541	#828882
542	#787E78
543	#747A74
544	#767C76
545	#777D77
546	#777D77
547	#767C76
548	#767C76
549	#767C76
550	#737973
551	#727872
552	#707670
553	#6E746E
554	#6B716B
555	#686E68
556	#636963
557	#5C625C
558	#565C56
559	#4E544E
560	#484E48
561	#000600
562	#000600
563	#000500
564	#0C120C
565	#1A201A
566	#181E18
567	#161C16
568	#161C16
569	#161C16
570	#151B15
571	#171D17
572	#1B211B
573	#242A24
574	#2F352F
575	#3A403A
576	#454B45
577	#4F554F
578	#525852
579	#575D57
580	#5E645E
581	#626862
582	#666C66
583	#6A706A
584	#6D736D
585	#707670
586	#737973
587	#747A74
588	#747A74
589	#747A74
590	#727872
591	#717771
592	#737973
593	#757B75
594	#757B75
595	#747A74
596	#747A74
597	#747A74
598	#737973
599	#747A74
600	#737973
601	#757B75
602	#767C76
603	#777D77
604	#797F79
605	#7A807A
606	#7C827C
607	#7E847E
608	#808680
609	#828882
610	#858B85
611	#888E88
612	#8F958F
613	#929892
614	#989E98
615	#A6ACA6
616	#A7ADA7
617	#A6ACA6
618	#A8AEA8
619	#ABB1AB
620	#AAB0AA
621	#ACB2AC
622	#ACB2AC
623	#B0B6B0
624	#B2B8B2
625	#B3B9B3
626	#B6BCB6
627	#BCC2BC
628	#C4CAC4
629	#CDD3CD
630	#CAD0CA
631	#BBC1BB
632	#B3B9B3
633	#B0B6B0
634	#B0B6B0
635	#AEB4AE
636	#ADB3AD
637	#AFB5AF
638	#B6BCB6
639	#C5CBC5
640	#C6CCC6
641	#C0C6C0
642	#B7BDB7
643	#B2B8B2
644	#B0B6B0
645	#ABB1AB
646	#A9AFA9
647	#A8AEA8
648	#AAB0AA
649	#ADB3AD
650	#9FA59F
651	#A0A6A0
652	#A1A7A1
653	#9DA39D
654	#9EA49E
655	#9CA29C
656	#9AA09A
657	#989E98
658	#909690
659	#898F89
660	#7E847E
661	#747A74
662	#6F756F
663	#6E746E
664	#6E746E
665	#6B716B
666	#626862
667	#505650
668	#111611
669	#0B110B
670	#424842
671	#252B25
672	#040A04
673	#393F39
674	#5F655F
675	#6B716B
676	#6C726C
677	#6C726C
678	#6B716B
679	#6D736D
680	#7F857F
681	#8D938D
682	#8A908A
683	#7B817B
684	#7E847E
685	#7F857F
686	#7F857F
687	#7E847E
688	#7E847E
689	#7C827C
690	#7B817B
691	#7B817B
692	#7A807A
693	#7B817B
694	#7B817B
695	#7C827C
696	#7D837D
697	#7A807A
698	#777D77
699	#717771
700	#6A706A
701	#000600
702	#000600
703	#000500
704	#0B110B
705	#181E18
706	#161C16
707	#161C16
708	#151B15
709	#181E18
710	#222822
711	#2F352F
712	#3C423C
713	#484E48
714	#4F554F
715	#575D57
716	#5F655F
717	#646A64
718	#666C66
719	#696F69
720	#6E746E
721	#727872
722	#767C76
723	#777D77
724	#7A807A
725	#7C827C
726	#7D837D
727	#7D837D
728	#7C827C
729	#7C827C
730	#7B817B
731	#7A807A
732	#7B817B
733	#7D837D
734	#7C827C
735	#7B817B
736	#7A807A
737	#7A807A
738	#7B817B
739	#7A807A
740	#797F79
741	#7A807A
742	#7A807A
743	#7B817B
744	#7D837D
745	#7C827C
746	#7D837D
747	#7F857F
748	#808680
749	#838983
750	#888E88
751	#8C928C
752	#8F958F
753	#969C96
754	#9FA59F
755	#A3A9A3
756	#A5ABA5
757	#AAB0AA
758	#ACB2AC
759	#ACB2AC
760	#ACB2AC
761	#ACB2AC
762	#AFB5AF
763	#B0B6B0
764	#B2B8B2
765	#B5BBB5
766	#B9BFB9
767	#C2C8C2
768	#C8CEC8
769	#CDD3CD
770	#CAD0CA
771	#B8BEB8
772	#AEB4AE
773	#ADB3AD
774	#B3B9B3
775	#AFB5AF
776	#A8AEA8
777	#ABB1AB
778	#B5BBB5
779	#C3C9C3
780	#C8CEC8
781	#C9CFC9
782	#BEC4BE
783	#B7BDB7
784	#B4BAB4
785	#AFB5AF
786	#ADB3AD
787	#ADB3AD
788	#ADB3AD
789	#AAB0AA
790	#A1A7A1
791	#A3A9A3
792	#A5ABA5
793	#A4AAA4
794	#A2A8A2
795	#9CA29C
796	#9AA09A
797	#9DA39D
798	#9BA19B
799	#909690
800	#878D87
801	#828882
802	#7F857F
803	#7B817B
804	#767C76
805	#6C726C
806	#666C66
807	#616761
808	#505650
809	#2F352F
810	#1E241E
811	#262C26
812	#434943
813	#606660
814	#6C726C
815	#707670
816	#6F756F
817	#6E746E
818	#707670
819	#6F756F
820	#7C827C
821	#949A94
822	#9CA29C
823	#888E88
824	#808680
825	#838983
826	#858B85
827	#878D87
828	#8B918B
829	#8E948E
830	#939993
831	#979D97
832	#9AA09A
833	#9DA39D
834	#9FA59F
835	#9FA59F
836	#9BA19B
837	#949A94
838	#8C928C
839	#848A84
840	#7F857F
841	#000600
842	#000600
843	#000500
844	#0A100A
845	#171D17
846	#151B15
847	#1A201A
848	#262C26
849	#363C36
850	#444A44
851	#4E544E
852	#545A54
853	#5B615B
854	#616761
855	#676D67
856	#6E746E
857	#717771
858	#737973
859	#767C76
860	#7A807A
861	#7E847E
862	#808680
863	#808680
864	#828882
865	#848A84
866	#848A84
867	#848A84
868	#838983
869	#818781
870	#7F857F
871	#7F857F
872	#808680
873	#828882
874	#818781
875	#808680
876	#7F857F
877	#7E847E
878	#7E847E
879	#7F857F
880	#7D837D
881	#7C827C
882	#7C827C
883	#7C827C
884	#7C827C
885	#7F857F
886	#808680
887	#808680
888	#818781
889	#878D87
890	#8D938D
891	#929892
892	#9AA09A
893	#A4AAA4
894	#A8AEA8
895	#ABB1AB
896	#AFB5AF
897	#B1B7B1
898	#AFB5AF
899	#AEB4AE
900	#B3B9B3
901	#B4BAB4
902	#B5BBB5
903	#B6BCB6
904	#B8BEB8
905	#BAC0BA
906	#BEC4BE
907	#C6CCC6
908	#CCD2CC
909	#CBD1CB
910	#C8CEC8
911	#B7BDB7
912	#ADB3AD
913	#AAB0AA
914	#AFB5AF
915	#B1B7B1
916	#A5ABA5
917	#A7ADA7
918	#B4BAB4
919	#C2C8C2
920	#C7CDC7
921	#C5CBC5
922	#BEC4BE
923	#B9BFB9
924	#B5BBB5
925	#B0B6B0
926	#ADB3AD
927	#ACB2AC
928	#A9AFA9
929	#A7ADA7
930	#A6ACA6
931	#A4AAA4
932	#A4AAA4
933	#A6ACA6
934	#A4AAA4
935	#A0A6A0
936	#9DA39D
937	#9CA29C
938	#9DA39D
939	#999F99
940	#888E88
941	#808680
942	#7F857F
943	#7E847E
944	#7E847E
945	#787E78
946	#707670
947	#696F69
948	#666C66
949	#666C66
950	#636963
951	#666C66
952	#6B716B
953	#6F756F
954	#707670
955	#6F756F
956	#6F756F
957	#707670
958	#717771
959	#757B75
960	#808680
961	#9DA39D
962	#A8AEA8
963	#9CA29C
964	#909690
965	#979D97
966	#9DA39D
967	#A2A8A2
968	#A5ABA5
969	#A6ACA6
970	#A6ACA6
971	#A6ACA6
972	#A4AAA4
973	#A1A7A1
974	#9EA49E
975	#9AA09A
976	#979D97
977	#949A94
978	#909690
979	#8B918B
980	#8A908A
981	#000600
982	#000600
983	#000500
984	#090F09
985	#1A201A
986	#272D27
987	#3A403A
988	#474D47
989	#505650
990	#585E58
991	#5E645E
992	#646A64
993	#6A706A
994	#6D736D
995	#727872
996	#777D77
997	#797F79
998	#7B817B
999	#7D837D
1000	#828882
1001	#858B85
1002	#868C86
1003	#868C86
1004	#888E88
1005	#8A908A
1006	#8A908A
1007	#898F89
1008	#878D87
1009	#868C86
1010	#8E948E
1011	#919791
1012	#858B85
1013	#808680
1014	#828882
1015	#828882
1016	#828882
1017	#818781
1018	#808680
1019	#808680
1020	#808680
1021	#7D837D
1022	#7D837D
1023	#7F857F
1024	#808680
1025	#818781
1026	#818781
1027	#858B85
1028	#8F958F
1029	#979D97
1030	#9DA39D
1031	#A1A7A1
1032	#A8AEA8
1033	#A8AEA8
1034	#ADB3AD
1035	#B2B8B2
1036	#B3B9B3
1037	#B2B8B2
1038	#B1B7B1
1039	#B2B8B2
1040	#B5BBB5
1041	#B5BBB5
1042	#B6BCB6
1043	#B8BEB8
1044	#B9BFB9
1045	#BDC3BD
1046	#C0C6C0
1047	#C5CBC5
1048	#C8CEC8
1049	#C8CEC8
1050	#C7CDC7
1051	#B4BAB4
1052	#A3A9A3
1053	#A0A6A0
1054	#ADB3AD
1055	#B8BEB8
1056	#ACB2AC
1057	#A1A7A1
1058	#AFB5AF
1059	#C1C7C1
1060	#C4CAC4
1061	#C1C7C1
1062	#C0C6C0
1063	#BCC2BC
1064	#B6BCB6
1065	#B1B7B1
1066	#ADB3AD
1067	#ACB2AC
1068	#ADB3AD
1069	#ADB3AD
1070	#A4AAA4
1071	#A1A7A1
1072	#A0A6A0
1073	#A4AAA4
1074	#A9AFA9
1075	#A9AFA9
1076	#A4AAA4
1077	#9FA59F
1078	#9FA59F
1079	#A2A8A2
1080	#9EA49E
1081	#8F958F
1082	#8C928C
1083	#898F89
1084	#828882
1085	#7F857F
1086	#7B817B
1087	#777D77
1088	#6F756F
1089	#6C726C
1090	#6D736D
1091	#6E746E
1092	#6E746E
1093	#717771
1094	#707670
1095	#6F756F
1096	#707670
1097	#737973
1098	#7C827C
1099	#8A908A
1100	#919791
1101	#A7ADA7
1102	#C2C8C2
1103	#BEC4BE
1104	#ADB3AD
1105	#A7ADA7
1106	#A7ADA7
1107	#A4AAA4
1108	#A1A7A1
1109	#A2A8A2
1110	#A0A6A0
1111	#A0A6A0
1112	#A1A7A1
1113	#A2A8A2
1114	#A2A8A2
1115	#A1A7A1
1116	#9FA59F
1117	#9EA49E
1118	#9CA29C
1119	#9AA09A
1120	#989E98
1121	#000600
1122	#000600
1123	#000500
1124	#161C16
1125	#3D433D
1126	#484E48
1127	#525852
1128	#5B615B
1129	#626862
1130	#676D67
1131	#6C726C
1132	#727872
1133	#777D77
1134	#7B817B
1135	#808680
1136	#868C86
1137	#878D87
1138	#888E88
1139	#888E88
1140	#8A908A
1141	#8C928C
1142	#8C928C
1143	#8B918B
1144	#8C928C
1145	#8C928C
1146	#8D938D
1147	#8E948E
1148	#949A94
1149	#9DA39D
1150	#A4AAA4
1151	#9CA29C
1152	#8E948E
1153	#828882
1154	#858B85
1155	#848A84
1156	#828882
1157	#828882
1158	#828882
1159	#818781
1160	#828882
1161	#818781
1162	#818781
1163	#838983
1164	#858B85
1165	#898F89
1166	#8D938D
1167	#949A94
1168	#999F99
1169	#9AA09A
1170	#A3A9A3
1171	#ABB1AB
1172	#ACB2AC
1173	#AEB4AE
1174	#B2B8B2
1175	#B6BCB6
1176	#B7BDB7
1177	#B6BCB6
1178	#B4BAB4
1179	#B7BDB7
1180	#BBC1BB
1181	#BAC0BA
1182	#B7BDB7
1183	#B7BDB7
1184	#B9BFB9
1185	#BCC2BC
1186	#C3C9C3
1187	#C6CCC6
1188	#C9CFC9
1189	#CAD0CA
1190	#C7CDC7
1191	#B5BBB5
1192	#A8AEA8
1193	#A7ADA7
1194	#B2B8B2
1195	#B2B8B2
1196	#B2B8B2
1197	#B2B8B2
1198	#B9BFB9
1199	#C6CCC6
1200	#C8CEC8
1201	#C4CAC4
1202	#C0C6C0
1203	#B9BFB9
1204	#B6BCB6
1205	#B0B6B0
1206	#ADB3AD
1207	#ABB1AB
1208	#AAB0AA
1209	#A3A9A3
1210	#A1A7A1
1211	#A1A7A1
1212	#A1A7A1
1213	#9CA29C
1214	#9AA09A
1215	#A0A6A0
1216	#A7ADA7
1217	#A4AAA4
1218	#9AA09A
1219	#999F99
1220	#9AA09A
1221	#969C96
1222	#8E948E
1223	#8C928C
1224	#909690
1225	#8F958F
1226	#888E88
1227	#858B85
1228	#838983
1229	#7A807A
1230	#6E746E
1231	#6C726C
1232	#6E746E
1233	#707670
1234	#717771
1235	#777D77
1236	#828882
1237	#919791
1238	#A3A9A3
1239	#ACB2AC
1240	#AFB5AF
1241	#B3B9B3
1242	#C1C7C1
1243	#C8CEC8
1244	#BEC4BE
1245	#ADB3AD
1246	#A9AFA9
1247	#AAB0AA
1248	#ACB2AC
1249	#AAB0AA
1250	#AAB0AA
1251	#ADB3AD
1252	#AEB4AE
1253	#B1B7B1
1254	#B5BBB5
1255	#B8BEB8
1256	#B8BEB8
1257	#B6BCB6
1258	#B5BBB5
1259	#B2B8B2
1260	#AFB5AF
1261	#000600
1262	#000600
1263	#000400
1264	#242A24
1265	#5C625C
1266	#676D67
1267	#737973
1268	#7C827C
1269	#848A84
1270	#8A908A
1271	#929892
1272	#9BA19B
1273	#A0A6A0
1274	#A4AAA4
1275	#A6ACA6
1276	#A8AEA8
1277	#A8AEA8
1278	#A7ADA7
1279	#A7ADA7
1280	#A8AEA8
1281	#A8AEA8
1282	#A7ADA7
1283	#A5ABA5
1284	#A2A8A2
1285	#9EA49E
1286	#9BA19B
1287	#A1A7A1
1288	#A6ACA6
1289	#A7ADA7
1290	#A8AEA8
1291	#9FA59F
1292	#8D938D
1293	#838983
1294	#888E88
1295	#878D87
1296	#848A84
1297	#828882
1298	#838983
1299	#838983
1300	#858B85
1301	#868C86
1302	#858B85
1303	#8C928C
1304	#929892
1305	#969C96
1306	#9AA09A
1307	#A0A6A0
1308	#A3A9A3
1309	#ABB1AB
1310	#B6BCB6
1311	#B5BBB5
1312	#B5BBB5
1313	#B7BDB7
1314	#B9BFB9
1315	#B9BFB9
1316	#B1B7B1
1317	#AFB5AF
1318	#B2B8B2
1319	#B2B8B2
1320	#B3B9B3
1321	#B6BCB6
1322	#B4BAB4
1323	#B6BCB6
1324	#B7BDB7
1325	#B8BEB8
1326	#BEC4BE
1327	#C1C7C1
1328	#C5CBC5
1329	#CAD0CA
1330	#C8CEC8
1331	#BDC3BD
1332	#B4BAB4
1333	#ADB3AD
1334	#ADB3AD
1335	#ADB3AD
1336	#B0B6B0
1337	#B5BBB5
1338	#BBC1BB
1339	#C6CCC6
1340	#C5CBC5
1341	#BCC2BC
1342	#B7BDB7
1343	#B3B9B3
1344	#B2B8B2
1345	#B0B6B0
1346	#ACB2AC
1347	#A5ABA5
1348	#A1A7A1
1349	#A4AAA4
1350	#A1A7A1
1351	#969C96
1352	#8D938D
1353	#898F89
1354	#878D87
1355	#858B85
1356	#8D938D
1357	#939993
1358	#8A908A
1359	#7E847E
1360	#7B817B
1361	#7D837D
1362	#797F79
1363	#727872
1364	#797F79
1365	#858B85
1366	#8B918B
1367	#8A908A
1368	#898F89
1369	#8D938D
1370	#868C86
1371	#747A74
1372	#707670
1373	#7B817B
1374	#8A908A
1375	#9AA09A
1376	#ABB1AB
1377	#B7BDB7
1378	#BBC1BB
1379	#B7BDB7
1380	#B2B8B2
1381	#AFB5AF
1382	#B3B9B3
1383	#BEC4BE
1384	#CCD2CC
1385	#C7CDC7
1386	#BCC2BC
1387	#B6BCB6
1388	#B5BBB5
1389	#B6BCB6
1390	#B3B9B3
1391	#B3B9B3
1392	#B5BBB5
1393	#B5BBB5
1394	#B4BAB4
1395	#B4BAB4
1396	#B5BBB5
1397	#B6BCB6
1398	#B5BBB5
1399	#B6BCB6
1400	#B8BEB8
1401	#000600
1402	#000600
1403	#000300
1404	#303630
1405	#777D77
1406	#7B817B
1407	#838983
1408	#8B918B
1409	#919791
1410	#979D97
1411	#9EA49E
1412	#A2A8A2
1413	#A4AAA4
1414	#A9AFA9
1415	#AEB4AE
1416	#AFB5AF
1417	#ABB1AB
1418	#AAB0AA
1419	#AAB0AA
1420	#A9AFA9
1421	#AAB0AA
1422	#ABB1AB
1423	#AEB4AE
1424	#B0B6B0
1425	#B1B7B1
1426	#B6BCB6
1427	#BDC3BD
1428	#BBC1BB
1429	#C1C7C1
1430	#B4BAB4
1431	#9EA49E
1432	#949A94
1433	#8D938D
1434	#878D87
1435	#898F89
1436	#888E88
1437	#868C86
1438	#868C86
1439	#858B85
1440	#878D87
1441	#8A908A
1442	#959B95
1443	#9EA49E
1444	#A0A6A0
1445	#A6ACA6
1446	#ABB1AB
1447	#A8AEA8
1448	#A4AAA4
1449	#A8AEA8
1450	#A1A7A1
1451	#9EA49E
1452	#9FA59F
1453	#A1A7A1
1454	#9FA59F
1455	#989E98
1456	#979D97
1457	#959B95
1458	#8D938D
1459	#878D87
1460	#919791
1461	#A4AAA4
1462	#B1B7B1
1463	#B4BAB4
1464	#B9BFB9
1465	#B8BEB8
1466	#B8BEB8
1467	#BAC0BA
1468	#C0C6C0
1469	#C7CDC7
1470	#C2C8C2
1471	#B7BDB7
1472	#AFB5AF
1473	#ABB1AB
1474	#A9AFA9
1475	#A9AFA9
1476	#AFB5AF
1477	#B1B7B1
1478	#B7BDB7
1479	#C8CEC8
1480	#C6CCC6
1481	#BCC2BC
1482	#B6BCB6
1483	#B6BCB6
1484	#B4BAB4
1485	#B0B6B0
1486	#AAB0AA
1487	#A7ADA7
1488	#A4AAA4
1489	#959B95
1490	#878D87
1491	#7F857F
1492	#7D837D
1493	#7C827C
1494	#747A74
1495	#6C726C
1496	#6C726C
1497	#7A807A
1498	#838983
1499	#797F79
1500	#6D736D
1501	#656B65
1502	#616761
1503	#5B615B
1504	#585E58
1505	#606660
1506	#707670
1507	#828882
1508	#898F89
1509	#888E88
1510	#909690
1511	#9AA09A
1512	#9AA09A
1513	#A2A8A2
1514	#ACB2AC
1515	#B6BCB6
1516	#BBC1BB
1517	#BBC1BB
1518	#B5BBB5
1519	#B4BAB4
1520	#B5BBB5
1521	#B6BCB6
1522	#BAC0BA
1523	#BAC0BA
1524	#C1C7C1
1525	#CDD3CD
1526	#CED4CE
1527	#C0C6C0
1528	#B7BDB7
1529	#B2B8B2
1530	#ADB3AD
1531	#ADB3AD
1532	#AFB5AF
1533	#AFB5AF
1534	#AEB4AE
1535	#AFB5AF
1536	#AEB4AE
1537	#AEB4AE
1538	#B0B6B0
1539	#B4BAB4
1540	#B6BCB6
1541	#000600
1542	#000600
1543	#000300
1544	#3C423C
1545	#929892
1546	#979D97
1547	#9FA59F
1548	#A4AAA4
1549	#A9AFA9
1550	#ADB3AD
1551	#B1B7B1
1552	#B2B8B2
1553	#B5BBB5
1554	#B9BFB9
1555	#BAC0BA
1556	#BCC2BC
1557	#BBC1BB
1558	#B7BDB7
1559	#B3B9B3
1560	#B1B7B1
1561	#B1B7B1
1562	#B1B7B1
1563	#B0B6B0
1564	#B0B6B0
1565	#B5BBB5
1566	#BEC4BE
1567	#C3C9C3
1568	#CFD5CF
1569	#C6CCC6
1570	#BBC1BB
1571	#B7BDB7
1572	#B0B6B0
1573	#A8AEA8
1574	#9DA39D
1575	#929892
1576	#8C928C
1577	#8A908A
1578	#888E88
1579	#8A908A
1580	#919791
1581	#A0A6A0
1582	#A6ACA6
1583	#A6ACA6
1584	#ABB1AB
1585	#A5ABA5
1586	#959B95
1587	#878D87
1588	#868C86
1589	#848A84
1590	#7E847E
1591	#838983
1592	#8B918B
1593	#8D938D
1594	#848A84
1595	#7E847E
1596	#7C827C
1597	#797F79
1598	#7A807A
1599	#7D837D
1600	#808680
1601	#8C928C
1602	#A2A8A2
1603	#B1B7B1
1604	#BCC2BC
1605	#BBC1BB
1606	#BAC0BA
1607	#BDC3BD
1608	#C4CAC4
1609	#CBD1CB
1610	#C3C9C3
1611	#B8BEB8
1612	#ADB3AD
1613	#A8AEA8
1614	#A6ACA6
1615	#A9AFA9
1616	#B2B8B2
1617	#B3B9B3
1618	#BAC0BA
1619	#C8CEC8
1620	#CBD1CB
1621	#C4CAC4
1622	#BBC1BB
1623	#B7BDB7
1624	#B2B8B2
1625	#B0B6B0
1626	#ABB1AB
1627	#A4AAA4
1628	#969C96
1629	#858B85
1630	#7A807A
1631	#727872
1632	#717771
1633	#707670
1634	#707670
1635	#6F756F
1636	#676D67
1637	#626862
1638	#6A706A
1639	#696F69
1640	#616761
1641	#595F59
1642	#535953
1643	#505650
1644	#454B45
1645	#444A44
1646	#4B514B
1647	#5C625C
1648	#7D837D
1649	#979D97
1650	#A7ADA7
1651	#B6BCB6
1652	#BDC3BD
1653	#BDC3BD
1654	#BCC2BC
1655	#BAC0BA
1656	#B9BFB9
1657	#BAC0BA
1658	#BCC2BC
1659	#BCC2BC
1660	#BBC1BB
1661	#B5BBB5
1662	#B0B6B0
1663	#A8AEA8
1664	#A5ABA5
1665	#ABB1AB
1666	#BBC1BB
1667	#C4CAC4
1668	#BCC2BC
1669	#B7BDB7
1670	#B5BBB5
1671	#B4BAB4
1672	#B5BBB5
1673	#B5BBB5
1674	#B4BAB4
1675	#B4BAB4
1676	#B5BBB5
1677	#B5BBB5
1678	#BAC0BA
1679	#BBC1BB
1680	#B7BDB7
1681	#000600
1682	#000600
1683	#000200
1684	#4C524C
1685	#B3B9B3
1686	#AFB5AF
1687	#B1B7B1
1688	#B2B8B2
1689	#B4BAB4
1690	#B7BDB7
1691	#BCC2BC
1692	#C0C6C0
1693	#C1C7C1
1694	#C2C8C2
1695	#C1C7C1
1696	#C2C8C2
1697	#C5CBC5
1698	#C5CBC5
1699	#C0C6C0
1700	#BAC0BA
1701	#BAC0BA
1702	#BCC2BC
1703	#BCC2BC
1704	#C2C8C2
1705	#C6CCC6
1706	#CBD1CB
1707	#CFD5CF
1708	#C7CDC7
1709	#B7BDB7
1710	#B9BFB9
1711	#BDC3BD
1712	#BFC5BF
1713	#C0C6C0
1714	#BDC3BD
1715	#B1B7B1
1716	#A2A8A2
1717	#959B95
1718	#929892
1719	#999F99
1720	#A5ABA5
1721	#AAB0AA
1722	#ABB1AB
1723	#A8AEA8
1724	#939993
1725	#7A807A
1726	#6B716B
1727	#686E68
1728	#6D736D
1729	#686E68
1730	#6B716B
1731	#757B75
1732	#7C827C
1733	#727872
1734	#707670
1735	#737973
1736	#747A74
1737	#737973
1738	#727872
1739	#757B75
1740	#7B817B
1741	#878D87
1742	#939993
1743	#A6ACA6
1744	#B6BCB6
1745	#BDC3BD
1746	#BDC3BD
1747	#BEC4BE
1748	#C4CAC4
1749	#CDD3CD
1750	#C5CBC5
1751	#B8BEB8
1752	#AEB4AE
1753	#A5ABA5
1754	#A3A9A3
1755	#A4AAA4
1756	#AAB0AA
1757	#B6BCB6
1758	#BEC4BE
1759	#C6CCC6
1760	#C8CEC8
1761	#C5CBC5
1762	#BBC1BB
1763	#B7BDB7
1764	#B2B8B2
1765	#AAB0AA
1766	#9BA19B
1767	#939993
1768	#8D938D
1769	#838983
1770	#767C76
1771	#737973
1772	#737973
1773	#757B75
1774	#6D736D
1775	#5F655F
1776	#535953
1777	#4F554F
1778	#5C625C
1779	#666C66
1780	#616761
1781	#5B615B
1782	#565C56
1783	#535953
1784	#4D534D
1785	#444A44
1786	#4D534D
1787	#616761
1788	#7F857F
1789	#A2A8A2
1790	#B3B9B3
1791	#BDC3BD
1792	#C5CBC5
1793	#C7CDC7
1794	#C5CBC5
1795	#C4CAC4
1796	#C0C6C0
1797	#BCC2BC
1798	#B6BCB6
1799	#ADB3AD
1800	#A5ABA5
1801	#A2A8A2
1802	#9FA59F
1803	#9FA59F
1804	#A1A7A1
1805	#A8AEA8
1806	#B0B6B0
1807	#BDC3BD
1808	#CAD0CA
1809	#C7CDC7
1810	#C1C7C1
1811	#C0C6C0
1812	#BFC5BF
1813	#BAC0BA
1814	#BAC0BA
1815	#BBC1BB
1816	#BEC4BE
1817	#C1C7C1
1818	#C0C6C0
1819	#BCC2BC
1820	#BDC3BD
1821	#000600
1822	#000600
1823	#000200
1824	#4F554F
1825	#B5BBB5
1826	#AFB5AF
1827	#B2B8B2
1828	#B6BCB6
1829	#BCC2BC
1830	#BCC2BC
1831	#B9BFB9
1832	#B5BBB5
1833	#B5BBB5
1834	#B5BBB5
1835	#B5BBB5
1836	#B7BDB7
1837	#BAC0BA
1838	#BFC5BF
1839	#C4CAC4
1840	#C5CBC5
1841	#C4CAC4
1842	#C7CDC7
1843	#CCD2CC
1844	#CDD3CD
1845	#CED4CE
1846	#D2D8D2
1847	#CAD0CA
1848	#BFC5BF
1849	#BEC4BE
1850	#BDC3BD
1851	#BCC2BC
1852	#BFC5BF
1853	#C2C8C2
1854	#C5CBC5
1855	#C6CCC6
1856	#C3C9C3
1857	#BAC0BA
1858	#B2B8B2
1859	#B2B8B2
1860	#AEB4AE
1861	#A4AAA4
1862	#949A94
1863	#777D77
1864	#636963
1865	#5B615B
1866	#5B615B
1867	#646A64
1868	#676D67
1869	#666C66
1870	#6B716B
1871	#757B75
1872	#6F756F
1873	#5E645E
1874	#5D635D
1875	#5E645E
1876	#626862
1877	#666C66
1878	#6F756F
1879	#7A807A
1880	#7E847E
1881	#818781
1882	#888E88
1883	#989E98
1884	#A5ABA5
1885	#B1B7B1
1886	#BEC4BE
1887	#C1C7C1
1888	#C2C8C2
1889	#C9CFC9
1890	#C0C6C0
1891	#B4BAB4
1892	#ACB2AC
1893	#9EA49E
1894	#989E98
1895	#949A94
1896	#A2A8A2
1897	#B8BEB8
1898	#BAC0BA
1899	#C2C8C2
1900	#C2C8C2
1901	#C0C6C0
1902	#B9BFB9
1903	#B3B9B3
1904	#AAB0AA
1905	#9AA09A
1906	#8D938D
1907	#8C928C
1908	#8D938D
1909	#858B85
1910	#7B817B
1911	#7B817B
1912	#737973
1913	#676D67
1914	#5B615B
1915	#535953
1916	#515751
1917	#505650
1918	#585E58
1919	#626862
1920	#626862
1921	#616761
1922	#626862
1923	#656B65
1924	#696F69
1925	#6B716B
1926	#7B817B
1927	#8C928C
1928	#939993
1929	#9DA39D
1930	#AFB5AF
1931	#B8BEB8
1932	#BFC5BF
1933	#CAD0CA
1934	#CBD1CB
1935	#C1C7C1
1936	#B8BEB8
1937	#ACB2AC
1938	#A4AAA4
1939	#A2A8A2
1940	#A2A8A2
1941	#A4AAA4
1942	#A3A9A3
1943	#A4AAA4
1944	#A8AEA8
1945	#AFB5AF
1946	#B4BAB4
1947	#B9BFB9
1948	#C1C7C1
1949	#D3D9D3
1950	#D8DED8
1951	#D2D8D2
1952	#CDD3CD
1953	#C8CEC8
1954	#C0C6C0
1955	#BFC5BF
1956	#C0C6C0
1957	#BFC5BF
1958	#BCC2BC
1959	#BDC3BD
1960	#C0C6C0
1961	#000600
1962	#000600
1963	#000100
1964	#515751
1965	#BFC5BF
1966	#B6BCB6
1967	#B4BAB4
1968	#B2B8B2
1969	#B3B9B3
1970	#B8BEB8
1971	#B8BEB8
1972	#B5BBB5
1973	#B4BAB4
1974	#B5BBB5
1975	#B6BCB6
1976	#B7BDB7
1977	#B8BEB8
1978	#B8BEB8
1979	#BCC2BC
1980	#BFC5BF
1981	#C3C9C3
1982	#C7CDC7
1983	#C4CAC4
1984	#C4CAC4
1985	#C6CCC6
1986	#BBC1BB
1987	#B8BEB8
1988	#BBC1BB
1989	#C1C7C1
1990	#C4CAC4
1991	#C4CAC4
1992	#C3C9C3
1993	#C2C8C2
1994	#C3C9C3
1995	#C9CFC9
1996	#CED4CE
1997	#D0D6D0
1998	#D1D7D1
1999	#C7CDC7
2000	#B1B7B1
2001	#959B95
2002	#757B75
2003	#616761
2004	#5A605A
2005	#565C56
2006	#5C625C
2007	#656B65
2008	#676D67
2009	#6B716B
2010	#6F756F
2011	#727872
2012	#636963
2013	#575D57
2014	#575D57
2015	#595F59
2016	#5E645E
2017	#606660
2018	#626862
2019	#6A706A
2020	#797F79
2021	#848A84
2022	#898F89
2023	#919791
2024	#9DA39D
2025	#A1A7A1
2026	#AFB5AF
2027	#BCC2BC
2028	#BFC5BF
2029	#C7CDC7
2030	#BFC5BF
2031	#B4BAB4
2032	#ABB1AB
2033	#A1A7A1
2034	#989E98
2035	#9BA19B
2036	#AEB4AE
2037	#BCC2BC
2038	#C3C9C3
2039	#C2C8C2
2040	#C2C8C2
2041	#C0C6C0
2042	#B7BDB7
2043	#ABB1AB
2044	#9EA49E
2045	#929892
2046	#909690
2047	#909690
2048	#8C928C
2049	#868C86
2050	#818781
2051	#747A74
2052	#636963
2053	#5D635D
2054	#595F59
2055	#545A54
2056	#535953
2057	#555B55
2058	#5D635D
2059	#6C726C
2060	#747A74
2061	#777D77
2062	#808680
2063	#8D938D
2064	#999F99
2065	#9DA39D
2066	#9AA09A
2067	#999F99
2068	#989E98
2069	#9BA19B
2070	#A5ABA5
2071	#B5BBB5
2072	#B9BFB9
2073	#B5BBB5
2074	#B7BDB7
2075	#B8BEB8
2076	#B0B6B0
2077	#AFB5AF
2078	#A8AEA8
2079	#A2A8A2
2080	#A4AAA4
2081	#A7ADA7
2082	#A7ADA7
2083	#AAB0AA
2084	#AFB5AF
2085	#B5BBB5
2086	#BAC0BA
2087	#BCC2BC
2088	#C4CAC4
2089	#CFD5CF
2090	#D5DBD5
2091	#DCE2DC
2092	#D7DDD7
2093	#D3D9D3
2094	#CCD2CC
2095	#C8CEC8
2096	#C4CAC4
2097	#C1C7C1
2098	#C1C7C1
2099	#C6CCC6
2100	#C9CFC9
2101	#000600
2102	#000600
2103	#000100
2104	#555B55
2105	#C9CFC9
2106	#BDC3BD
2107	#B7BDB7
2108	#B8BEB8
2109	#B9BFB9
2110	#BAC0BA
2111	#BFC5BF
2112	#C0C6C0
2113	#BDC3BD
2114	#BCC2BC
2115	#BEC4BE
2116	#BEC4BE
2117	#BFC5BF
2118	#C0C6C0
2119	#C6CCC6
2120	#C7CDC7
2121	#C8CEC8
2122	#C5CBC5
2123	#C6CCC6
2124	#C6CCC6
2125	#B8BEB8
2126	#B0B6B0
2127	#AFB5AF
2128	#ACB2AC
2129	#B0B6B0
2130	#B9BFB9
2131	#C2C8C2
2132	#C7CDC7
2133	#C5CBC5
2134	#C9CFC9
2135	#CCD2CC
2136	#D0D6D0
2137	#D2D8D2
2138	#CED4CE
2139	#C5CBC5
2140	#BEC4BE
2141	#A9AFA9
2142	#8D938D
2143	#737973
2144	#646A64
2145	#5D635D
2146	#636963
2147	#686E68
2148	#6A706A
2149	#6F756F
2150	#737973
2151	#737973
2152	#616761
2153	#555B55
2154	#585E58
2155	#585E58
2156	#5B615B
2157	#5C625C
2158	#5F655F
2159	#5F655F
2160	#636963
2161	#747A74
2162	#858B85
2163	#939993
2164	#999F99
2165	#9CA29C
2166	#A5ABA5
2167	#AFB5AF
2168	#BBC1BB
2169	#C4CAC4
2170	#BEC4BE
2171	#B5BBB5
2172	#AFB5AF
2173	#ABB1AB
2174	#A7ADA7
2175	#A6ACA6
2176	#ACB2AC
2177	#B5BBB5
2178	#C9CFC9
2179	#C8CEC8
2180	#C6CCC6
2181	#C1C7C1
2182	#B5BBB5
2183	#A6ACA6
2184	#9CA29C
2185	#989E98
2186	#969C96
2187	#929892
2188	#8C928C
2189	#808680
2190	#727872
2191	#636963
2192	#5A605A
2193	#595F59
2194	#575D57
2195	#565C56
2196	#5A605A
2197	#5B615B
2198	#646A64
2199	#787E78
2200	#878D87
2201	#949A94
2202	#A0A6A0
2203	#A9AFA9
2204	#AAB0AA
2205	#A5ABA5
2206	#A0A6A0
2207	#A1A7A1
2208	#A0A6A0
2209	#A2A8A2
2210	#A6ACA6
2211	#A9AFA9
2212	#A6ACA6
2213	#9CA29C
2214	#9EA49E
2215	#ADB3AD
2216	#B5BBB5
2217	#B0B6B0
2218	#B1B7B1
2219	#ABB1AB
2220	#A6ACA6
2221	#AAB0AA
2222	#ACB2AC
2223	#AFB5AF
2224	#B6BCB6
2225	#BDC3BD
2226	#C1C7C1
2227	#C1C7C1
2228	#CED4CE
2229	#D2D8D2
2230	#CED4CE
2231	#D2D8D2
2232	#D8DED8
2233	#DBE1DB
2234	#D5DBD5
2235	#CED4CE
2236	#CCD2CC
2237	#CBD1CB
2238	#CBD1CB
2239	#CFD5CF
2240	#D1D7D1
2241	#000600
2242	#000600
2243	#000100
2244	#555B55
2245	#CBD1CB
2246	#C5CBC5
2247	#C2C8C2
2248	#C1C7C1
2249	#C1C7C1
2250	#C0C6C0
2251	#C1C7C1
2252	#C2C8C2
2253	#C3C9C3
2254	#C3C9C3
2255	#C2C8C2
2256	#C2C8C2
2257	#C5CBC5
2258	#CFD5CF
2259	#D3D9D3
2260	#D3D9D3
2261	#CFD5CF
2262	#CCD2CC
2263	#C8CEC8
2264	#BCC2BC
2265	#B7BDB7
2266	#B7BDB7
2267	#B4BAB4
2268	#B0B6B0
2269	#B0B6B0
2270	#B1B7B1
2271	#B4BAB4
2272	#BDC3BD
2273	#C8CEC8
2274	#CED4CE
2275	#D1D7D1
2276	#D0D6D0
2277	#C8CEC8
2278	#C2C8C2
2279	#C1C7C1
2280	#B7BDB7
2281	#B0B6B0
2282	#AEB4AE
2283	#A7ADA7
2284	#999F99
2285	#909690
2286	#8C928C
2287	#828882
2288	#7C827C
2289	#787E78
2290	#787E78
2291	#757B75
2292	#696F69
2293	#656B65
2294	#696F69
2295	#6B716B
2296	#6A706A
2297	#636963
2298	#5F655F
2299	#5D635D
2300	#5A605A
2301	#616761
2302	#6D736D
2303	#7F857F
2304	#8F958F
2305	#969C96
2306	#A1A7A1
2307	#ADB3AD
2308	#B9BFB9
2309	#C2C8C2
2310	#BAC0BA
2311	#B3B9B3
2312	#AEB4AE
2313	#A7ADA7
2314	#A5ABA5
2315	#A7ADA7
2316	#AAB0AA
2317	#B3B9B3
2318	#C2C8C2
2319	#C5CBC5
2320	#C5CBC5
2321	#BEC4BE
2322	#B1B7B1
2323	#A7ADA7
2324	#A4AAA4
2325	#9FA59F
2326	#989E98
2327	#8D938D
2328	#7B817B
2329	#686E68
2330	#5F655F
2331	#5B615B
2332	#575D57
2333	#565C56
2334	#595F59
2335	#5C625C
2336	#5F655F
2337	#686E68
2338	#808680
2339	#989E98
2340	#A1A7A1
2341	#A3A9A3
2342	#A4AAA4
2343	#A5ABA5
2344	#A5ABA5
2345	#A4AAA4
2346	#A1A7A1
2347	#A3A9A3
2348	#A7ADA7
2349	#A1A7A1
2350	#949A94
2351	#939993
2352	#9EA49E
2353	#A2A8A2
2354	#9FA59F
2355	#A0A6A0
2356	#ACB2AC
2357	#B4BAB4
2358	#B1B7B1
2359	#B3B9B3
2360	#AEB4AE
2361	#ADB3AD
2362	#B0B6B0
2363	#B2B8B2
2364	#BAC0BA
2365	#C1C7C1
2366	#C4CAC4
2367	#C6CCC6
2368	#CFD5CF
2369	#CED4CE
2370	#CFD5CF
2371	#CED4CE
2372	#D2D8D2
2373	#D9DFD9
2374	#E0E6E0
2375	#DAE0DA
2376	#D1D7D1
2377	#CED4CE
2378	#CFD5CF
2379	#D3D9D3
2380	#D5DBD5
2381	#000600
2382	#000600
2383	#000100
2384	#575D57
2385	#CED4CE
2386	#C8CEC8
2387	#C8CEC8
2388	#C9CFC9
2389	#C7CDC7
2390	#C6CCC6
2391	#C6CCC6
2392	#C5CBC5
2393	#C3C9C3
2394	#C4CAC4
2395	#C4CAC4
2396	#C7CDC7
2397	#D3D9D3
2398	#D8DED8
2399	#D6DCD6
2400	#D7DDD7
2401	#D8DED8
2402	#CFD5CF
2403	#C3C9C3
2404	#BEC4BE
2405	#BBC1BB
2406	#BBC1BB
2407	#B8BEB8
2408	#B5BBB5
2409	#B6BCB6
2410	#B4BAB4
2411	#B6BCB6
2412	#BDC3BD
2413	#C2C8C2
2414	#C9CFC9
2415	#CBD1CB
2416	#C8CEC8
2417	#C3C9C3
2418	#C1C7C1
2419	#BEC4BE
2420	#B6BCB6
2421	#B1B7B1
2422	#B0B6B0
2423	#B1B7B1
2424	#AEB4AE
2425	#AEB4AE
2426	#ABB1AB
2427	#9FA59F
2428	#959B95
2429	#898F89
2430	#858B85
2431	#7C827C
2432	#707670
2433	#6C726C
2434	#6B716B
2435	#6C726C
2436	#6D736D
2437	#6E746E
2438	#6F756F
2439	#6B716B
2440	#616761
2441	#616761
2442	#616761
2443	#656B65
2444	#767C76
2445	#8D938D
2446	#9DA39D
2447	#A8AEA8
2448	#B6BCB6
2449	#BFC5BF
2450	#BDC3BD
2451	#B6BCB6
2452	#B1B7B1
2453	#A8AEA8
2454	#A3A9A3
2455	#A7ADA7
2456	#AAB0AA
2457	#B1B7B1
2458	#BDC3BD
2459	#C3C9C3
2460	#C9CFC9
2461	#C2C8C2
2462	#B4BAB4
2463	#AEB4AE
2464	#A7ADA7
2465	#9EA49E
2466	#8D938D
2467	#777D77
2468	#666C66
2469	#5E645E
2470	#5A605A
2471	#595F59
2472	#5A605A
2473	#5D635D
2474	#666C66
2475	#737973
2476	#828882
2477	#939993
2478	#9EA49E
2479	#A0A6A0
2480	#9DA39D
2481	#9DA39D
2482	#A0A6A0
2483	#A2A8A2
2484	#A4AAA4
2485	#A5ABA5
2486	#A5ABA5
2487	#A2A8A2
2488	#969C96
2489	#8A908A
2490	#878D87
2491	#8B918B
2492	#929892
2493	#A0A6A0
2494	#A2A8A2
2495	#A4AAA4
2496	#A8AEA8
2497	#B0B6B0
2498	#B5BBB5
2499	#B3B9B3
2500	#B7BDB7
2501	#B5BBB5
2502	#B2B8B2
2503	#B5BBB5
2504	#BCC2BC
2505	#C2C8C2
2506	#C6CCC6
2507	#C8CEC8
2508	#CCD2CC
2509	#CBD1CB
2510	#CFD5CF
2511	#D4DAD4
2512	#D4DAD4
2513	#D2D8D2
2514	#D6DCD6
2515	#DEE4DE
2516	#E1E7E1
2517	#DCE2DC
2518	#DAE0DA
2519	#D9DFD9
2520	#DAE0DA
2521	#000600
2522	#000600
2523	#000100
2524	#595F59
2525	#D4DAD4
2526	#CDD3CD
2527	#CED4CE
2528	#CDD3CD
2529	#CDD3CD
2530	#CDD3CD
2531	#CDD3CD
2532	#CBD1CB
2533	#CAD0CA
2534	#CBD1CB
2535	#D0D6D0
2536	#D8DED8
2537	#D9DFD9
2538	#D8DED8
2539	#DCE2DC
2540	#DBE1DB
2541	#D8DED8
2542	#D2D8D2
2543	#C8CEC8
2544	#C4CAC4
2545	#BFC5BF
2546	#BDC3BD
2547	#BAC0BA
2548	#B8BEB8
2549	#B8BEB8
2550	#B8BEB8
2551	#BFC5BF
2552	#C1C7C1
2553	#C4CAC4
2554	#BFC5BF
2555	#B7BDB7
2556	#BAC0BA
2557	#BFC5BF
2558	#C0C6C0
2559	#B7BDB7
2560	#AFB5AF
2561	#AAB0AA
2562	#AAB0AA
2563	#AAB0AA
2564	#A9AFA9
2565	#ACB2AC
2566	#AEB4AE
2567	#AAB0AA
2568	#A5ABA5
2569	#9DA39D
2570	#999F99
2571	#909690
2572	#7F857F
2573	#737973
2574	#707670
2575	#6E746E
2576	#6F756F
2577	#6F756F
2578	#6F756F
2579	#6F756F
2580	#6D736D
2581	#6C726C
2582	#6F756F
2583	#6E746E
2584	#6C726C
2585	#7A807A
2586	#949A94
2587	#A5ABA5
2588	#AEB4AE
2589	#B7BDB7
2590	#BAC0BA
2591	#B9BFB9
2592	#B0B6B0
2593	#A4AAA4
2594	#9EA49E
2595	#A0A6A0
2596	#A7ADA7
2597	#B2B8B2
2598	#BBC1BB
2599	#C1C7C1
2600	#C5CBC5
2601	#C4CAC4
2602	#B6BCB6
2603	#ACB2AC
2604	#A4AAA4
2605	#919791
2606	#767C76
2607	#696F69
2608	#636963
2609	#5E645E
2610	#5D635D
2611	#626862
2612	#6E746E
2613	#787E78
2614	#848A84
2615	#8F958F
2616	#929892
2617	#959B95
2618	#999F99
2619	#9DA39D
2620	#9EA49E
2621	#9FA59F
2622	#9DA39D
2623	#9BA19B
2624	#9DA39D
2625	#999F99
2626	#888E88
2627	#7E847E
2628	#7D837D
2629	#808680
2630	#828882
2631	#888E88
2632	#8D938D
2633	#9CA29C
2634	#9FA59F
2635	#9FA59F
2636	#A3A9A3
2637	#AAB0AA
2638	#B4BAB4
2639	#B6BCB6
2640	#B6BCB6
2641	#BCC2BC
2642	#B7BDB7
2643	#B6BCB6
2644	#BDC3BD
2645	#C4CAC4
2646	#C7CDC7
2647	#C8CEC8
2648	#CAD0CA
2649	#CCD2CC
2650	#CED4CE
2651	#CED4CE
2652	#C8CEC8
2653	#C6CCC6
2654	#CBD1CB
2655	#D3D9D3
2656	#DCE2DC
2657	#E0E6E0
2658	#E0E6E0
2659	#DFE5DF
2660	#DFE5DF
2661	#000600
2662	#000600
2663	#000100
2664	#595F59
2665	#D6DCD6
2666	#D2D8D2
2667	#D3D9D3
2668	#D4DAD4
2669	#D4DAD4
2670	#D6DCD6
2671	#D6DCD6
2672	#D6DCD6
2673	#D6DCD6
2674	#D8DED8
2675	#DEE4DE
2676	#DCE2DC
2677	#DBE1DB
2678	#DDE3DD
2679	#DAE0DA
2680	#D6DCD6
2681	#D6DCD6
2682	#D5DBD5
2683	#CBD1CB
2684	#C6CCC6
2685	#C3C9C3
2686	#C1C7C1
2687	#BDC3BD
2688	#BBC1BB
2689	#BAC0BA
2690	#BFC5BF
2691	#C3C9C3
2692	#C5CBC5
2693	#BDC3BD
2694	#B5BBB5
2695	#B6BCB6
2696	#B3B9B3
2697	#B0B6B0
2698	#ADB3AD
2699	#A7ADA7
2700	#A9AFA9
2701	#AAB0AA
2702	#A9AFA9
2703	#A7ADA7
2704	#A4AAA4
2705	#A1A7A1
2706	#A3A9A3
2707	#9FA59F
2708	#9CA29C
2709	#9BA19B
2710	#9CA29C
2711	#979D97
2712	#8A908A
2713	#777D77
2714	#6D736D
2715	#6C726C
2716	#707670
2717	#707670
2718	#707670
2719	#737973
2720	#6D736D
2721	#676D67
2722	#6C726C
2723	#737973
2724	#797F79
2725	#828882
2726	#8B918B
2727	#A2A8A2
2728	#ADB3AD
2729	#AFB5AF
2730	#B5BBB5
2731	#B7BDB7
2732	#AFB5AF
2733	#A7ADA7
2734	#A1A7A1
2735	#A0A6A0
2736	#A8AEA8
2737	#B5BBB5
2738	#BFC5BF
2739	#C2C8C2
2740	#BFC5BF
2741	#C0C6C0
2742	#B4BAB4
2743	#A9AFA9
2744	#9CA29C
2745	#808680
2746	#6B716B
2747	#696F69
2748	#6B716B
2749	#6C726C
2750	#717771
2751	#7D837D
2752	#868C86
2753	#898F89
2754	#8A908A
2755	#8E948E
2756	#8F958F
2757	#929892
2758	#959B95
2759	#949A94
2760	#959B95
2761	#929892
2762	#909690
2763	#8F958F
2764	#858B85
2765	#797F79
2766	#6D736D
2767	#6F756F
2768	#727872
2769	#717771
2770	#717771
2771	#757B75
2772	#7B817B
2773	#8E948E
2774	#9AA09A
2775	#9FA59F
2776	#A0A6A0
2777	#A5ABA5
2778	#AEB4AE
2779	#B8BEB8
2780	#BBC1BB
2781	#BCC2BC
2782	#BEC4BE
2783	#B9BFB9
2784	#BEC4BE
2785	#C6CCC6
2786	#C8CEC8
2787	#C7CDC7
2788	#CAD0CA
2789	#CBD1CB
2790	#CBD1CB
2791	#C9CFC9
2792	#C7CDC7
2793	#C6CCC6
2794	#C7CDC7
2795	#CAD0CA
2796	#D4DAD4
2797	#DDE3DD
2798	#E0E6E0
2799	#DCE2DC
2800	#DEE4DE
2801	#000600
2802	#000600
2803	#000100
2804	#595F59
2805	#D5DBD5
2806	#D3D9D3
2807	#DAE0DA
2808	#DDE3DD
2809	#DAE0DA
2810	#D8DED8
2811	#D8DED8
2812	#D8DED8
2813	#DBE1DB
2814	#DFE5DF
2815	#E1E7E1
2816	#DEE4DE
2817	#DDE3DD
2818	#DCE2DC
2819	#D8DED8
2820	#D6DCD6
2821	#D3D9D3
2822	#D2D8D2
2823	#CED4CE
2824	#C9CFC9
2825	#C7CDC7
2826	#C5CBC5
2827	#C1C7C1
2828	#BDC3BD
2829	#C0C6C0
2830	#C2C8C2
2831	#C5CBC5
2832	#BFC5BF
2833	#B3B9B3
2834	#B7BDB7
2835	#B3B9B3
2836	#AEB4AE
2837	#ABB1AB
2838	#A5ABA5
2839	#9AA09A
2840	#929892
2841	#939993
2842	#9AA09A
2843	#9CA29C
2844	#9BA19B
2845	#9BA19B
2846	#9EA49E
2847	#9EA49E
2848	#999F99
2849	#969C96
2850	#939993
2851	#939993
2852	#909690
2853	#858B85
2854	#787E78
2855	#727872
2856	#6B716B
2857	#636963
2858	#656B65
2859	#6C726C
2860	#6D736D
2861	#6F756F
2862	#6D736D
2863	#707670
2864	#7D837D
2865	#8A908A
2866	#8C928C
2867	#9BA19B
2868	#A7ADA7
2869	#B0B6B0
2870	#B2B8B2
2871	#B5BBB5
2872	#B2B8B2
2873	#ACB2AC
2874	#A3A9A3
2875	#9AA09A
2876	#A1A7A1
2877	#AFB5AF
2878	#C1C7C1
2879	#C2C8C2
2880	#BEC4BE
2881	#BEC4BE
2882	#B2B8B2
2883	#A3A9A3
2884	#8D938D
2885	#747A74
2886	#6C726C
2887	#717771
2888	#7E847E
2889	#8D938D
2890	#919791
2891	#8D938D
2892	#8A908A
2893	#898F89
2894	#888E88
2895	#888E88
2896	#868C86
2897	#868C86
2898	#8C928C
2899	#909690
2900	#8F958F
2901	#8D938D
2902	#858B85
2903	#777D77
2904	#727872
2905	#717771
2906	#6D736D
2907	#6F756F
2908	#6D736D
2909	#6D736D
2910	#6F756F
2911	#707670
2912	#737973
2913	#818781
2914	#8B918B
2915	#909690
2916	#969C96
2917	#A1A7A1
2918	#A9AFA9
2919	#B1B7B1
2920	#BAC0BA
2921	#C1C7C1
2922	#BFC5BF
2923	#C1C7C1
2924	#C0C6C0
2925	#C6CCC6
2926	#C9CFC9
2927	#C8CEC8
2928	#C8CEC8
2929	#C9CFC9
2930	#C9CFC9
2931	#C7CDC7
2932	#C8CEC8
2933	#C8CEC8
2934	#C9CFC9
2935	#C9CFC9
2936	#CCD2CC
2937	#D7DDD7
2938	#E2E8E2
2939	#DCE2DC
2940	#DDE3DD
2941	#000600
2942	#000600
2943	#000100
2944	#5A605A
2945	#D9DFD9
2946	#D4DAD4
2947	#D8DED8
2948	#DDE3DD
2949	#E0E6E0
2950	#DDE3DD
2951	#DCE2DC
2952	#DDE3DD
2953	#E1E7E1
2954	#E2E8E2
2955	#DAE0DA
2956	#D7DDD7
2957	#D8DED8
2958	#D5DBD5
2959	#D5DBD5
2960	#D4DAD4
2961	#D3D9D3
2962	#D1D7D1
2963	#CDD3CD
2964	#CAD0CA
2965	#CAD0CA
2966	#C8CEC8
2967	#C3C9C3
2968	#C1C7C1
2969	#C6CCC6
2970	#C4CAC4
2971	#C4CAC4
2972	#B6BCB6
2973	#B4BAB4
2974	#B1B7B1
2975	#AEB4AE
2976	#ADB3AD
2977	#A6ACA6
2978	#999F99
2979	#8B918B
2980	#828882
2981	#7F857F
2982	#838983
2983	#8A908A
2984	#929892
2985	#979D97
2986	#9CA29C
2987	#9AA09A
2988	#989E98
2989	#969C96
2990	#919791
2991	#909690
2992	#8E948E
2993	#878D87
2994	#7A807A
2995	#767C76
2996	#777D77
2997	#747A74
2998	#737973
2999	#6D736D
3000	#6A706A
3001	#727872
3002	#797F79
3003	#7B817B
3004	#828882
3005	#8D938D
3006	#8E948E
3007	#989E98
3008	#A2A8A2
3009	#ADB3AD
3010	#B5BBB5
3011	#B7BDB7
3012	#B5BBB5
3013	#AFB5AF
3014	#A9AFA9
3015	#A3A9A3
3016	#A4AAA4
3017	#B3B9B3
3018	#C8CEC8
3019	#C6CCC6
3020	#C3C9C3
3021	#C0C6C0
3022	#B5BBB5
3023	#A7ADA7
3024	#959B95
3025	#868C86
3026	#888E88
3027	#909690
3028	#979D97
3029	#999F99
3030	#8F958F
3031	#888E88
3032	#8A908A
3033	#878D87
3034	#7B817B
3035	#767C76
3036	#7D837D
3037	#858B85
3038	#898F89
3039	#8B918B
3040	#858B85
3041	#787E78
3042	#707670
3043	#707670
3044	#717771
3045	#6B716B
3046	#696F69
3047	#6B716B
3048	#696F69
3049	#6B716B
3050	#6F756F
3051	#717771
3052	#767C76
3053	#7E847E
3054	#858B85
3055	#868C86
3056	#888E88
3057	#8F958F
3058	#9BA19B
3059	#ABB1AB
3060	#B4BAB4
3061	#BFC5BF
3062	#C5CBC5
3063	#C3C9C3
3064	#C6CCC6
3065	#C5CBC5
3066	#C9CFC9
3067	#C9CFC9
3068	#C9CFC9
3069	#C9CFC9
3070	#C9CFC9
3071	#CAD0CA
3072	#C9CFC9
3073	#CAD0CA
3074	#CBD1CB
3075	#CBD1CB
3076	#CBD1CB
3077	#CFD5CF
3078	#E1E7E1
3079	#E1E7E1
3080	#DFE5DF
3081	#000600
3082	#000600
3083	#000100
3084	#5E645E
3085	#E0E6E0
3086	#D9DFD9
3087	#D7DDD7
3088	#D7DDD7
3089	#DCE2DC
3090	#E2E8E2
3091	#E0E6E0
3092	#E1E7E1
3093	#E3E9E3
3094	#DCE2DC
3095	#D8DED8
3096	#D3D9D3
3097	#CED4CE
3098	#CED4CE
3099	#D1D7D1
3100	#D3D9D3
3101	#D2D8D2
3102	#D0D6D0
3103	#CDD3CD
3104	#CCD2CC
3105	#CDD3CD
3106	#CBD1CB
3107	#C4CAC4
3108	#C8CEC8
3109	#C7CDC7
3110	#CAD0CA
3111	#C0C6C0
3112	#B3B9B3
3113	#B3B9B3
3114	#B2B8B2
3115	#ABB1AB
3116	#9FA59F
3117	#969C96
3118	#8E948E
3119	#848A84
3120	#808680
3121	#7E847E
3122	#7B817B
3123	#797F79
3124	#797F79
3125	#808680
3126	#919791
3127	#959B95
3128	#939993
3129	#939993
3130	#939993
3131	#8E948E
3132	#888E88
3133	#868C86
3134	#7D837D
3135	#6F756F
3136	#6B716B
3137	#6E746E
3138	#777D77
3139	#7A807A
3140	#7A807A
3141	#7B817B
3142	#868C86
3143	#919791
3144	#939993
3145	#969C96
3146	#999F99
3147	#9EA49E
3148	#A4AAA4
3149	#AAB0AA
3150	#ABB1AB
3151	#B0B6B0
3152	#B2B8B2
3153	#AFB5AF
3154	#ADB3AD
3155	#B0B6B0
3156	#B3B9B3
3157	#C3C9C3
3158	#D4DAD4
3159	#CED4CE
3160	#C9CFC9
3161	#C5CBC5
3162	#BEC4BE
3163	#B1B7B1
3164	#9FA59F
3165	#949A94
3166	#949A94
3167	#939993
3168	#929892
3169	#919791
3170	#8E948E
3171	#898F89
3172	#7E847E
3173	#727872
3174	#6F756F
3175	#787E78
3176	#828882
3177	#828882
3178	#7C827C
3179	#767C76
3180	#6E746E
3181	#6C726C
3182	#6C726C
3183	#6F756F
3184	#6B716B
3185	#646A64
3186	#666C66
3187	#686E68
3188	#696F69
3189	#6C726C
3190	#6E746E
3191	#707670
3192	#747A74
3193	#7C827C
3194	#7F857F
3195	#808680
3196	#848A84
3197	#898F89
3198	#8D938D
3199	#999F99
3200	#ABB1AB
3201	#B7BDB7
3202	#C5CBC5
3203	#C8CEC8
3204	#C8CEC8
3205	#C7CDC7
3206	#C8CEC8
3207	#C9CFC9
3208	#CBD1CB
3209	#CAD0CA
3210	#CCD2CC
3211	#CCD2CC
3212	#CDD3CD
3213	#CDD3CD
3214	#CCD2CC
3215	#CBD1CB
3216	#CCD2CC
3217	#CCD2CC
3218	#DAE0DA
3219	#E4EAE4
3220	#E1E7E1
3221	#000600
3222	#000600
3223	#000100
3224	#5D635D
3225	#E0E6E0
3226	#DAE0DA
3227	#D8DED8
3228	#D8DED8
3229	#DBE1DB
3230	#E2E8E2
3231	#DFE5DF
3232	#E0E6E0
3233	#E2E8E2
3234	#DCE2DC
3235	#D5DBD5
3236	#CFD5CF
3237	#D0D6D0
3238	#CFD5CF
3239	#D0D6D0
3240	#D1D7D1
3241	#D0D6D0
3242	#CFD5CF
3243	#CED4CE
3244	#CED4CE
3245	#CDD3CD
3246	#CBD1CB
3247	#C9CFC9
3248	#C9CFC9
3249	#CCD2CC
3250	#C9CFC9
3251	#B6BCB6
3252	#B2B8B2
3253	#B1B7B1
3254	#A4AAA4
3255	#9BA19B
3256	#999F99
3257	#939993
3258	#8D938D
3259	#838983
3260	#7C827C
3261	#7B817B
3262	#7A807A
3263	#7B817B
3264	#7D837D
3265	#7E847E
3266	#868C86
3267	#8F958F
3268	#949A94
3269	#979D97
3270	#989E98
3271	#979D97
3272	#919791
3273	#8C928C
3274	#858B85
3275	#777D77
3276	#6C726C
3277	#6A706A
3278	#6D736D
3279	#707670
3280	#6F756F
3281	#707670
3282	#787E78
3283	#828882
3284	#8D938D
3285	#989E98
3286	#A3A9A3
3287	#ABB1AB
3288	#ACB2AC
3289	#ADB3AD
3290	#ADB3AD
3291	#B0B6B0
3292	#B0B6B0
3293	#ADB3AD
3294	#AAB0AA
3295	#ACB2AC
3296	#B5BBB5
3297	#C3C9C3
3298	#CFD5CF
3299	#CCD2CC
3300	#C8CEC8
3301	#C1C7C1
3302	#BDC3BD
3303	#B3B9B3
3304	#A9AFA9
3305	#9CA29C
3306	#989E98
3307	#959B95
3308	#909690
3309	#8B918B
3310	#838983
3311	#777D77
3312	#727872
3313	#747A74
3314	#757B75
3315	#7F857F
3316	#7C827C
3317	#6E746E
3318	#676D67
3319	#696F69
3320	#676D67
3321	#686E68
3322	#686E68
3323	#6E746E
3324	#6B716B
3325	#6A706A
3326	#6E746E
3327	#6E746E
3328	#707670
3329	#6F756F
3330	#707670
3331	#737973
3332	#757B75
3333	#7E847E
3334	#7D837D
3335	#7E847E
3336	#818781
3337	#868C86
3338	#8A908A
3339	#8F958F
3340	#969C96
3341	#A9AFA9
3342	#BDC3BD
3343	#C8CEC8
3344	#CAD0CA
3345	#CAD0CA
3346	#C7CDC7
3347	#C8CEC8
3348	#CBD1CB
3349	#CCD2CC
3350	#CDD3CD
3351	#CED4CE
3352	#CDD3CD
3353	#CDD3CD
3354	#CDD3CD
3355	#CDD3CD
3356	#CED4CE
3357	#CED4CE
3358	#D5DBD5
3359	#E6ECE6
3360	#E1E7E1
3361	#000600
3362	#000600
3363	#000100
3364	#5E645E
3365	#E0E6E0
3366	#D9DFD9
3367	#D9DFD9
3368	#DAE0DA
3369	#DDE3DD
3370	#E0E6E0
3371	#E0E6E0
3372	#E3E9E3
3373	#E2E8E2
3374	#DBE1DB
3375	#D2D8D2
3376	#D1D7D1
3377	#D2D8D2
3378	#D2D8D2
3379	#D1D7D1
3380	#D1D7D1
3381	#D1D7D1
3382	#CFD5CF
3383	#CFD5CF
3384	#CFD5CF
3385	#CDD3CD
3386	#CDD3CD
3387	#CCD2CC
3388	#CDD3CD
3389	#CFD5CF
3390	#BDC3BD
3391	#B2B8B2
3392	#ABB1AB
3393	#A0A6A0
3394	#9AA09A
3395	#969C96
3396	#969C96
3397	#929892
3398	#8E948E
3399	#898F89
3400	#858B85
3401	#848A84
3402	#828882
3403	#808680
3404	#808680
3405	#818781
3406	#838983
3407	#8A908A
3408	#878D87
3409	#888E88
3410	#8D938D
3411	#929892
3412	#929892
3413	#8F958F
3414	#8B918B
3415	#878D87
3416	#7D837D
3417	#7C827C
3418	#7A807A
3419	#777D77
3420	#6F756F
3421	#6B716B
3422	#717771
3423	#797F79
3424	#7E847E
3425	#8C928C
3426	#9FA59F
3427	#A4AAA4
3428	#A6ACA6
3429	#B2B8B2
3430	#B5BBB5
3431	#B6BCB6
3432	#B3B9B3
3433	#B2B8B2
3434	#ACB2AC
3435	#AEB4AE
3436	#B5BBB5
3437	#C2C8C2
3438	#CFD5CF
3439	#CFD5CF
3440	#C6CCC6
3441	#BEC4BE
3442	#B6BCB6
3443	#B8BEB8
3444	#B7BDB7
3445	#A9AFA9
3446	#9DA39D
3447	#939993
3448	#878D87
3449	#7C827C
3450	#747A74
3451	#737973
3452	#7C827C
3453	#767C76
3454	#6D736D
3455	#6B716B
3456	#676D67
3457	#656B65
3458	#686E68
3459	#6D736D
3460	#6F756F
3461	#757B75
3462	#747A74
3463	#727872
3464	#6F756F
3465	#6F756F
3466	#707670
3467	#717771
3468	#727872
3469	#737973
3470	#767C76
3471	#7B817B
3472	#808680
3473	#888E88
3474	#848A84
3475	#848A84
3476	#848A84
3477	#858B85
3478	#858B85
3479	#898F89
3480	#8D938D
3481	#939993
3482	#ABB1AB
3483	#C2C8C2
3484	#CCD2CC
3485	#CDD3CD
3486	#CCD2CC
3487	#C8CEC8
3488	#CAD0CA
3489	#CDD3CD
3490	#CED4CE
3491	#CDD3CD
3492	#CDD3CD
3493	#CDD3CD
3494	#CED4CE
3495	#CDD3CD
3496	#CED4CE
3497	#D0D6D0
3498	#D2D8D2
3499	#E4EAE4
3500	#E2E8E2
3501	#000600
3502	#000600
3503	#000100
3504	#5D635D
3505	#E0E6E0
3506	#D9DFD9
3507	#DBE1DB
3508	#DBE1DB
3509	#DEE4DE
3510	#DEE4DE
3511	#DFE5DF
3512	#E4EAE4
3513	#E2E8E2
3514	#D7DDD7
3515	#D4DAD4
3516	#D3D9D3
3517	#D4DAD4
3518	#D4DAD4
3519	#D3D9D3
3520	#D3D9D3
3521	#D2D8D2
3522	#D1D7D1
3523	#D1D7D1
3524	#CED4CE
3525	#CDD3CD
3526	#CFD5CF
3527	#D1D7D1
3528	#D3D9D3
3529	#C6CCC6
3530	#B5BBB5
3531	#A6ACA6
3532	#9DA39D
3533	#9AA09A
3534	#979D97
3535	#939993
3536	#959B95
3537	#979D97
3538	#969C96
3539	#909690
3540	#888E88
3541	#868C86
3542	#808680
3543	#7F857F
3544	#7D837D
3545	#7D837D
3546	#7E847E
3547	#868C86
3548	#868C86
3549	#818781
3550	#7E847E
3551	#7D837D
3552	#838983
3553	#858B85
3554	#888E88
3555	#8B918B
3556	#888E88
3557	#838983
3558	#888E88
3559	#898F89
3560	#888E88
3561	#808680
3562	#7D837D
3563	#7A807A
3564	#818781
3565	#8A908A
3566	#909690
3567	#949A94
3568	#A0A6A0
3569	#AEB4AE
3570	#B6BCB6
3571	#BAC0BA
3572	#B8BEB8
3573	#B7BDB7
3574	#B0B6B0
3575	#B2B8B2
3576	#B8BEB8
3577	#C5CBC5
3578	#D1D7D1
3579	#CFD5CF
3580	#C7CDC7
3581	#C3C9C3
3582	#B9BFB9
3583	#B5BBB5
3584	#B3B9B3
3585	#A5ABA5
3586	#9AA09A
3587	#868C86
3588	#7B817B
3589	#757B75
3590	#737973
3591	#818781
3592	#707670
3593	#5A605A
3594	#616761
3595	#6B716B
3596	#717771
3597	#767C76
3598	#7A807A
3599	#787E78
3600	#747A74
3601	#757B75
3602	#6E746E
3603	#696F69
3604	#676D67
3605	#686E68
3606	#6A706A
3607	#6D736D
3608	#6E746E
3609	#6F756F
3610	#747A74
3611	#797F79
3612	#818781
3613	#888E88
3614	#8C928C
3615	#8E948E
3616	#8F958F
3617	#8F958F
3618	#8A908A
3619	#868C86
3620	#888E88
3621	#909690
3622	#999F99
3623	#AEB4AE
3624	#CAD0CA
3625	#CED4CE
3626	#CFD5CF
3627	#CCD2CC
3628	#C8CEC8
3629	#CCD2CC
3630	#CDD3CD
3631	#CDD3CD
3632	#CED4CE
3633	#CDD3CD
3634	#CDD3CD
3635	#CFD5CF
3636	#CFD5CF
3637	#D0D6D0
3638	#D3D9D3
3639	#E1E7E1
3640	#E4EAE4
3641	#000600
3642	#000600
3643	#000100
3644	#5E645E
3645	#E0E6E0
3646	#D9DFD9
3647	#DBE1DB
3648	#DBE1DB
3649	#DEE4DE
3650	#E0E6E0
3651	#E1E7E1
3652	#E7EDE7
3653	#E0E6E0
3654	#D6DCD6
3655	#D6DCD6
3656	#D5DBD5
3657	#D5DBD5
3658	#D6DCD6
3659	#D6DCD6
3660	#D3D9D3
3661	#D3D9D3
3662	#D2D8D2
3663	#D1D7D1
3664	#CFD5CF
3665	#CFD5CF
3666	#D3D9D3
3667	#D5DBD5
3668	#D1D7D1
3669	#BEC4BE
3670	#A7ADA7
3671	#9AA09A
3672	#969C96
3673	#969C96
3674	#989E98
3675	#9BA19B
3676	#9CA29C
3677	#969C96
3678	#949A94
3679	#919791
3680	#878D87
3681	#888E88
3682	#838983
3683	#818781
3684	#7D837D
3685	#797F79
3686	#767C76
3687	#777D77
3688	#787E78
3689	#767C76
3690	#7A807A
3691	#797F79
3692	#797F79
3693	#7A807A
3694	#7D837D
3695	#848A84
3696	#898F89
3697	#868C86
3698	#898F89
3699	#898F89
3700	#878D87
3701	#878D87
3702	#8D938D
3703	#939993
3704	#959B95
3705	#8E948E
3706	#898F89
3707	#898F89
3708	#9BA19B
3709	#AEB4AE
3710	#B6BCB6
3711	#BBC1BB
3712	#BCC2BC
3713	#BAC0BA
3714	#B7BDB7
3715	#BAC0BA
3716	#BFC5BF
3717	#CBD1CB
3718	#D5DBD5
3719	#D2D8D2
3720	#CBD1CB
3721	#C3C9C3
3722	#BBC1BB
3723	#AFB5AF
3724	#ABB1AB
3725	#9CA29C
3726	#939993
3727	#848A84
3728	#7B817B
3729	#7C827C
3730	#7A807A
3731	#6A706A
3732	#616761
3733	#6F756F
3734	#7D837D
3735	#818781
3736	#7F857F
3737	#777D77
3738	#747A74
3739	#727872
3740	#6F756F
3741	#6E746E
3742	#686E68
3743	#676D67
3744	#676D67
3745	#676D67
3746	#6A706A
3747	#686E68
3748	#686E68
3749	#6C726C
3750	#747A74
3751	#797F79
3752	#808680
3753	#858B85
3754	#898F89
3755	#8D938D
3756	#909690
3757	#919791
3758	#909690
3759	#8C928C
3760	#8D938D
3761	#909690
3762	#959B95
3763	#9DA39D
3764	#BBC1BB
3765	#D0D6D0
3766	#CED4CE
3767	#D0D6D0
3768	#CBD1CB
3769	#CCD2CC
3770	#CED4CE
3771	#CDD3CD
3772	#CDD3CD
3773	#CED4CE
3774	#CED4CE
3775	#CFD5CF
3776	#D0D6D0
3777	#D0D6D0
3778	#D6DCD6
3779	#DFE5DF
3780	#E0E6E0
3781	#000600
3782	#000600
3783	#000000
3784	#5D635D
3785	#E0E6E0
3786	#DBE1DB
3787	#DAE0DA
3788	#DBE1DB
3789	#DEE4DE
3790	#E1E7E1
3791	#E3E9E3
3792	#E8EEE8
3793	#DEE4DE
3794	#D7DDD7
3795	#D8DED8
3796	#D7DDD7
3797	#D7DDD7
3798	#D7DDD7
3799	#D7DDD7
3800	#D6DCD6
3801	#D5DBD5
3802	#D3D9D3
3803	#D2D8D2
3804	#D0D6D0
3805	#D1D7D1
3806	#D6DCD6
3807	#D4DAD4
3808	#CAD0CA
3809	#B0B6B0
3810	#9CA29C
3811	#979D97
3812	#959B95
3813	#9CA29C
3814	#9EA49E
3815	#9DA39D
3816	#999F99
3817	#959B95
3818	#939993
3819	#939993
3820	#8A908A
3821	#808680
3822	#777D77
3823	#6F756F
3824	#696F69
3825	#666C66
3826	#626862
3827	#626862
3828	#666C66
3829	#636963
3830	#666C66
3831	#656B65
3832	#666C66
3833	#6A706A
3834	#6A706A
3835	#6F756F
3836	#717771
3837	#797F79
3838	#7B817B
3839	#828882
3840	#8C928C
3841	#8B918B
3842	#8A908A
3843	#929892
3844	#A6ACA6
3845	#A5ABA5
3846	#8D938D
3847	#898F89
3848	#9FA59F
3849	#B8BEB8
3850	#BEC4BE
3851	#C1C7C1
3852	#C4CAC4
3853	#C4CAC4
3854	#C1C7C1
3855	#BFC5BF
3856	#C3C9C3
3857	#CED4CE
3858	#D4DAD4
3859	#D2D8D2
3860	#CFD5CF
3861	#C6CCC6
3862	#BBC1BB
3863	#AAB0AA
3864	#9BA19B
3865	#919791
3866	#949A94
3867	#898F89
3868	#808680
3869	#818781
3870	#707670
3871	#6A706A
3872	#7B817B
3873	#7C827C
3874	#787E78
3875	#767C76
3876	#797F79
3877	#787E78
3878	#737973
3879	#6C726C
3880	#686E68
3881	#606660
3882	#5A605A
3883	#585E58
3884	#5B615B
3885	#5A605A
3886	#575D57
3887	#575D57
3888	#585E58
3889	#5D635D
3890	#646A64
3891	#6A706A
3892	#787E78
3893	#818781
3894	#878D87
3895	#8B918B
3896	#8F958F
3897	#8F958F
3898	#8D938D
3899	#8C928C
3900	#939993
3901	#989E98
3902	#999F99
3903	#9BA19B
3904	#ACB2AC
3905	#C7CDC7
3906	#D0D6D0
3907	#D0D6D0
3908	#D0D6D0
3909	#CCD2CC
3910	#CDD3CD
3911	#CED4CE
3912	#CED4CE
3913	#CFD5CF
3914	#CFD5CF
3915	#CFD5CF
3916	#D1D7D1
3917	#D0D6D0
3918	#D9DFD9
3919	#DFE5DF
3920	#DCE2DC
3921	#000600
3922	#000600
3923	#000100
3924	#5D635D
3925	#E0E6E0
3926	#DBE1DB
3927	#DBE1DB
3928	#DBE1DB
3929	#DDE3DD
3930	#DFE5DF
3931	#E3E9E3
3932	#E9EFE9
3933	#DCE2DC
3934	#D8DED8
3935	#D8DED8
3936	#D8DED8
3937	#D9DFD9
3938	#D9DFD9
3939	#D8DED8
3940	#D7DDD7
3941	#D5DBD5
3942	#D3D9D3
3943	#D2D8D2
3944	#D0D6D0
3945	#D4DAD4
3946	#D7DDD7
3947	#D0D6D0
3948	#BBC1BB
3949	#A4AAA4
3950	#999F99
3951	#9AA09A
3952	#9EA49E
3953	#9EA49E
3954	#9CA29C
3955	#9AA09A
3956	#9AA09A
3957	#969C96
3958	#8E948E
3959	#878D87
3960	#7E847E
3961	#6C726C
3962	#646A64
3963	#636963
3964	#616761
3965	#606660
3966	#5E645E
3967	#5D635D
3968	#5F655F
3969	#646A64
3970	#5F655F
3971	#5E645E
3972	#606660
3973	#606660
3974	#616761
3975	#636963
3976	#656B65
3977	#676D67
3978	#656B65
3979	#636963
3980	#747A74
3981	#8B918B
3982	#959B95
3983	#9AA09A
3984	#A5ABA5
3985	#9EA49E
3986	#939993
3987	#969C96
3988	#ABB1AB
3989	#BFC5BF
3990	#C1C7C1
3991	#C2C8C2
3992	#C7CDC7
3993	#C7CDC7
3994	#C2C8C2
3995	#BEC4BE
3996	#C2C8C2
3997	#CAD0CA
3998	#CED4CE
3999	#CED4CE
4000	#D0D6D0
4001	#C9CFC9
4002	#BFC5BF
4003	#B0B6B0
4004	#9AA09A
4005	#898F89
4006	#8D938D
4007	#919791
4008	#8A908A
4009	#848A84
4010	#868C86
4011	#828882
4012	#797F79
4013	#787E78
4014	#767C76
4015	#757B75
4016	#787E78
4017	#737973
4018	#6E746E
4019	#636963
4020	#555B55
4021	#4D534D
4022	#4D534D
4023	#4D534D
4024	#535953
4025	#535953
4026	#515751
4027	#515751
4028	#545A54
4029	#585E58
4030	#5B615B
4031	#656B65
4032	#6B716B
4033	#717771
4034	#767C76
4035	#7F857F
4036	#878D87
4037	#8B918B
4038	#8A908A
4039	#8A908A
4040	#909690
4041	#989E98
4042	#9FA59F
4043	#A3A9A3
4044	#A9AFA9
4045	#B9BFB9
4046	#CED4CE
4047	#D0D6D0
4048	#D2D8D2
4049	#D0D6D0
4050	#CCD2CC
4051	#CDD3CD
4052	#CED4CE
4053	#D0D6D0
4054	#D0D6D0
4055	#CFD5CF
4056	#CFD5CF
4057	#D1D7D1
4058	#DBE1DB
4059	#DEE4DE
4060	#DBE1DB
4061	#000600
4062	#000600
4063	#000000
4064	#5F655F
4065	#E2E8E2
4066	#DCE2DC
4067	#DBE1DB
4068	#DBE1DB
4069	#DBE1DB
4070	#DDE3DD
4071	#E5EBE5
4072	#E8EEE8
4073	#DBE1DB
4074	#D8DED8
4075	#D9DFD9
4076	#DAE0DA
4077	#DAE0DA
4078	#DAE0DA
4079	#D9DFD9
4080	#D8DED8
4081	#D6DCD6
4082	#D5DBD5
4083	#D4DAD4
4084	#D4DAD4
4085	#D7DDD7
4086	#D7DDD7
4087	#C5CBC5
4088	#AFB5AF
4089	#A0A6A0
4090	#A1A7A1
4091	#A2A8A2
4092	#9EA49E
4093	#9CA29C
4094	#9EA49E
4095	#9CA29C
4096	#919791
4097	#878D87
4098	#7E847E
4099	#7A807A
4100	#757B75
4101	#6F756F
4102	#656B65
4103	#616761
4104	#616761
4105	#5E645E
4106	#5C625C
4107	#5B615B
4108	#5C625C
4109	#616761
4110	#5C625C
4111	#5B615B
4112	#5B615B
4113	#5D635D
4114	#656B65
4115	#646A64
4116	#616761
4117	#5E645E
4118	#5F655F
4119	#606660
4120	#5E645E
4121	#6F756F
4122	#8B918B
4123	#9AA09A
4124	#989E98
4125	#929892
4126	#9AA09A
4127	#A4AAA4
4128	#B0B6B0
4129	#BDC3BD
4130	#C1C7C1
4131	#C5CBC5
4132	#C7CDC7
4133	#C8CEC8
4134	#C6CCC6
4135	#C5CBC5
4136	#C9CFC9
4137	#CFD5CF
4138	#CFD5CF
4139	#D1D7D1
4140	#D1D7D1
4141	#CED4CE
4142	#C9CFC9
4143	#BCC2BC
4144	#ABB1AB
4145	#999F99
4146	#8D938D
4147	#909690
4148	#929892
4149	#939993
4150	#919791
4151	#848A84
4152	#797F79
4153	#7E847E
4154	#767C76
4155	#6D736D
4156	#6B716B
4157	#6C726C
4158	#6B716B
4159	#5F655F
4160	#4A504A
4161	#484E48
4162	#4A504A
4163	#4B514B
4164	#4F554F
4165	#515751
4166	#505650
4167	#505650
4168	#535953
4169	#555B55
4170	#5E645E
4171	#636963
4172	#676D67
4173	#6E746E
4174	#707670
4175	#747A74
4176	#757B75
4177	#7A807A
4178	#7F857F
4179	#878D87
4180	#8E948E
4181	#949A94
4182	#9CA29C
4183	#A5ABA5
4184	#AEB4AE
4185	#B6BCB6
4186	#C6CCC6
4187	#D1D7D1
4188	#D3D9D3
4189	#D1D7D1
4190	#CCD2CC
4191	#CCD2CC
4192	#CED4CE
4193	#CFD5CF
4194	#CFD5CF
4195	#D0D6D0
4196	#D0D6D0
4197	#D3D9D3
4198	#DDE3DD
4199	#DDE3DD
4200	#D9DFD9
4201	#000600
4202	#000600
4203	#000000
4204	#606660
4205	#E3E9E3
4206	#DCE2DC
4207	#DBE1DB
4208	#DCE2DC
4209	#DEE4DE
4210	#E2E8E2
4211	#E8EEE8
4212	#E5EBE5
4213	#DDE3DD
4214	#D9DFD9
4215	#D9DFD9
4216	#DAE0DA
4217	#DAE0DA
4218	#DBE1DB
4219	#DAE0DA
4220	#D9DFD9
4221	#D5DBD5
4222	#D5DBD5
4223	#D6DCD6
4224	#D7DDD7
4225	#D8DED8
4226	#D2D8D2
4227	#B9BFB9
4228	#AEB4AE
4229	#A8AEA8
4230	#A4AAA4
4231	#A0A6A0
4232	#9FA59F
4233	#9CA29C
4234	#919791
4235	#8A908A
4236	#838983
4237	#7F857F
4238	#797F79
4239	#757B75
4240	#727872
4241	#707670
4242	#6C726C
4243	#606660
4244	#5D635D
4245	#5D635D
4246	#585E58
4247	#565C56
4248	#555B55
4249	#585E58
4250	#5A605A
4251	#5C625C
4252	#5B615B
4253	#616761
4254	#656B65
4255	#646A64
4256	#636963
4257	#626862
4258	#636963
4259	#646A64
4260	#646A64
4261	#656B65
4262	#737973
4263	#878D87
4264	#919791
4265	#979D97
4266	#A5ABA5
4267	#AAB0AA
4268	#B4BAB4
4269	#BEC4BE
4270	#BDC3BD
4271	#BFC5BF
4272	#C3C9C3
4273	#C4CAC4
4274	#C4CAC4
4275	#C8CEC8
4276	#CED4CE
4277	#D6DCD6
4278	#D7DDD7
4279	#D5DBD5
4280	#D3D9D3
4281	#D2D8D2
4282	#D0D6D0
4283	#C7CDC7
4284	#BFC5BF
4285	#B0B6B0
4286	#919791
4287	#919791
4288	#949A94
4289	#8F958F
4290	#8C928C
4291	#7E847E
4292	#777D77
4293	#727872
4294	#676D67
4295	#696F69
4296	#6D736D
4297	#6A706A
4298	#5E645E
4299	#4E544E
4300	#494F49
4301	#4C524C
4302	#474D47
4303	#474D47
4304	#4D534D
4305	#4C524C
4306	#4E544E
4307	#4F554F
4308	#4F554F
4309	#575D57
4310	#606660
4311	#616761
4312	#656B65
4313	#6A706A
4314	#6C726C
4315	#717771
4316	#727872
4317	#707670
4318	#727872
4319	#787E78
4320	#888E88
4321	#939993
4322	#9AA09A
4323	#A1A7A1
4324	#ACB2AC
4325	#B9BFB9
4326	#C2C8C2
4327	#CFD5CF
4328	#D3D9D3
4329	#D0D6D0
4330	#CFD5CF
4331	#CCD2CC
4332	#CFD5CF
4333	#CFD5CF
4334	#CFD5CF
4335	#D1D7D1
4336	#D1D7D1
4337	#D7DDD7
4338	#DDE3DD
4339	#DAE0DA
4340	#D6DCD6
4341	#000600
4342	#000600
4343	#000000
4344	#5F655F
4345	#E4EAE4
4346	#E0E6E0
4347	#E0E6E0
4348	#E2E8E2
4349	#E3E9E3
4350	#E5EBE5
4351	#E4EAE4
4352	#E2E8E2
4353	#E0E6E0
4354	#D9DFD9
4355	#D8DED8
4356	#DAE0DA
4357	#DBE1DB
4358	#DAE0DA
4359	#D9DFD9
4360	#D9DFD9
4361	#D6DCD6
4362	#D4DAD4
4363	#D6DCD6
4364	#D7DDD7
4365	#D8DED8
4366	#C7CDC7
4367	#B5BBB5
4368	#B3B9B3
4369	#AAB0AA
4370	#A4AAA4
4371	#A5ABA5
4372	#9CA29C
4373	#8C928C
4374	#828882
4375	#7E847E
4376	#7C827C
4377	#7C827C
4378	#797F79
4379	#737973
4380	#6E746E
4381	#6F756F
4382	#6E746E
4383	#636963
4384	#5A605A
4385	#565C56
4386	#535953
4387	#515751
4388	#505650
4389	#505650
4390	#4F554F
4391	#535953
4392	#5B615B
4393	#646A64
4394	#6B716B
4395	#6B716B
4396	#656B65
4397	#656B65
4398	#656B65
4399	#636963
4400	#636963
4401	#696F69
4402	#707670
4403	#808680
4404	#8F958F
4405	#9BA19B
4406	#A9AFA9
4407	#ACB2AC
4408	#B7BDB7
4409	#BFC5BF
4410	#BFC5BF
4411	#BBC1BB
4412	#BFC5BF
4413	#C3C9C3
4414	#C2C8C2
4415	#C7CDC7
4416	#CCD2CC
4417	#D4DAD4
4418	#D6DCD6
4419	#D3D9D3
4420	#D3D9D3
4421	#D0D6D0
4422	#CFD5CF
4423	#C9CFC9
4424	#C1C7C1
4425	#B8BEB8
4426	#989E98
4427	#8E948E
4428	#919791
4429	#868C86
4430	#7C827C
4431	#6B716B
4432	#636963
4433	#676D67
4434	#6F756F
4435	#6D736D
4436	#5F655F
4437	#515751
4438	#4D534D
4439	#474D47
4440	#444A44
4441	#474D47
4442	#454B45
4443	#494F49
4444	#4A504A
4445	#4A504A
4446	#4D534D
4447	#4F554F
4448	#545A54
4449	#5B615B
4450	#5D635D
4451	#606660
4452	#646A64
4453	#676D67
4454	#6A706A
4455	#6B716B
4456	#6B716B
4457	#6C726C
4458	#747A74
4459	#757B75
4460	#797F79
4461	#838983
4462	#929892
4463	#A0A6A0
4464	#AAB0AA
4465	#B7BDB7
4466	#C4CAC4
4467	#CCD2CC
4468	#D0D6D0
4469	#CFD5CF
4470	#D0D6D0
4471	#CED4CE
4472	#CCD2CC
4473	#CED4CE
4474	#CED4CE
4475	#D0D6D0
4476	#D2D8D2
4477	#D9DFD9
4478	#DCE2DC
4479	#D8DED8
4480	#D6DCD6
4481	#000600
4482	#000600
4483	#000100
4484	#5D635D
4485	#E3E9E3
4486	#E1E7E1
4487	#E3E9E3
4488	#E2E8E2
4489	#E2E8E2
4490	#DFE5DF
4491	#DFE5DF
4492	#E0E6E0
4493	#E2E8E2
4494	#DCE2DC
4495	#D9DFD9
4496	#DAE0DA
4497	#DAE0DA
4498	#DBE1DB
4499	#DBE1DB
4500	#D9DFD9
4501	#D7DDD7
4502	#D6DCD6
4503	#D7DDD7
4504	#D7DDD7
4505	#D3D9D3
4506	#C1C7C1
4507	#B9BFB9
4508	#B1B7B1
4509	#ACB2AC
4510	#A5ABA5
4511	#979D97
4512	#8B918B
4513	#858B85
4514	#818781
4515	#7A807A
4516	#7A807A
4517	#797F79
4518	#767C76
4519	#717771
4520	#6D736D
4521	#6A706A
4522	#6A706A
4523	#686E68
4524	#616761
4525	#5B615B
4526	#585E58
4527	#585E58
4528	#585E58
4529	#575D57
4530	#555B55
4531	#535953
4532	#585E58
4533	#626862
4534	#6A706A
4535	#707670
4536	#6A706A
4537	#666C66
4538	#616761
4539	#5F655F
4540	#5F655F
4541	#636963
4542	#696F69
4543	#7C827C
4544	#8A908A
4545	#8E948E
4546	#9EA49E
4547	#A7ADA7
4548	#B5BBB5
4549	#C0C6C0
4550	#C0C6C0
4551	#C0C6C0
4552	#C5CBC5
4553	#C6CCC6
4554	#C4CAC4
4555	#C6CCC6
4556	#CFD5CF
4557	#D7DDD7
4558	#D6DCD6
4559	#D3D9D3
4560	#D3D9D3
4561	#D3D9D3
4562	#D1D7D1
4563	#CED4CE
4564	#C2C8C2
4565	#BAC0BA
4566	#A9AFA9
4567	#8E948E
4568	#7F857F
4569	#6F756F
4570	#646A64
4571	#626862
4572	#646A64
4573	#6B716B
4574	#6A706A
4575	#535953
4576	#464C46
4577	#444A44
4578	#484E48
4579	#454B45
4580	#474D47
4581	#4B514B
4582	#4F554F
4583	#575D57
4584	#595F59
4585	#5A605A
4586	#5B615B
4587	#616761
4588	#656B65
4589	#676D67
4590	#686E68
4591	#6B716B
4592	#6A706A
4593	#6C726C
4594	#6B716B
4595	#686E68
4596	#686E68
4597	#6C726C
4598	#737973
4599	#787E78
4600	#777D77
4601	#7D837D
4602	#868C86
4603	#979D97
4604	#ACB2AC
4605	#B7BDB7
4606	#C1C7C1
4607	#C9CFC9
4608	#CFD5CF
4609	#D0D6D0
4610	#CFD5CF
4611	#D0D6D0
4612	#CBD1CB
4613	#CDD3CD
4614	#CFD5CF
4615	#D1D7D1
4616	#D4DAD4
4617	#DAE0DA
4618	#D9DFD9
4619	#D7DDD7
4620	#D7DDD7
4621	#000600
4622	#000600
4623	#000100
4624	#5D635D
4625	#E0E6E0
4626	#E0E6E0
4627	#E3E9E3
4628	#E0E6E0
4629	#DDE3DD
4630	#DCE2DC
4631	#DDE3DD
4632	#DFE5DF
4633	#E2E8E2
4634	#DEE4DE
4635	#DAE0DA
4636	#DBE1DB
4637	#DBE1DB
4638	#DCE2DC
4639	#DBE1DB
4640	#D9DFD9
4641	#D7DDD7
4642	#D9DFD9
4643	#D7DDD7
4644	#D6DCD6
4645	#CAD0CA
4646	#C3C9C3
4647	#B6BCB6
4648	#B1B7B1
4649	#ADB3AD
4650	#979D97
4651	#8B918B
4652	#868C86
4653	#828882
4654	#7E847E
4655	#787E78
4656	#747A74
4657	#737973
4658	#737973
4659	#717771
4660	#767C76
4661	#737973
4662	#737973
4663	#727872
4664	#717771
4665	#6C726C
4666	#666C66
4667	#636963
4668	#646A64
4669	#666C66
4670	#646A64
4671	#646A64
4672	#646A64
4673	#6E746E
4674	#727872
4675	#757B75
4676	#7C827C
4677	#7B817B
4678	#6F756F
4679	#6B716B
4680	#626862
4681	#5F655F
4682	#656B65
4683	#707670
4684	#7C827C
4685	#7E847E
4686	#8C928C
4687	#A1A7A1
4688	#B1B7B1
4689	#BDC3BD
4690	#C0C6C0
4691	#C4CAC4
4692	#C8CEC8
4693	#C9CFC9
4694	#C8CEC8
4695	#CCD2CC
4696	#D4DAD4
4697	#D9DFD9
4698	#D8DED8
4699	#D4DAD4
4700	#D3D9D3
4701	#D3D9D3
4702	#D1D7D1
4703	#CFD5CF
4704	#C3C9C3
4705	#B5BBB5
4706	#ACB2AC
4707	#919791
4708	#6B716B
4709	#616761
4710	#5F655F
4711	#626862
4712	#646A64
4713	#616761
4714	#5E645E
4715	#535953
4716	#515751
4717	#565C56
4718	#5B615B
4719	#5E645E
4720	#606660
4721	#646A64
4722	#656B65
4723	#646A64
4724	#686E68
4725	#646A64
4726	#666C66
4727	#696F69
4728	#696F69
4729	#6A706A
4730	#717771
4731	#747A74
4732	#747A74
4733	#767C76
4734	#747A74
4735	#6C726C
4736	#6B716B
4737	#6D736D
4738	#707670
4739	#747A74
4740	#7A807A
4741	#828882
4742	#878D87
4743	#909690
4744	#A3A9A3
4745	#B6BCB6
4746	#BFC5BF
4747	#C5CBC5
4748	#D0D6D0
4749	#D2D8D2
4750	#CED4CE
4751	#D1D7D1
4752	#CED4CE
4753	#CDD3CD
4754	#CED4CE
4755	#D1D7D1
4756	#D4DAD4
4757	#D8DED8
4758	#D7DDD7
4759	#D6DCD6
4760	#D8DED8
4761	#000600
4762	#000600
4763	#000000
4764	#5F655F
4765	#E2E8E2
4766	#DBE1DB
4767	#DEE4DE
4768	#DEE4DE
4769	#DEE4DE
4770	#DDE3DD
4771	#DDE3DD
4772	#DEE4DE
4773	#E1E7E1
4774	#E0E6E0
4775	#DCE2DC
4776	#DBE1DB
4777	#DCE2DC
4778	#DCE2DC
4779	#DAE0DA
4780	#D9DFD9
4781	#D8DED8
4782	#D9DFD9
4783	#D8DED8
4784	#D4DAD4
4785	#C9CFC9
4786	#C0C6C0
4787	#B7BDB7
4788	#B0B6B0
4789	#9EA49E
4790	#909690
4791	#888E88
4792	#838983
4793	#7F857F
4794	#7A807A
4795	#777D77
4796	#757B75
4797	#777D77
4798	#797F79
4799	#7B817B
4800	#7C827C
4801	#7D837D
4802	#797F79
4803	#747A74
4804	#727872
4805	#707670
4806	#6C726C
4807	#656B65
4808	#636963
4809	#656B65
4810	#616761
4811	#606660
4812	#626862
4813	#696F69
4814	#6B716B
4815	#6A706A
4816	#6E746E
4817	#7F857F
4818	#858B85
4819	#818781
4820	#7B817B
4821	#707670
4822	#6A706A
4823	#696F69
4824	#737973
4825	#767C76
4826	#7C827C
4827	#919791
4828	#ABB1AB
4829	#B5BBB5
4830	#C0C6C0
4831	#C1C7C1
4832	#C7CDC7
4833	#CAD0CA
4834	#CAD0CA
4835	#CFD5CF
4836	#D7DDD7
4837	#DAE0DA
4838	#D8DED8
4839	#D3D9D3
4840	#D0D6D0
4841	#D0D6D0
4842	#CDD3CD
4843	#CAD0CA
4844	#BDC3BD
4845	#AFB5AF
4846	#A9AFA9
4847	#989E98
4848	#6B716B
4849	#5B615B
4850	#5D635D
4851	#5F655F
4852	#5E645E
4853	#5E645E
4854	#696F69
4855	#6E746E
4856	#696F69
4857	#656B65
4858	#636963
4859	#626862
4860	#606660
4861	#646A64
4862	#616761
4863	#606660
4864	#626862
4865	#616761
4866	#636963
4867	#646A64
4868	#696F69
4869	#6A706A
4870	#6E746E
4871	#727872
4872	#757B75
4873	#787E78
4874	#757B75
4875	#777D77
4876	#777D77
4877	#777D77
4878	#767C76
4879	#747A74
4880	#787E78
4881	#828882
4882	#898F89
4883	#969C96
4884	#A1A7A1
4885	#ABB1AB
4886	#B9BFB9
4887	#C5CBC5
4888	#CCD2CC
4889	#D3D9D3
4890	#CFD5CF
4891	#D0D6D0
4892	#CFD5CF
4893	#CED4CE
4894	#D0D6D0
4895	#D2D8D2
4896	#D4DAD4
4897	#D7DDD7
4898	#D7DDD7
4899	#D5DBD5
4900	#D8DED8
4901	#000600
4902	#000600
4903	#000100
4904	#5F655F
4905	#DDE3DD
4906	#D4DAD4
4907	#D9DFD9
4908	#E0E6E0
4909	#DFE5DF
4910	#DEE4DE
4911	#DFE5DF
4912	#DDE3DD
4913	#E1E7E1
4914	#E0E6E0
4915	#DCE2DC
4916	#DBE1DB
4917	#DBE1DB
4918	#DBE1DB
4919	#DAE0DA
4920	#DAE0DA
4921	#DAE0DA
4922	#D9DFD9
4923	#D8DED8
4924	#D3D9D3
4925	#C6CCC6
4926	#BFC5BF
4927	#B6BCB6
4928	#A3A9A3
4929	#999F99
4930	#919791
4931	#888E88
4932	#838983
4933	#7C827C
4934	#7B817B
4935	#808680
4936	#858B85
4937	#828882
4938	#7C827C
4939	#787E78
4940	#797F79
4941	#7D837D
4942	#7A807A
4943	#727872
4944	#787E78
4945	#797F79
4946	#6F756F
4947	#696F69
4948	#636963
4949	#636963
4950	#606660
4951	#5C625C
4952	#5D635D
4953	#5E645E
4954	#606660
4955	#656B65
4956	#646A64
4957	#6C726C
4958	#757B75
4959	#7E847E
4960	#7D837D
4961	#7C827C
4962	#757B75
4963	#707670
4964	#767C76
4965	#7C827C
4966	#7B817B
4967	#8B918B
4968	#A5ABA5
4969	#AEB4AE
4970	#BDC3BD
4971	#C4CAC4
4972	#CAD0CA
4973	#CBD1CB
4974	#CDD3CD
4975	#D0D6D0
4976	#D7DDD7
4977	#DAE0DA
4978	#D8DED8
4979	#D3D9D3
4980	#D1D7D1
4981	#CFD5CF
4982	#CCD2CC
4983	#C5CBC5
4984	#B5BBB5
4985	#ACB2AC
4986	#A6ACA6
4987	#9BA19B
4988	#777D77
4989	#5E645E
4990	#666C66
4991	#686E68
4992	#686E68
4993	#676D67
4994	#6A706A
4995	#666C66
4996	#616761
4997	#616761
4998	#5C625C
4999	#5E645E
5000	#5F655F
5001	#626862
5002	#606660
5003	#606660
5004	#606660
5005	#606660
5006	#616761
5007	#636963
5008	#686E68
5009	#6A706A
5010	#6D736D
5011	#717771
5012	#737973
5013	#717771
5014	#727872
5015	#777D77
5016	#7A807A
5017	#7E847E
5018	#828882
5019	#828882
5020	#7F857F
5021	#828882
5022	#8A908A
5023	#989E98
5024	#A3A9A3
5025	#A6ACA6
5026	#B1B7B1
5027	#C7CDC7
5028	#CBD1CB
5029	#D2D8D2
5030	#D3D9D3
5031	#CDD3CD
5032	#D0D6D0
5033	#CDD3CD
5034	#CFD5CF
5035	#D1D7D1
5036	#D3D9D3
5037	#D5DBD5
5038	#D6DCD6
5039	#D6DCD6
5040	#D8DED8
5041	#000600
5042	#000600
5043	#000100
5044	#5C625C
5045	#DBE1DB
5046	#D5DBD5
5047	#D7DDD7
5048	#DEE4DE
5049	#E2E8E2
5050	#DFE5DF
5051	#DEE4DE
5052	#DCE2DC
5053	#DFE5DF
5054	#E0E6E0
5055	#DCE2DC
5056	#DAE0DA
5057	#DAE0DA
5058	#DAE0DA
5059	#D8DED8
5060	#D8DED8
5061	#DAE0DA
5062	#D9DFD9
5063	#D9DFD9
5064	#CFD5CF
5065	#C3C9C3
5066	#BFC5BF
5067	#A9AFA9
5068	#9EA49E
5069	#999F99
5070	#919791
5071	#8A908A
5072	#868C86
5073	#868C86
5074	#898F89
5075	#878D87
5076	#848A84
5077	#808680
5078	#7C827C
5079	#797F79
5080	#797F79
5081	#797F79
5082	#767C76
5083	#707670
5084	#767C76
5085	#727872
5086	#686E68
5087	#626862
5088	#606660
5089	#5D635D
5090	#5D635D
5091	#575D57
5092	#565C56
5093	#575D57
5094	#5B615B
5095	#626862
5096	#696F69
5097	#686E68
5098	#676D67
5099	#6A706A
5100	#777D77
5101	#777D77
5102	#6F756F
5103	#737973
5104	#7B817B
5105	#7F857F
5106	#7E847E
5107	#8E948E
5108	#A5ABA5
5109	#ACB2AC
5110	#BCC2BC
5111	#C9CFC9
5112	#CDD3CD
5113	#CCD2CC
5114	#CDD3CD
5115	#D0D6D0
5116	#D6DCD6
5117	#D8DED8
5118	#D6DCD6
5119	#D4DAD4
5120	#D0D6D0
5121	#CDD3CD
5122	#CCD2CC
5123	#C2C8C2
5124	#B5BBB5
5125	#AEB4AE
5126	#A8AEA8
5127	#A1A7A1
5128	#818781
5129	#666C66
5130	#6A706A
5131	#6E746E
5132	#656B65
5133	#606660
5134	#646A64
5135	#606660
5136	#5E645E
5137	#5E645E
5138	#595F59
5139	#5A605A
5140	#585E58
5141	#555B55
5142	#555B55
5143	#535953
5144	#545A54
5145	#555B55
5146	#5A605A
5147	#606660
5148	#616761
5149	#646A64
5150	#636963
5151	#676D67
5152	#6B716B
5153	#6F756F
5154	#727872
5155	#787E78
5156	#7C827C
5157	#7D837D
5158	#808680
5159	#858B85
5160	#898F89
5161	#8C928C
5162	#929892
5163	#9BA19B
5164	#A2A8A2
5165	#A5ABA5
5166	#ABB1AB
5167	#BBC1BB
5168	#CBD1CB
5169	#D1D7D1
5170	#D5DBD5
5171	#CFD5CF
5172	#D1D7D1
5173	#CED4CE
5174	#CED4CE
5175	#CFD5CF
5176	#D2D8D2
5177	#D4DAD4
5178	#D5DBD5
5179	#D6DCD6
5180	#D6DCD6
5181	#000600
5182	#000600
5183	#000100
5184	#5B615B
5185	#DBE1DB
5186	#D7DDD7
5187	#D6DCD6
5188	#DAE0DA
5189	#E1E7E1
5190	#DFE5DF
5191	#DEE4DE
5192	#DEE4DE
5193	#DDE3DD
5194	#DFE5DF
5195	#DCE2DC
5196	#D9DFD9
5197	#D8DED8
5198	#D9DFD9
5199	#D8DED8
5200	#D8DED8
5201	#DAE0DA
5202	#DAE0DA
5203	#D9DFD9
5204	#CAD0CA
5205	#C4CAC4
5206	#B6BCB6
5207	#A4AAA4
5208	#9DA39D
5209	#969C96
5210	#909690
5211	#909690
5212	#939993
5213	#909690
5214	#8A908A
5215	#878D87
5216	#838983
5217	#818781
5218	#7E847E
5219	#777D77
5220	#717771
5221	#696F69
5222	#676D67
5223	#616761
5224	#616761
5225	#626862
5226	#606660
5227	#5A605A
5228	#535953
5229	#505650
5230	#4F554F
5231	#4E544E
5232	#4D534D
5233	#4C524C
5234	#4E544E
5235	#505650
5236	#5D635D
5237	#5E645E
5238	#636963
5239	#656B65
5240	#6C726C
5241	#6F756F
5242	#6F756F
5243	#767C76
5244	#7F857F
5245	#838983
5246	#8C928C
5247	#9CA29C
5248	#AAB0AA
5249	#B1B7B1
5250	#BFC5BF
5251	#CDD3CD
5252	#CED4CE
5253	#CDD3CD
5254	#CED4CE
5255	#D0D6D0
5256	#D4DAD4
5257	#D7DDD7
5258	#D4DAD4
5259	#D1D7D1
5260	#D0D6D0
5261	#CFD5CF
5262	#CBD1CB
5263	#C1C7C1
5264	#B8BEB8
5265	#B4BAB4
5266	#AEB4AE
5267	#9EA49E
5268	#7E847E
5269	#686E68
5270	#676D67
5271	#6D736D
5272	#6A706A
5273	#646A64
5274	#656B65
5275	#606660
5276	#5A605A
5277	#525852
5278	#494F49
5279	#4A504A
5280	#494F49
5281	#4B514B
5282	#4B514B
5283	#4A504A
5284	#515751
5285	#565C56
5286	#565C56
5287	#575D57
5288	#585E58
5289	#5E645E
5290	#5E645E
5291	#5C625C
5292	#5E645E
5293	#636963
5294	#6A706A
5295	#717771
5296	#797F79
5297	#7F857F
5298	#828882
5299	#858B85
5300	#888E88
5301	#909690
5302	#999F99
5303	#A4AAA4
5304	#A5ABA5
5305	#A6ACA6
5306	#ACB2AC
5307	#B1B7B1
5308	#C3C9C3
5309	#CFD5CF
5310	#D7DDD7
5311	#D1D7D1
5312	#D0D6D0
5313	#CED4CE
5314	#CCD2CC
5315	#CED4CE
5316	#D3D9D3
5317	#D4DAD4
5318	#D5DBD5
5319	#D5DBD5
5320	#D5DBD5
5321	#000600
5322	#000600
5323	#000100
5324	#5C625C
5325	#DBE1DB
5326	#D6DCD6
5327	#D7DDD7
5328	#D9DFD9
5329	#E0E6E0
5330	#E0E6E0
5331	#DDE3DD
5332	#DDE3DD
5333	#DDE3DD
5334	#DEE4DE
5335	#DBE1DB
5336	#DAE0DA
5337	#D7DDD7
5338	#D7DDD7
5339	#D7DDD7
5340	#D8DED8
5341	#D9DFD9
5342	#DCE2DC
5343	#D6DCD6
5344	#C9CFC9
5345	#BEC4BE
5346	#B1B7B1
5347	#A5ABA5
5348	#9EA49E
5349	#9AA09A
5350	#9BA19B
5351	#9CA29C
5352	#989E98
5353	#8F958F
5354	#8C928C
5355	#8B918B
5356	#848A84
5357	#7B817B
5358	#707670
5359	#676D67
5360	#5F655F
5361	#5A605A
5362	#5A605A
5363	#5B615B
5364	#595F59
5365	#595F59
5366	#5A605A
5367	#5E645E
5368	#5A605A
5369	#555B55
5370	#525852
5371	#535953
5372	#505650
5373	#484E48
5374	#474D47
5375	#474D47
5376	#4F554F
5377	#4C524C
5378	#505650
5379	#535953
5380	#5E645E
5381	#6F756F
5382	#717771
5383	#757B75
5384	#7A807A
5385	#7F857F
5386	#8D938D
5387	#A9AFA9
5388	#B8BEB8
5389	#BEC4BE
5390	#C8CEC8
5391	#CFD5CF
5392	#D1D7D1
5393	#D1D7D1
5394	#D2D8D2
5395	#D2D8D2
5396	#D5DBD5
5397	#D7DDD7
5398	#D6DCD6
5399	#D4DAD4
5400	#D5DBD5
5401	#D2D8D2
5402	#CED4CE
5403	#C8CEC8
5404	#C0C6C0
5405	#B9BFB9
5406	#AFB5AF
5407	#969C96
5408	#777D77
5409	#686E68
5410	#686E68
5411	#6C726C
5412	#6D736D
5413	#686E68
5414	#5C625C
5415	#505650
5416	#4C524C
5417	#4A504A
5418	#484E48
5419	#4A504A
5420	#4D534D
5421	#4E544E
5422	#4E544E
5423	#525852
5424	#565C56
5425	#555B55
5426	#535953
5427	#565C56
5428	#585E58
5429	#595F59
5430	#595F59
5431	#5B615B
5432	#5D635D
5433	#5F655F
5434	#636963
5435	#646A64
5436	#696F69
5437	#737973
5438	#808680
5439	#868C86
5440	#8A908A
5441	#8F958F
5442	#989E98
5443	#A5ABA5
5444	#ADB3AD
5445	#ADB3AD
5446	#B1B7B1
5447	#B3B9B3
5448	#BDC3BD
5449	#CFD5CF
5450	#D4DAD4
5451	#D4DAD4
5452	#D0D6D0
5453	#CFD5CF
5454	#CDD3CD
5455	#CFD5CF
5456	#D2D8D2
5457	#D3D9D3
5458	#D3D9D3
5459	#D4DAD4
5460	#D6DCD6
5461	#000600
5462	#000600
5463	#000100
5464	#5C625C
5465	#DBE1DB
5466	#D6DCD6
5467	#D6DCD6
5468	#D8DED8
5469	#DEE4DE
5470	#E0E6E0
5471	#DDE3DD
5472	#DCE2DC
5473	#DCE2DC
5474	#DDE3DD
5475	#DCE2DC
5476	#D9DFD9
5477	#D7DDD7
5478	#D7DDD7
5479	#D6DCD6
5480	#D8DED8
5481	#DAE0DA
5482	#DCE2DC
5483	#D4DAD4
5484	#C9CFC9
5485	#B6BCB6
5486	#AFB5AF
5487	#A5ABA5
5488	#A2A8A2
5489	#A1A7A1
5490	#A0A6A0
5491	#9EA49E
5492	#9AA09A
5493	#959B95
5494	#8E948E
5495	#828882
5496	#707670
5497	#676D67
5498	#656B65
5499	#626862
5500	#5D635D
5501	#5B615B
5502	#5A605A
5503	#595F59
5504	#575D57
5505	#575D57
5506	#545A54
5507	#555B55
5508	#575D57
5509	#575D57
5510	#5B615B
5511	#5A605A
5512	#5A605A
5513	#515751
5514	#4C524C
5515	#494F49
5516	#4B514B
5517	#4E544E
5518	#4C524C
5519	#4B514B
5520	#505650
5521	#595F59
5522	#5B615B
5523	#696F69
5524	#757B75
5525	#7D837D
5526	#8E948E
5527	#B2B8B2
5528	#BFC5BF
5529	#C1C7C1
5530	#C9CFC9
5531	#CDD3CD
5532	#D0D6D0
5533	#D4DAD4
5534	#D3D9D3
5535	#D2D8D2
5536	#D4DAD4
5537	#D8DED8
5538	#D8DED8
5539	#D6DCD6
5540	#D5DBD5
5541	#D1D7D1
5542	#CDD3CD
5543	#C7CDC7
5544	#BDC3BD
5545	#B5BBB5
5546	#A8AEA8
5547	#8D938D
5548	#727872
5549	#6A706A
5550	#636963
5551	#5F655F
5552	#5C625C
5553	#575D57
5554	#4E544E
5555	#515751
5556	#505650
5557	#4A504A
5558	#4B514B
5559	#4E544E
5560	#4E544E
5561	#4D534D
5562	#4C524C
5563	#515751
5564	#515751
5565	#505650
5566	#555B55
5567	#585E58
5568	#555B55
5569	#555B55
5570	#575D57
5571	#595F59
5572	#595F59
5573	#5B615B
5574	#5E645E
5575	#626862
5576	#656B65
5577	#6A706A
5578	#737973
5579	#7D837D
5580	#8B918B
5581	#969C96
5582	#999F99
5583	#A2A8A2
5584	#ADB3AD
5585	#B4BAB4
5586	#B7BDB7
5587	#B5BBB5
5588	#B9BFB9
5589	#CBD1CB
5590	#D6DCD6
5591	#D5DBD5
5592	#D3D9D3
5593	#CED4CE
5594	#CBD1CB
5595	#CBD1CB
5596	#CED4CE
5597	#CFD5CF
5598	#D1D7D1
5599	#D3D9D3
5600	#D6DCD6
5601	#000600
5602	#000600
5603	#000100
5604	#5D635D
5605	#DCE2DC
5606	#D5DBD5
5607	#D6DCD6
5608	#D7DDD7
5609	#DBE1DB
5610	#DFE5DF
5611	#DFE5DF
5612	#DDE3DD
5613	#DBE1DB
5614	#DCE2DC
5615	#DCE2DC
5616	#D9DFD9
5617	#D8DED8
5618	#D6DCD6
5619	#D6DCD6
5620	#D9DFD9
5621	#DCE2DC
5622	#DBE1DB
5623	#D3D9D3
5624	#C1C7C1
5625	#B3B9B3
5626	#AFB5AF
5627	#ACB2AC
5628	#AAB0AA
5629	#A2A8A2
5630	#9EA49E
5631	#9EA49E
5632	#9AA09A
5633	#8E948E
5634	#7E847E
5635	#707670
5636	#6A706A
5637	#686E68
5638	#646A64
5639	#616761
5640	#616761
5641	#5E645E
5642	#575D57
5643	#535953
5644	#525852
5645	#535953
5646	#535953
5647	#535953
5648	#535953
5649	#595F59
5650	#585E58
5651	#565C56
5652	#565C56
5653	#545A54
5654	#515751
5655	#525852
5656	#525852
5657	#575D57
5658	#585E58
5659	#525852
5660	#525852
5661	#4F554F
5662	#4F554F
5663	#575D57
5664	#666C66
5665	#777D77
5666	#9CA29C
5667	#B6BCB6
5668	#BAC0BA
5669	#C5CBC5
5670	#CBD1CB
5671	#D0D6D0
5672	#D2D8D2
5673	#D3D9D3
5674	#D2D8D2
5675	#D2D8D2
5676	#D3D9D3
5677	#D8DED8
5678	#D8DED8
5679	#D5DBD5
5680	#D3D9D3
5681	#D1D7D1
5682	#CED4CE
5683	#C6CCC6
5684	#BAC0BA
5685	#B1B7B1
5686	#9EA49E
5687	#838983
5688	#6B716B
5689	#606660
5690	#595F59
5691	#585E58
5692	#535953
5693	#565C56
5694	#575D57
5695	#5A605A
5696	#525852
5697	#4E544E
5698	#505650
5699	#4E544E
5700	#4E544E
5701	#4B514B
5702	#4A504A
5703	#4D534D
5704	#4D534D
5705	#505650
5706	#525852
5707	#515751
5708	#515751
5709	#525852
5710	#555B55
5711	#565C56
5712	#595F59
5713	#5C625C
5714	#5E645E
5715	#606660
5716	#656B65
5717	#6A706A
5718	#6E746E
5719	#757B75
5720	#808680
5721	#8C928C
5722	#979D97
5723	#A1A7A1
5724	#ADB3AD
5725	#B3B9B3
5726	#B8BEB8
5727	#BAC0BA
5728	#B9BFB9
5729	#C6CCC6
5730	#D6DCD6
5731	#D5DBD5
5732	#D2D8D2
5733	#CCD2CC
5734	#C3C9C3
5735	#C5CBC5
5736	#C9CFC9
5737	#C6CCC6
5738	#C7CDC7
5739	#CED4CE
5740	#D3D9D3
5741	#000600
5742	#000600
5743	#000100
5744	#5D635D
5745	#DEE4DE
5746	#D6DCD6
5747	#D8DED8
5748	#D7DDD7
5749	#D9DFD9
5750	#DEE4DE
5751	#DFE5DF
5752	#DDE3DD
5753	#DBE1DB
5754	#DBE1DB
5755	#DBE1DB
5756	#D9DFD9
5757	#D8DED8
5758	#D6DCD6
5759	#D7DDD7
5760	#D9DFD9
5761	#DDE3DD
5762	#DAE0DA
5763	#D0D6D0
5764	#BDC3BD
5765	#B5BBB5
5766	#B5BBB5
5767	#AEB4AE
5768	#A7ADA7
5769	#A3A9A3
5770	#A2A8A2
5771	#999F99
5772	#8A908A
5773	#7E847E
5774	#787E78
5775	#727872
5776	#6B716B
5777	#676D67
5778	#626862
5779	#616761
5780	#5F655F
5781	#5C625C
5782	#575D57
5783	#515751
5784	#515751
5785	#515751
5786	#505650
5787	#4F554F
5788	#545A54
5789	#555B55
5790	#505650
5791	#4F554F
5792	#505650
5793	#505650
5794	#4F554F
5795	#515751
5796	#585E58
5797	#5C625C
5798	#606660
5799	#585E58
5800	#525852
5801	#535953
5802	#535953
5803	#555B55
5804	#5F655F
5805	#737973
5806	#A2A8A2
5807	#B0B6B0
5808	#B0B6B0
5809	#C2C8C2
5810	#CBD1CB
5811	#D2D8D2
5812	#D4DAD4
5813	#D4DAD4
5814	#D3D9D3
5815	#D1D7D1
5816	#D3D9D3
5817	#D7DDD7
5818	#D9DFD9
5819	#D5DBD5
5820	#D3D9D3
5821	#D2D8D2
5822	#D0D6D0
5823	#C6CCC6
5824	#BAC0BA
5825	#ABB1AB
5826	#929892
5827	#717771
5828	#5B615B
5829	#5A605A
5830	#5A605A
5831	#5A605A
5832	#585E58
5833	#5B615B
5834	#575D57
5835	#565C56
5836	#505650
5837	#535953
5838	#535953
5839	#4C524C
5840	#4B514B
5841	#4A504A
5842	#4C524C
5843	#494F49
5844	#4B514B
5845	#4E544E
5846	#4D534D
5847	#4C524C
5848	#4D534D
5849	#505650
5850	#545A54
5851	#565C56
5852	#565C56
5853	#595F59
5854	#5C625C
5855	#606660
5856	#636963
5857	#676D67
5858	#6C726C
5859	#777D77
5860	#7E847E
5861	#828882
5862	#8B918B
5863	#999F99
5864	#ACB2AC
5865	#B2B8B2
5866	#B4BAB4
5867	#BAC0BA
5868	#C4CAC4
5869	#C5CBC5
5870	#D3D9D3
5871	#D2D8D2
5872	#D2D8D2
5873	#CED4CE
5874	#C0C6C0
5875	#C4CAC4
5876	#CAD0CA
5877	#C3C9C3
5878	#C1C7C1
5879	#C1C7C1
5880	#BDC3BD
5881	#000600
5882	#000600
5883	#000100
5884	#5E645E
5885	#E0E6E0
5886	#D8DED8
5887	#D9DFD9
5888	#D7DDD7
5889	#D8DED8
5890	#DDE3DD
5891	#DEE4DE
5892	#DDE3DD
5893	#DBE1DB
5894	#DBE1DB
5895	#DCE2DC
5896	#DAE0DA
5897	#D8DED8
5898	#D7DDD7
5899	#D8DED8
5900	#DDE3DD
5901	#DDE3DD
5902	#D9DFD9
5903	#CBD1CB
5904	#BEC4BE
5905	#BBC1BB
5906	#B6BCB6
5907	#AAB0AA
5908	#A8AEA8
5909	#A5ABA5
5910	#959B95
5911	#878D87
5912	#818781
5913	#7C827C
5914	#777D77
5915	#747A74
5916	#717771
5917	#666C66
5918	#626862
5919	#606660
5920	#5B615B
5921	#575D57
5922	#555B55
5923	#525852
5924	#4F554F
5925	#4D534D
5926	#4D534D
5927	#4D534D
5928	#505650
5929	#4C524C
5930	#4C524C
5931	#484E48
5932	#4C524C
5933	#4F554F
5934	#4C524C
5935	#4C524C
5936	#4D534D
5937	#545A54
5938	#646A64
5939	#5F655F
5940	#545A54
5941	#535953
5942	#545A54
5943	#555B55
5944	#5D635D
5945	#767C76
5946	#9DA39D
5947	#A0A6A0
5948	#A2A8A2
5949	#B5BBB5
5950	#C8CEC8
5951	#D1D7D1
5952	#D4DAD4
5953	#D5DBD5
5954	#D3D9D3
5955	#D2D8D2
5956	#D2D8D2
5957	#D6DCD6
5958	#DAE0DA
5959	#D4DAD4
5960	#D3D9D3
5961	#D2D8D2
5962	#CED4CE
5963	#C3C9C3
5964	#B7BDB7
5965	#A3A9A3
5966	#838983
5967	#656B65
5968	#5A605A
5969	#585E58
5970	#585E58
5971	#585E58
5972	#585E58
5973	#5A605A
5974	#5C625C
5975	#585E58
5976	#555B55
5977	#5A605A
5978	#525852
5979	#4D534D
5980	#4F554F
5981	#535953
5982	#545A54
5983	#505650
5984	#515751
5985	#535953
5986	#505650
5987	#505650
5988	#4E544E
5989	#525852
5990	#535953
5991	#545A54
5992	#575D57
5993	#5B615B
5994	#5B615B
5995	#5E645E
5996	#616761
5997	#686E68
5998	#6F756F
5999	#767C76
6000	#7D837D
6001	#838983
6002	#888E88
6003	#8D938D
6004	#9FA59F
6005	#B0B6B0
6006	#B5BBB5
6007	#BBC1BB
6008	#C5CBC5
6009	#C8CEC8
6010	#D0D6D0
6011	#D0D6D0
6012	#D0D6D0
6013	#CCD2CC
6014	#C1C7C1
6015	#C5CBC5
6016	#C5CBC5
6017	#BEC4BE
6018	#BDC3BD
6019	#B7BDB7
6020	#AAB0AA
6021	#000600
6022	#000600
6023	#000100
6024	#5E645E
6025	#E0E6E0
6026	#D8DED8
6027	#D7DDD7
6028	#D8DED8
6029	#D7DDD7
6030	#DBE1DB
6031	#DEE4DE
6032	#DEE4DE
6033	#DBE1DB
6034	#DCE2DC
6035	#DCE2DC
6036	#D9DFD9
6037	#D8DED8
6038	#D8DED8
6039	#D9DFD9
6040	#DDE3DD
6041	#DCE2DC
6042	#D6DCD6
6043	#C8CEC8
6044	#C3C9C3
6045	#BCC2BC
6046	#B4BAB4
6047	#AEB4AE
6048	#A5ABA5
6049	#939993
6050	#898F89
6051	#868C86
6052	#808680
6053	#7B817B
6054	#777D77
6055	#737973
6056	#717771
6057	#686E68
6058	#5F655F
6059	#5C625C
6060	#5A605A
6061	#565C56
6062	#535953
6063	#545A54
6064	#595F59
6065	#5B615B
6066	#5A605A
6067	#595F59
6068	#525852
6069	#545A54
6070	#555B55
6071	#545A54
6072	#575D57
6073	#5F655F
6074	#5C625C
6075	#5E645E
6076	#5A605A
6077	#656B65
6078	#767C76
6079	#6D736D
6080	#606660
6081	#545A54
6082	#525852
6083	#535953
6084	#5E645E
6085	#7B817B
6086	#989E98
6087	#989E98
6088	#9FA59F
6089	#AEB4AE
6090	#C5CBC5
6091	#D0D6D0
6092	#D4DAD4
6093	#D5DBD5
6094	#D3D9D3
6095	#D3D9D3
6096	#D3D9D3
6097	#D5DBD5
6098	#DAE0DA
6099	#D7DDD7
6100	#D4DAD4
6101	#D2D8D2
6102	#CDD3CD
6103	#C3C9C3
6104	#B3B9B3
6105	#989E98
6106	#787E78
6107	#606660
6108	#5C625C
6109	#5D635D
6110	#5B615B
6111	#5D635D
6112	#606660
6113	#5F655F
6114	#666C66
6115	#6D736D
6116	#6F756F
6117	#6D736D
6118	#686E68
6119	#666C66
6120	#696F69
6121	#696F69
6122	#656B65
6123	#616761
6124	#616761
6125	#5E645E
6126	#5C625C
6127	#5B615B
6128	#5C625C
6129	#5D635D
6130	#5F655F
6131	#606660
6132	#666C66
6133	#656B65
6134	#626862
6135	#616761
6136	#636963
6137	#6A706A
6138	#6F756F
6139	#747A74
6140	#7B817B
6141	#838983
6142	#898F89
6143	#8E948E
6144	#999F99
6145	#A1A7A1
6146	#AFB5AF
6147	#BAC0BA
6148	#C3C9C3
6149	#C8CEC8
6150	#D0D6D0
6151	#D0D6D0
6152	#CDD3CD
6153	#CDD3CD
6154	#C4CAC4
6155	#C2C8C2
6156	#BEC4BE
6157	#BBC1BB
6158	#BAC0BA
6159	#B2B8B2
6160	#A8AEA8
6161	#000600
6162	#000600
6163	#000100
6164	#5E645E
6165	#E0E6E0
6166	#D8DED8
6167	#D7DDD7
6168	#D7DDD7
6169	#D7DDD7
6170	#D7DDD7
6171	#DAE0DA
6172	#DDE3DD
6173	#DDE3DD
6174	#DCE2DC
6175	#DCE2DC
6176	#DBE1DB
6177	#D9DFD9
6178	#D9DFD9
6179	#DBE1DB
6180	#DDE3DD
6181	#DDE3DD
6182	#D3D9D3
6183	#C9CFC9
6184	#C6CCC6
6185	#BCC2BC
6186	#B9BFB9
6187	#AAB0AA
6188	#949A94
6189	#878D87
6190	#848A84
6191	#818781
6192	#7F857F
6193	#7C827C
6194	#787E78
6195	#707670
6196	#6C726C
6197	#6A706A
6198	#636963
6199	#606660
6200	#616761
6201	#636963
6202	#656B65
6203	#656B65
6204	#636963
6205	#5F655F
6206	#5D635D
6207	#5E645E
6208	#5E645E
6209	#5E645E
6210	#5F655F
6211	#616761
6212	#5F655F
6213	#656B65
6214	#6A706A
6215	#727872
6216	#737973
6217	#767C76
6218	#7E847E
6219	#7E847E
6220	#7E847E
6221	#6D736D
6222	#606660
6223	#616761
6224	#6D736D
6225	#888E88
6226	#989E98
6227	#989E98
6228	#A0A6A0
6229	#B2B8B2
6230	#C4CAC4
6231	#CFD5CF
6232	#D4DAD4
6233	#D5DBD5
6234	#D5DBD5
6235	#D4DAD4
6236	#D3D9D3
6237	#D4DAD4
6238	#D8DED8
6239	#D8DED8
6240	#D2D8D2
6241	#D1D7D1
6242	#CED4CE
6243	#C6CCC6
6244	#B2B8B2
6245	#959B95
6246	#727872
6247	#5F655F
6248	#616761
6249	#616761
6250	#626862
6251	#636963
6252	#696F69
6253	#6A706A
6254	#707670
6255	#757B75
6256	#707670
6257	#6E746E
6258	#6A706A
6259	#646A64
6260	#656B65
6261	#646A64
6262	#5F655F
6263	#5F655F
6264	#626862
6265	#5F655F
6266	#5E645E
6267	#5F655F
6268	#636963
6269	#616761
6270	#5D635D
6271	#5D635D
6272	#616761
6273	#656B65
6274	#696F69
6275	#707670
6276	#727872
6277	#6E746E
6278	#6C726C
6279	#727872
6280	#787E78
6281	#808680
6282	#888E88
6283	#8D938D
6284	#979D97
6285	#9EA49E
6286	#A3A9A3
6287	#B4BAB4
6288	#C2C8C2
6289	#C7CDC7
6290	#CFD5CF
6291	#D3D9D3
6292	#CFD5CF
6293	#CED4CE
6294	#C5CBC5
6295	#BFC5BF
6296	#BCC2BC
6297	#BAC0BA
6298	#B4BAB4
6299	#A6ACA6
6300	#A1A7A1
6301	#000600
6302	#000600
6303	#000100
6304	#5E645E
6305	#E0E6E0
6306	#D8DED8
6307	#D7DDD7
6308	#D6DCD6
6309	#D7DDD7
6310	#D7DDD7
6311	#D7DDD7
6312	#DBE1DB
6313	#DDE3DD
6314	#DDE3DD
6315	#DCE2DC
6316	#DBE1DB
6317	#DAE0DA
6318	#D9DFD9
6319	#DBE1DB
6320	#DDE3DD
6321	#DEE4DE
6322	#D2D8D2
6323	#CDD3CD
6324	#C6CCC6
6325	#C0C6C0
6326	#B4BAB4
6327	#9AA09A
6328	#8F958F
6329	#888E88
6330	#818781
6331	#7D837D
6332	#7C827C
6333	#7A807A
6334	#757B75
6335	#6F756F
6336	#6B716B
6337	#6E746E
6338	#707670
6339	#6E746E
6340	#6B716B
6341	#686E68
6342	#676D67
6343	#646A64
6344	#616761
6345	#5D635D
6346	#5C625C
6347	#5B615B
6348	#5F655F
6349	#606660
6350	#5E645E
6351	#5F655F
6352	#5B615B
6353	#616761
6354	#707670
6355	#6D736D
6356	#6C726C
6357	#707670
6358	#7B817B
6359	#7E847E
6360	#7D837D
6361	#767C76
6362	#6D736D
6363	#707670
6364	#878D87
6365	#9DA39D
6366	#9BA19B
6367	#9CA29C
6368	#A5ABA5
6369	#B5BBB5
6370	#C3C9C3
6371	#CFD5CF
6372	#D6DCD6
6373	#D7DDD7
6374	#D7DDD7
6375	#D4DAD4
6376	#D3D9D3
6377	#D4DAD4
6378	#D7DDD7
6379	#D8DED8
6380	#D4DAD4
6381	#D2D8D2
6382	#CFD5CF
6383	#C8CEC8
6384	#B3B9B3
6385	#989E98
6386	#727872
6387	#646A64
6388	#676D67
6389	#636963
6390	#656B65
6391	#616761
6392	#676D67
6393	#656B65
6394	#686E68
6395	#707670
6396	#656B65
6397	#5D635D
6398	#5F655F
6399	#5F655F
6400	#5F655F
6401	#5C625C
6402	#595F59
6403	#5B615B
6404	#616761
6405	#606660
6406	#5C625C
6407	#5C625C
6408	#5D635D
6409	#5E645E
6410	#5E645E
6411	#606660
6412	#626862
6413	#656B65
6414	#686E68
6415	#717771
6416	#757B75
6417	#7B817B
6418	#7D837D
6419	#7A807A
6420	#797F79
6421	#7D837D
6422	#848A84
6423	#8A908A
6424	#959B95
6425	#A0A6A0
6426	#A3A9A3
6427	#ABB1AB
6428	#BEC4BE
6429	#C7CDC7
6430	#CFD5CF
6431	#D5DBD5
6432	#D0D6D0
6433	#CFD5CF
6434	#C7CDC7
6435	#BEC4BE
6436	#B9BFB9
6437	#B6BCB6
6438	#ABB1AB
6439	#9FA59F
6440	#9AA09A
6441	#000600
6442	#000600
6443	#000100
6444	#5D635D
6445	#DFE5DF
6446	#D7DDD7
6447	#D7DDD7
6448	#D6DCD6
6449	#D6DCD6
6450	#D7DDD7
6451	#D7DDD7
6452	#D8DED8
6453	#DBE1DB
6454	#DDE3DD
6455	#DDE3DD
6456	#DCE2DC
6457	#DBE1DB
6458	#DAE0DA
6459	#DCE2DC
6460	#DDE3DD
6461	#DEE4DE
6462	#D4DAD4
6463	#CAD0CA
6464	#C8CEC8
6465	#C0C6C0
6466	#A7ADA7
6467	#979D97
6468	#8F958F
6469	#888E88
6470	#828882
6471	#7D837D
6472	#777D77
6473	#777D77
6474	#7A807A
6475	#797F79
6476	#797F79
6477	#797F79
6478	#777D77
6479	#747A74
6480	#717771
6481	#6D736D
6482	#6A706A
6483	#636963
6484	#606660
6485	#5C625C
6486	#5C625C
6487	#5A605A
6488	#5E645E
6489	#5F655F
6490	#585E58
6491	#595F59
6492	#5A605A
6493	#6C726C
6494	#787E78
6495	#676D67
6496	#6B716B
6497	#727872
6498	#7A807A
6499	#7F857F
6500	#767C76
6501	#717771
6502	#6A706A
6503	#6D736D
6504	#949A94
6505	#A4AAA4
6506	#A2A8A2
6507	#A4AAA4
6508	#ABB1AB
6509	#B8BEB8
6510	#C1C7C1
6511	#CFD5CF
6512	#D8DED8
6513	#D9DFD9
6514	#D6DCD6
6515	#D3D9D3
6516	#D2D8D2
6517	#D2D8D2
6518	#D5DBD5
6519	#D6DCD6
6520	#D4DAD4
6521	#D3D9D3
6522	#CED4CE
6523	#C6CCC6
6524	#B3B9B3
6525	#9EA49E
6526	#767C76
6527	#686E68
6528	#6D736D
6529	#676D67
6530	#6A706A
6531	#696F69
6532	#6F756F
6533	#727872
6534	#747A74
6535	#757B75
6536	#666C66
6537	#616761
6538	#606660
6539	#5A605A
6540	#565C56
6541	#515751
6542	#515751
6543	#545A54
6544	#535953
6545	#515751
6546	#515751
6547	#575D57
6548	#595F59
6549	#575D57
6550	#595F59
6551	#5C625C
6552	#606660
6553	#666C66
6554	#6C726C
6555	#717771
6556	#727872
6557	#787E78
6558	#7F857F
6559	#878D87
6560	#898F89
6561	#848A84
6562	#828882
6563	#868C86
6564	#939993
6565	#9FA59F
6566	#A5ABA5
6567	#A9AFA9
6568	#B6BCB6
6569	#C6CCC6
6570	#CDD3CD
6571	#D6DCD6
6572	#D2D8D2
6573	#CDD3CD
6574	#C9CFC9
6575	#BEC4BE
6576	#B7BDB7
6577	#B0B6B0
6578	#A2A8A2
6579	#999F99
6580	#949A94
6581	#000600
6582	#000600
6583	#000100
6584	#5D635D
6585	#DEE4DE
6586	#D6DCD6
6587	#D6DCD6
6588	#D5DBD5
6589	#D5DBD5
6590	#D2D8D2
6591	#D0D6D0
6592	#D0D6D0
6593	#D6DCD6
6594	#DAE0DA
6595	#DCE2DC
6596	#DDE3DD
6597	#DBE1DB
6598	#DAE0DA
6599	#DCE2DC
6600	#DDE3DD
6601	#E0E6E0
6602	#D2D8D2
6603	#C8CEC8
6604	#C8CEC8
6605	#B6BCB6
6606	#A2A8A2
6607	#989E98
6608	#909690
6609	#888E88
6610	#818781
6611	#7B817B
6612	#7D837D
6613	#838983
6614	#838983
6615	#818781
6616	#7D837D
6617	#797F79
6618	#747A74
6619	#727872
6620	#747A74
6621	#737973
6622	#6F756F
6623	#676D67
6624	#636963
6625	#5C625C
6626	#565C56
6627	#555B55
6628	#545A54
6629	#585E58
6630	#565C56
6631	#515751
6632	#4F554F
6633	#575D57
6634	#636963
6635	#636963
6636	#5D635D
6637	#606660
6638	#696F69
6639	#787E78
6640	#7B817B
6641	#7A807A
6642	#7D837D
6643	#818781
6644	#9EA49E
6645	#A9AFA9
6646	#ACB2AC
6647	#ACB2AC
6648	#B1B7B1
6649	#C0C6C0
6650	#C6CCC6
6651	#D3D9D3
6652	#DBE1DB
6653	#DBE1DB
6654	#D7DDD7
6655	#D5DBD5
6656	#D2D8D2
6657	#D0D6D0
6658	#D2D8D2
6659	#D5DBD5
6660	#D6DCD6
6661	#D5DBD5
6662	#D0D6D0
6663	#C7CDC7
6664	#BCC2BC
6665	#ADB3AD
6666	#8B918B
6667	#7C827C
6668	#7C827C
6669	#767C76
6670	#7A807A
6671	#7E847E
6672	#818781
6673	#868C86
6674	#7F857F
6675	#7C827C
6676	#686E68
6677	#565C56
6678	#505650
6679	#4C524C
6680	#4A504A
6681	#474D47
6682	#474D47
6683	#484E48
6684	#444A44
6685	#424842
6686	#454B45
6687	#4B514B
6688	#4C524C
6689	#4C524C
6690	#4E544E
6691	#545A54
6692	#5A605A
6693	#5F655F
6694	#686E68
6695	#6D736D
6696	#767C76
6697	#7C827C
6698	#7D837D
6699	#898F89
6700	#919791
6701	#919791
6702	#8C928C
6703	#888E88
6704	#929892
6705	#9EA49E
6706	#A5ABA5
6707	#ABB1AB
6708	#B6BCB6
6709	#C6CCC6
6710	#CED4CE
6711	#D6DCD6
6712	#D7DDD7
6713	#CFD5CF
6714	#CBD1CB
6715	#BEC4BE
6716	#B5BBB5
6717	#A8AEA8
6718	#9BA19B
6719	#919791
6720	#8A908A
6721	#000600
6722	#000600
6723	#000100
6724	#5D635D
6725	#DDE3DD
6726	#D5DBD5
6727	#D5DBD5
6728	#CFD5CF
6729	#C8CEC8
6730	#C5CBC5
6731	#C9CFC9
6732	#CBD1CB
6733	#D1D7D1
6734	#D6DCD6
6735	#DAE0DA
6736	#DDE3DD
6737	#DBE1DB
6738	#DBE1DB
6739	#DEE4DE
6740	#DEE4DE
6741	#DFE5DF
6742	#D0D6D0
6743	#CAD0CA
6744	#BFC5BF
6745	#B0B6B0
6746	#A3A9A3
6747	#9AA09A
6748	#919791
6749	#878D87
6750	#848A84
6751	#878D87
6752	#8A908A
6753	#858B85
6754	#7E847E
6755	#7D837D
6756	#7C827C
6757	#7A807A
6758	#767C76
6759	#737973
6760	#717771
6761	#6F756F
6762	#656B65
6763	#5E645E
6764	#595F59
6765	#535953
6766	#515751
6767	#4E544E
6768	#4B514B
6769	#4B514B
6770	#4B514B
6771	#454B45
6772	#454B45
6773	#444A44
6774	#525852
6775	#5D635D
6776	#545A54
6777	#535953
6778	#585E58
6779	#5B615B
6780	#5F655F
6781	#6B716B
6782	#747A74
6783	#868C86
6784	#A0A6A0
6785	#A6ACA6
6786	#ABB1AB
6787	#B0B6B0
6788	#B7BDB7
6789	#C5CBC5
6790	#CBD1CB
6791	#D5DBD5
6792	#DCE2DC
6793	#DDE3DD
6794	#D9DFD9
6795	#D7DDD7
6796	#D6DCD6
6797	#D5DBD5
6798	#D4DAD4
6799	#D7DDD7
6800	#D6DCD6
6801	#D5DBD5
6802	#D0D6D0
6803	#C9CFC9
6804	#BEC4BE
6805	#B2B8B2
6806	#959B95
6807	#868C86
6808	#838983
6809	#858B85
6810	#868C86
6811	#888E88
6812	#838983
6813	#7D837D
6814	#727872
6815	#797F79
6816	#6F756F
6817	#555B55
6818	#525852
6819	#4C524C
6820	#4B514B
6821	#4A504A
6822	#4D534D
6823	#484E48
6824	#464C46
6825	#4A504A
6826	#4C524C
6827	#4A504A
6828	#494F49
6829	#4A504A
6830	#4D534D
6831	#525852
6832	#565C56
6833	#585E58
6834	#5C625C
6835	#666C66
6836	#737973
6837	#7D837D
6838	#848A84
6839	#898F89
6840	#878D87
6841	#888E88
6842	#909690
6843	#939993
6844	#949A94
6845	#9EA49E
6846	#A4AAA4
6847	#AAB0AA
6848	#B6BCB6
6849	#C1C7C1
6850	#CED4CE
6851	#D5DBD5
6852	#D8DED8
6853	#CFD5CF
6854	#CCD2CC
6855	#C0C6C0
6856	#B0B6B0
6857	#9FA59F
6858	#929892
6859	#838983
6860	#787E78
6861	#000600
6862	#000600
6863	#000100
6864	#5D635D
6865	#DCE2DC
6866	#D3D9D3
6867	#CAD0CA
6868	#C0C6C0
6869	#BFC5BF
6870	#C0C6C0
6871	#C5CBC5
6872	#C8CEC8
6873	#CDD3CD
6874	#D3D9D3
6875	#D8DED8
6876	#DBE1DB
6877	#DBE1DB
6878	#DCE2DC
6879	#DDE3DD
6880	#E0E6E0
6881	#DCE2DC
6882	#CFD5CF
6883	#C9CFC9
6884	#B8BEB8
6885	#AFB5AF
6886	#A5ABA5
6887	#9CA29C
6888	#939993
6889	#919791
6890	#939993
6891	#939993
6892	#8A908A
6893	#858B85
6894	#7F857F
6895	#7D837D
6896	#7F857F
6897	#838983
6898	#7B817B
6899	#707670
6900	#656B65
6901	#646A64
6902	#5E645E
6903	#5C625C
6904	#575D57
6905	#515751
6906	#545A54
6907	#4E544E
6908	#4E544E
6909	#4E544E
6910	#4E544E
6911	#4B514B
6912	#484E48
6913	#4A504A
6914	#525852
6915	#555B55
6916	#525852
6917	#565C56
6918	#5D635D
6919	#5B615B
6920	#545A54
6921	#565C56
6922	#5A605A
6923	#737973
6924	#989E98
6925	#A2A8A2
6926	#A9AFA9
6927	#B0B6B0
6928	#B7BDB7
6929	#C4CAC4
6930	#CBD1CB
6931	#D6DCD6
6932	#DDE3DD
6933	#DEE4DE
6934	#DAE0DA
6935	#D6DCD6
6936	#D5DBD5
6937	#D3D9D3
6938	#D3D9D3
6939	#D4DAD4
6940	#D1D7D1
6941	#D2D8D2
6942	#D1D7D1
6943	#CBD1CB
6944	#BFC5BF
6945	#B4BAB4
6946	#999F99
6947	#8F958F
6948	#8F958F
6949	#8A908A
6950	#838983
6951	#7E847E
6952	#7C827C
6953	#787E78
6954	#737973
6955	#767C76
6956	#616761
6957	#555B55
6958	#525852
6959	#4C524C
6960	#4D534D
6961	#4D534D
6962	#484E48
6963	#474D47
6964	#484E48
6965	#4A504A
6966	#4E544E
6967	#4E544E
6968	#4F554F
6969	#535953
6970	#535953
6971	#575D57
6972	#5A605A
6973	#575D57
6974	#595F59
6975	#616761
6976	#6B716B
6977	#737973
6978	#787E78
6979	#7C827C
6980	#808680
6981	#848A84
6982	#8B918B
6983	#949A94
6984	#9EA49E
6985	#A3A9A3
6986	#A2A8A2
6987	#AAB0AA
6988	#B3B9B3
6989	#B9BFB9
6990	#CAD0CA
6991	#D4DAD4
6992	#D8DED8
6993	#D0D6D0
6994	#CAD0CA
6995	#BEC4BE
6996	#A5ABA5
6997	#8F958F
6998	#7F857F
6999	#727872
7000	#6C726C
7001	#000600
7002	#000600
7003	#000100
7004	#5C625C
7005	#D4DAD4
7006	#C0C6C0
7007	#B4BAB4
7008	#B4BAB4
7009	#B7BDB7
7010	#BBC1BB
7011	#C1C7C1
7012	#C6CCC6
7013	#CBD1CB
7014	#D0D6D0
7015	#D4DAD4
7016	#D8DED8
7017	#DBE1DB
7018	#DCE2DC
7019	#DDE3DD
7020	#E0E6E0
7021	#D9DFD9
7022	#D0D6D0
7023	#C2C8C2
7024	#B6BCB6
7025	#B0B6B0
7026	#A5ABA5
7027	#A1A7A1
7028	#9FA59F
7029	#9AA09A
7030	#949A94
7031	#8E948E
7032	#888E88
7033	#888E88
7034	#878D87
7035	#7D837D
7036	#747A74
7037	#6B716B
7038	#6C726C
7039	#6B716B
7040	#656B65
7041	#636963
7042	#646A64
7043	#626862
7044	#5E645E
7045	#565C56
7046	#555B55
7047	#515751
7048	#505650
7049	#505650
7050	#545A54
7051	#535953
7052	#525852
7053	#565C56
7054	#595F59
7055	#505650
7056	#535953
7057	#575D57
7058	#626862
7059	#5F655F
7060	#575D57
7061	#575D57
7062	#585E58
7063	#767C76
7064	#939993
7065	#989E98
7066	#9FA59F
7067	#A9AFA9
7068	#B2B8B2
7069	#BFC5BF
7070	#CCD2CC
7071	#D6DCD6
7072	#DDE3DD
7073	#DDE3DD
7074	#DAE0DA
7075	#D7DDD7
7076	#D2D8D2
7077	#D0D6D0
7078	#D1D7D1
7079	#D1D7D1
7080	#CED4CE
7081	#CFD5CF
7082	#D2D8D2
7083	#CFD5CF
7084	#C0C6C0
7085	#AFB5AF
7086	#999F99
7087	#919791
7088	#888E88
7089	#7E847E
7090	#7D837D
7091	#7C827C
7092	#7F857F
7093	#808680
7094	#7F857F
7095	#707670
7096	#515751
7097	#505650
7098	#545A54
7099	#4E544E
7100	#4E544E
7101	#4C524C
7102	#4C524C
7103	#4C524C
7104	#4F554F
7105	#545A54
7106	#545A54
7107	#525852
7108	#555B55
7109	#555B55
7110	#555B55
7111	#5A605A
7112	#5C625C
7113	#585E58
7114	#5B615B
7115	#616761
7116	#666C66
7117	#686E68
7118	#666C66
7119	#6E746E
7120	#7A807A
7121	#858B85
7122	#888E88
7123	#909690
7124	#9AA09A
7125	#A6ACA6
7126	#A8AEA8
7127	#ACB2AC
7128	#B1B7B1
7129	#B7BDB7
7130	#C6CCC6
7131	#D5DBD5
7132	#D9DFD9
7133	#D0D6D0
7134	#C7CDC7
7135	#B1B7B1
7136	#909690
7137	#7C827C
7138	#777D77
7139	#727872
7140	#6C726C
7141	#000600
7142	#000600
7143	#000100
7144	#565C56
7145	#BAC0BA
7146	#A6ACA6
7147	#A3A9A3
7148	#A3A9A3
7149	#A5ABA5
7150	#AEB4AE
7151	#BBC1BB
7152	#C2C8C2
7153	#C8CEC8
7154	#CDD3CD
7155	#D3D9D3
7156	#D6DCD6
7157	#DAE0DA
7158	#DDE3DD
7159	#DFE5DF
7160	#E1E7E1
7161	#DAE0DA
7162	#CED4CE
7163	#BCC2BC
7164	#B4BAB4
7165	#AFB5AF
7166	#AAB0AA
7167	#ABB1AB
7168	#A6ACA6
7169	#9BA19B
7170	#959B95
7171	#909690
7172	#8B918B
7173	#838983
7174	#777D77
7175	#6C726C
7176	#656B65
7177	#606660
7178	#656B65
7179	#6A706A
7180	#6B716B
7181	#6C726C
7182	#6D736D
7183	#6B716B
7184	#666C66
7185	#5E645E
7186	#5C625C
7187	#595F59
7188	#585E58
7189	#5C625C
7190	#565C56
7191	#565C56
7192	#5B615B
7193	#5B615B
7194	#5B615B
7195	#575D57
7196	#585E58
7197	#5C625C
7198	#6A706A
7199	#696F69
7200	#595F59
7201	#585E58
7202	#5E645E
7203	#818781
7204	#979D97
7205	#989E98
7206	#9CA29C
7207	#A1A7A1
7208	#ABB1AB
7209	#BCC2BC
7210	#CBD1CB
7211	#D5DBD5
7212	#DAE0DA
7213	#DBE1DB
7214	#D9DFD9
7215	#D7DDD7
7216	#D4DAD4
7217	#D1D7D1
7218	#D1D7D1
7219	#D1D7D1
7220	#CFD5CF
7221	#CED4CE
7222	#D0D6D0
7223	#CDD3CD
7224	#C0C6C0
7225	#ACB2AC
7226	#999F99
7227	#8F958F
7228	#818781
7229	#7C827C
7230	#7A807A
7231	#7D837D
7232	#7E847E
7233	#838983
7234	#868C86
7235	#6F756F
7236	#5A605A
7237	#575D57
7238	#525852
7239	#4E544E
7240	#505650
7241	#4C524C
7242	#4D534D
7243	#4F554F
7244	#515751
7245	#555B55
7246	#545A54
7247	#535953
7248	#535953
7249	#545A54
7250	#575D57
7251	#5C625C
7252	#5E645E
7253	#5E645E
7254	#626862
7255	#656B65
7256	#636963
7257	#606660
7258	#646A64
7259	#696F69
7260	#6F756F
7261	#7B817B
7262	#898F89
7263	#909690
7264	#969C96
7265	#A2A8A2
7266	#ACB2AC
7267	#B3B9B3
7268	#B1B7B1
7269	#B6BCB6
7270	#C1C7C1
7271	#D3D9D3
7272	#D6DCD6
7273	#CFD5CF
7274	#BFC5BF
7275	#9DA39D
7276	#878D87
7277	#7D837D
7278	#797F79
7279	#737973
7280	#6E746E
7281	#000600
7282	#000600
7283	#000200
7284	#484E48
7285	#A7ADA7
7286	#A0A6A0
7287	#9EA49E
7288	#9BA19B
7289	#9AA09A
7290	#9CA29C
7291	#ACB2AC
7292	#BDC3BD
7293	#C5CBC5
7294	#CAD0CA
7295	#CFD5CF
7296	#D3D9D3
7297	#D9DFD9
7298	#DDE3DD
7299	#DFE5DF
7300	#E0E6E0
7301	#DBE1DB
7302	#CAD0CA
7303	#BAC0BA
7304	#B5BBB5
7305	#B4BAB4
7306	#B1B7B1
7307	#ABB1AB
7308	#A8AEA8
7309	#A0A6A0
7310	#979D97
7311	#919791
7312	#828882
7313	#737973
7314	#6B716B
7315	#696F69
7316	#656B65
7317	#666C66
7318	#626862
7319	#626862
7320	#676D67
7321	#666C66
7322	#666C66
7323	#676D67
7324	#656B65
7325	#626862
7326	#5F655F
7327	#5E645E
7328	#5C625C
7329	#5D635D
7330	#5C625C
7331	#616761
7332	#696F69
7333	#666C66
7334	#646A64
7335	#6A706A
7336	#656B65
7337	#636963
7338	#6F756F
7339	#6F756F
7340	#616761
7341	#575D57
7342	#646A64
7343	#8C928C
7344	#9AA09A
7345	#9CA29C
7346	#A1A7A1
7347	#A6ACA6
7348	#AFB5AF
7349	#C0C6C0
7350	#CBD1CB
7351	#D5DBD5
7352	#D9DFD9
7353	#DBE1DB
7354	#DAE0DA
7355	#D8DED8
7356	#D7DDD7
7357	#D4DAD4
7358	#D3D9D3
7359	#D3D9D3
7360	#D2D8D2
7361	#D1D7D1
7362	#D0D6D0
7363	#CCD2CC
7364	#C3C9C3
7365	#B6BCB6
7366	#9EA49E
7367	#909690
7368	#8A908A
7369	#858B85
7370	#808680
7371	#7F857F
7372	#838983
7373	#868C86
7374	#878D87
7375	#7E847E
7376	#6D736D
7377	#5F655F
7378	#565C56
7379	#5C625C
7380	#5A605A
7381	#555B55
7382	#545A54
7383	#555B55
7384	#595F59
7385	#5C625C
7386	#575D57
7387	#565C56
7388	#555B55
7389	#565C56
7390	#5C625C
7391	#5F655F
7392	#5D635D
7393	#626862
7394	#626862
7395	#5F655F
7396	#5C625C
7397	#606660
7398	#646A64
7399	#686E68
7400	#6D736D
7401	#6F756F
7402	#797F79
7403	#8C928C
7404	#979D97
7405	#A1A7A1
7406	#AAB0AA
7407	#AFB5AF
7408	#B6BCB6
7409	#B6BCB6
7410	#BDC3BD
7411	#CFD5CF
7412	#D3D9D3
7413	#CCD2CC
7414	#B1B7B1
7415	#949A94
7416	#8C928C
7417	#808680
7418	#7B817B
7419	#767C76
7420	#707670
7421	#000600
7422	#000600
7423	#000200
7424	#454B45
7425	#A2A8A2
7426	#989E98
7427	#989E98
7428	#989E98
7429	#999F99
7430	#9AA09A
7431	#A0A6A0
7432	#B3B9B3
7433	#BFC5BF
7434	#C6CCC6
7435	#CAD0CA
7436	#CFD5CF
7437	#D7DDD7
7438	#DCE2DC
7439	#DFE5DF
7440	#DEE4DE
7441	#DBE1DB
7442	#C6CCC6
7443	#B8BEB8
7444	#BAC0BA
7445	#B7BDB7
7446	#B0B6B0
7447	#ACB2AC
7448	#A7ADA7
7449	#A1A7A1
7450	#939993
7451	#818781
7452	#757B75
7453	#6E746E
7454	#6C726C
7455	#6B716B
7456	#696F69
7457	#646A64
7458	#616761
7459	#5E645E
7460	#606660
7461	#616761
7462	#5F655F
7463	#616761
7464	#656B65
7465	#626862
7466	#656B65
7467	#626862
7468	#5B615B
7469	#5C625C
7470	#5C625C
7471	#666C66
7472	#696F69
7473	#6E746E
7474	#767C76
7475	#707670
7476	#666C66
7477	#6D736D
7478	#717771
7479	#757B75
7480	#737973
7481	#656B65
7482	#6D736D
7483	#939993
7484	#9FA59F
7485	#A5ABA5
7486	#AAB0AA
7487	#AEB4AE
7488	#B8BEB8
7489	#C4CAC4
7490	#CDD3CD
7491	#D5DBD5
7492	#DAE0DA
7493	#DCE2DC
7494	#DBE1DB
7495	#D9DFD9
7496	#D8DED8
7497	#D6DCD6
7498	#D5DBD5
7499	#D6DCD6
7500	#D6DCD6
7501	#D3D9D3
7502	#D3D9D3
7503	#CED4CE
7504	#C3C9C3
7505	#B8BEB8
7506	#A5ABA5
7507	#9FA59F
7508	#9DA39D
7509	#969C96
7510	#909690
7511	#8F958F
7512	#929892
7513	#939993
7514	#909690
7515	#919791
7516	#909690
7517	#858B85
7518	#7F857F
7519	#787E78
7520	#6D736D
7521	#696F69
7522	#676D67
7523	#666C66
7524	#686E68
7525	#666C66
7526	#5F655F
7527	#5E645E
7528	#606660
7529	#5E645E
7530	#5F655F
7531	#5F655F
7532	#5F655F
7533	#616761
7534	#5E645E
7535	#5B615B
7536	#5B615B
7537	#5F655F
7538	#636963
7539	#676D67
7540	#6B716B
7541	#717771
7542	#767C76
7543	#7E847E
7544	#8E948E
7545	#A2A8A2
7546	#A9AFA9
7547	#ADB3AD
7548	#B5BBB5
7549	#BBC1BB
7550	#BBC1BB
7551	#C8CEC8
7552	#CFD5CF
7553	#C5CBC5
7554	#AAB0AA
7555	#979D97
7556	#8D938D
7557	#828882
7558	#7D837D
7559	#767C76
7560	#6F756F
7561	#000600
7562	#000600
7563	#000200
7564	#424842
7565	#979D97
7566	#8E948E
7567	#929892
7568	#949A94
7569	#979D97
7570	#9AA09A
7571	#9CA29C
7572	#A8AEA8
7573	#B8BEB8
7574	#C1C7C1
7575	#C7CDC7
7576	#CBD1CB
7577	#D4DAD4
7578	#DDE3DD
7579	#DFE5DF
7580	#DDE3DD
7581	#D9DFD9
7582	#C5CBC5
7583	#BDC3BD
7584	#BDC3BD
7585	#B4BAB4
7586	#B1B7B1
7587	#ADB3AD
7588	#A7ADA7
7589	#949A94
7590	#858B85
7591	#7D837D
7592	#767C76
7593	#717771
7594	#6E746E
7595	#6F756F
7596	#696F69
7597	#636963
7598	#626862
7599	#626862
7600	#626862
7601	#5F655F
7602	#5E645E
7603	#616761
7604	#636963
7605	#5F655F
7606	#5F655F
7607	#606660
7608	#5F655F
7609	#606660
7610	#5D635D
7611	#676D67
7612	#707670
7613	#7F857F
7614	#7B817B
7615	#7C827C
7616	#7E847E
7617	#818781
7618	#848A84
7619	#898F89
7620	#868C86
7621	#7D837D
7622	#838983
7623	#A3A9A3
7624	#ACB2AC
7625	#AFB5AF
7626	#B4BAB4
7627	#BAC0BA
7628	#BFC5BF
7629	#C8CEC8
7630	#D1D7D1
7631	#D5DBD5
7632	#DBE1DB
7633	#DDE3DD
7634	#DBE1DB
7635	#DBE1DB
7636	#D9DFD9
7637	#D9DFD9
7638	#D9DFD9
7639	#D9DFD9
7640	#D9DFD9
7641	#D4DAD4
7642	#D3D9D3
7643	#D0D6D0
7644	#C5CBC5
7645	#B5BBB5
7646	#A3A9A3
7647	#A0A6A0
7648	#A1A7A1
7649	#9BA19B
7650	#949A94
7651	#929892
7652	#929892
7653	#949A94
7654	#989E98
7655	#959B95
7656	#9DA39D
7657	#9FA59F
7658	#919791
7659	#7E847E
7660	#747A74
7661	#757B75
7662	#737973
7663	#767C76
7664	#757B75
7665	#737973
7666	#707670
7667	#717771
7668	#747A74
7669	#717771
7670	#6E746E
7671	#6F756F
7672	#686E68
7673	#5F655F
7674	#5B615B
7675	#5C625C
7676	#5D635D
7677	#5E645E
7678	#616761
7679	#686E68
7680	#6C726C
7681	#727872
7682	#787E78
7683	#7C827C
7684	#868C86
7685	#949A94
7686	#A6ACA6
7687	#ADB3AD
7688	#B3B9B3
7689	#BDC3BD
7690	#BDC3BD
7691	#C0C6C0
7692	#CAD0CA
7693	#BBC1BB
7694	#ACB2AC
7695	#979D97
7696	#8E948E
7697	#838983
7698	#7E847E
7699	#757B75
7700	#6E746E
7701	#000600
7702	#000600
7703	#000300
7704	#3C423C
7705	#8C928C
7706	#898F89
7707	#8D938D
7708	#8F958F
7709	#939993
7710	#979D97
7711	#9AA09A
7712	#9FA59F
7713	#ADB3AD
7714	#BBC1BB
7715	#C2C8C2
7716	#C8CEC8
7717	#CFD5CF
7718	#DAE0DA
7719	#DFE5DF
7720	#DFE5DF
7721	#D8DED8
7722	#C8CEC8
7723	#C2C8C2
7724	#B8BEB8
7725	#B2B8B2
7726	#B2B8B2
7727	#ADB3AD
7728	#9AA09A
7729	#898F89
7730	#818781
7731	#7E847E
7732	#787E78
7733	#727872
7734	#757B75
7735	#717771
7736	#6B716B
7737	#676D67
7738	#646A64
7739	#626862
7740	#606660
7741	#616761
7742	#5E645E
7743	#5F655F
7744	#5C625C
7745	#5E645E
7746	#5E645E
7747	#5F655F
7748	#686E68
7749	#6D736D
7750	#717771
7751	#797F79
7752	#7F857F
7753	#909690
7754	#878D87
7755	#878D87
7756	#898F89
7757	#898F89
7758	#8A908A
7759	#929892
7760	#8E948E
7761	#7E847E
7762	#8E948E
7763	#AAB0AA
7764	#B1B7B1
7765	#B6BCB6
7766	#BDC3BD
7767	#BEC4BE
7768	#C0C6C0
7769	#C8CEC8
7770	#D2D8D2
7771	#D5DBD5
7772	#D9DFD9
7773	#DEE4DE
7774	#DEE4DE
7775	#DCE2DC
7776	#DBE1DB
7777	#DBE1DB
7778	#DAE0DA
7779	#DBE1DB
7780	#DBE1DB
7781	#D6DCD6
7782	#D5DBD5
7783	#D3D9D3
7784	#C5CBC5
7785	#B8BEB8
7786	#A0A6A0
7787	#999F99
7788	#9AA09A
7789	#909690
7790	#888E88
7791	#828882
7792	#878D87
7793	#8D938D
7794	#909690
7795	#8D938D
7796	#959B95
7797	#9BA19B
7798	#8A908A
7799	#7C827C
7800	#767C76
7801	#747A74
7802	#737973
7803	#747A74
7804	#747A74
7805	#767C76
7806	#787E78
7807	#7A807A
7808	#787E78
7809	#737973
7810	#757B75
7811	#727872
7812	#6E746E
7813	#6C726C
7814	#6A706A
7815	#616761
7816	#5E645E
7817	#5E645E
7818	#626862
7819	#686E68
7820	#6D736D
7821	#757B75
7822	#7B817B
7823	#838983
7824	#898F89
7825	#8A908A
7826	#949A94
7827	#A8AEA8
7828	#B1B7B1
7829	#B6BCB6
7830	#B7BDB7
7831	#BFC5BF
7832	#C3C9C3
7833	#B6BCB6
7834	#ADB3AD
7835	#969C96
7836	#8E948E
7837	#818781
7838	#7D837D
7839	#737973
7840	#6D736D
7841	#000600
7842	#000600
7843	#000300
7844	#393F39
7845	#848A84
7846	#828882
7847	#878D87
7848	#8B918B
7849	#909690
7850	#959B95
7851	#9AA09A
7852	#9CA29C
7853	#A1A7A1
7854	#B2B8B2
7855	#BCC2BC
7856	#C5CBC5
7857	#CCD2CC
7858	#D8DED8
7859	#DDE3DD
7860	#DEE4DE
7861	#D5DBD5
7862	#CBD1CB
7863	#BEC4BE
7864	#B4BAB4
7865	#B3B9B3
7866	#AFB5AF
7867	#9DA39D
7868	#919791
7869	#898F89
7870	#838983
7871	#7F857F
7872	#7B817B
7873	#7A807A
7874	#727872
7875	#6C726C
7876	#696F69
7877	#666C66
7878	#666C66
7879	#676D67
7880	#656B65
7881	#646A64
7882	#656B65
7883	#656B65
7884	#606660
7885	#646A64
7886	#686E68
7887	#6B716B
7888	#727872
7889	#6A706A
7890	#707670
7891	#777D77
7892	#777D77
7893	#828882
7894	#8A908A
7895	#858B85
7896	#898F89
7897	#8D938D
7898	#8A908A
7899	#939993
7900	#8E948E
7901	#7F857F
7902	#929892
7903	#ABB1AB
7904	#AFB5AF
7905	#B6BCB6
7906	#BCC2BC
7907	#BEC4BE
7908	#C2C8C2
7909	#CBD1CB
7910	#D5DBD5
7911	#D5DBD5
7912	#D9DFD9
7913	#DEE4DE
7914	#DEE4DE
7915	#DCE2DC
7916	#DAE0DA
7917	#DBE1DB
7918	#D9DFD9
7919	#DAE0DA
7920	#DCE2DC
7921	#D8DED8
7922	#D7DDD7
7923	#D3D9D3
7924	#C7CDC7
7925	#BBC1BB
7926	#A4AAA4
7927	#9DA39D
7928	#9BA19B
7929	#8F958F
7930	#838983
7931	#7B817B
7932	#818781
7933	#8B918B
7934	#8D938D
7935	#8A908A
7936	#919791
7937	#959B95
7938	#898F89
7939	#818781
7940	#757B75
7941	#717771
7942	#727872
7943	#6E746E
7944	#727872
7945	#797F79
7946	#737973
7947	#6F756F
7948	#757B75
7949	#7D837D
7950	#717771
7951	#6D736D
7952	#6E746E
7953	#6F756F
7954	#6E746E
7955	#6E746E
7956	#6B716B
7957	#626862
7958	#616761
7959	#686E68
7960	#6F756F
7961	#777D77
7962	#7F857F
7963	#858B85
7964	#878D87
7965	#8B918B
7966	#8C928C
7967	#9AA09A
7968	#AEB4AE
7969	#B2B8B2
7970	#B4BAB4
7971	#C2C8C2
7972	#BCC2BC
7973	#B5BBB5
7974	#AEB4AE
7975	#989E98
7976	#8F958F
7977	#7F857F
7978	#787E78
7979	#747A74
7980	#6E746E
7981	#000600
7982	#000600
7983	#000300
7984	#353B35
7985	#7A807A
7986	#797F79
7987	#808680
7988	#878D87
7989	#8D938D
7990	#939993
7991	#989E98
7992	#9BA19B
7993	#9BA19B
7994	#A4AAA4
7995	#B5BBB5
7996	#C1C7C1
7997	#CAD0CA
7998	#D7DDD7
7999	#DCE2DC
8000	#DCE2DC
8001	#D5DBD5
8002	#CAD0CA
8003	#BDC3BD
8004	#B8BEB8
8005	#B2B8B2
8006	#9DA39D
8007	#959B95
8008	#929892
8009	#8A908A
8010	#838983
8011	#808680
8012	#7E847E
8013	#7B817B
8014	#727872
8015	#6D736D
8016	#686E68
8017	#666C66
8018	#696F69
8019	#6D736D
8020	#6D736D
8021	#6B716B
8022	#6A706A
8023	#6A706A
8024	#6E746E
8025	#6B716B
8026	#6B716B
8027	#707670
8028	#6D736D
8029	#696F69
8030	#666C66
8031	#6D736D
8032	#727872
8033	#717771
8034	#848A84
8035	#8A908A
8036	#919791
8037	#9DA39D
8038	#969C96
8039	#919791
8040	#898F89
8041	#858B85
8042	#9AA09A
8043	#ABB1AB
8044	#B2B8B2
8045	#B5BBB5
8046	#B9BFB9
8047	#BCC2BC
8048	#BFC5BF
8049	#CBD1CB
8050	#D6DCD6
8051	#D7DDD7
8052	#DAE0DA
8053	#DEE4DE
8054	#DCE2DC
8055	#DCE2DC
8056	#DCE2DC
8057	#DCE2DC
8058	#DBE1DB
8059	#DCE2DC
8060	#DFE5DF
8061	#DCE2DC
8062	#DBE1DB
8063	#D5DBD5
8064	#CED4CE
8065	#C0C6C0
8066	#B1B7B1
8067	#A7ADA7
8068	#A0A6A0
8069	#919791
8070	#818781
8071	#777D77
8072	#7A807A
8073	#8A908A
8074	#8C928C
8075	#878D87
8076	#878D87
8077	#8B918B
8078	#7E847E
8079	#767C76
8080	#6B716B
8081	#696F69
8082	#6E746E
8083	#6C726C
8084	#747A74
8085	#6F756F
8086	#666C66
8087	#666C66
8088	#686E68
8089	#6E746E
8090	#6A706A
8091	#676D67
8092	#686E68
8093	#6C726C
8094	#6B716B
8095	#6F756F
8096	#727872
8097	#747A74
8098	#6F756F
8099	#696F69
8100	#707670
8101	#7A807A
8102	#818781
8103	#838983
8104	#848A84
8105	#8A908A
8106	#8D938D
8107	#8F958F
8108	#A2A8A2
8109	#B1B7B1
8110	#B2B8B2
8111	#BCC2BC
8112	#BEC4BE
8113	#B6BCB6
8114	#ADB3AD
8115	#9AA09A
8116	#8F958F
8117	#7F857F
8118	#787E78
8119	#757B75
8120	#6F756F
8121	#000600
8122	#000600
8123	#000300
8124	#303630
8125	#717771
8126	#727872
8127	#7A807A
8128	#838983
8129	#8A908A
8130	#919791
8131	#969C96
8132	#9AA09A
8133	#9BA19B
8134	#999F99
8135	#A8AEA8
8136	#BCC2BC
8137	#C7CDC7
8138	#D4DAD4
8139	#DAE0DA
8140	#DEE4DE
8141	#D5DBD5
8142	#C8CEC8
8143	#C1C7C1
8144	#BAC0BA
8145	#A6ACA6
8146	#969C96
8147	#919791
8148	#909690
8149	#8B918B
8150	#858B85
8151	#7F857F
8152	#7A807A
8153	#787E78
8154	#757B75
8155	#757B75
8156	#747A74
8157	#737973
8158	#747A74
8159	#707670
8160	#6F756F
8161	#6F756F
8162	#6C726C
8163	#6D736D
8164	#676D67
8165	#626862
8166	#636963
8167	#666C66
8168	#696F69
8169	#6B716B
8170	#666C66
8171	#696F69
8172	#6D736D
8173	#5E645E
8174	#767C76
8175	#8D938D
8176	#8D938D
8177	#909690
8178	#898F89
8179	#7D837D
8180	#737973
8181	#777D77
8182	#939993
8183	#A7ADA7
8184	#B1B7B1
8185	#B1B7B1
8186	#B3B9B3
8187	#B5BBB5
8188	#BCC2BC
8189	#C9CFC9
8190	#D6DCD6
8191	#D8DED8
8192	#DBE1DB
8193	#DFE5DF
8194	#DEE4DE
8195	#DEE4DE
8196	#DDE3DD
8197	#DDE3DD
8198	#DCE2DC
8199	#DCE2DC
8200	#DEE4DE
8201	#DCE2DC
8202	#DBE1DB
8203	#D7DDD7
8204	#D2D8D2
8205	#C6CCC6
8206	#B5BBB5
8207	#AAB0AA
8208	#9EA49E
8209	#8E948E
8210	#787E78
8211	#707670
8212	#777D77
8213	#878D87
8214	#8C928C
8215	#808680
8216	#808680
8217	#8C928C
8218	#848A84
8219	#797F79
8220	#707670
8221	#727872
8222	#6F756F
8223	#6A706A
8224	#626862
8225	#5E645E
8226	#5C625C
8227	#5D635D
8228	#606660
8229	#5C625C
8230	#616761
8231	#666C66
8232	#666C66
8233	#686E68
8234	#6D736D
8235	#707670
8236	#727872
8237	#767C76
8238	#797F79
8239	#7A807A
8240	#777D77
8241	#787E78
8242	#7E847E
8243	#7E847E
8244	#828882
8245	#898F89
8246	#8C928C
8247	#8D938D
8248	#919791
8249	#A9AFA9
8250	#AFB5AF
8251	#B0B6B0
8252	#C2C8C2
8253	#B6BCB6
8254	#ADB3AD
8255	#999F99
8256	#8F958F
8257	#7E847E
8258	#787E78
8259	#757B75
8260	#6F756F
8261	#000600
8262	#000600
8263	#000400
8264	#2B312B
8265	#696F69
8266	#6A706A
8267	#747A74
8268	#7E847E
8269	#878D87
8270	#8F958F
8271	#959B95
8272	#9AA09A
8273	#9BA19B
8274	#979D97
8275	#9EA49E
8276	#B4BAB4
8277	#C2C8C2
8278	#D1D7D1
8279	#D8DED8
8280	#DFE5DF
8281	#D0D6D0
8282	#C6CCC6
8283	#C4CAC4
8284	#B2B8B2
8285	#9FA59F
8286	#989E98
8287	#919791
8288	#8C928C
8289	#898F89
8290	#868C86
8291	#7E847E
8292	#7B817B
8293	#7B817B
8294	#7E847E
8295	#818781
8296	#7F857F
8297	#7A807A
8298	#757B75
8299	#717771
8300	#6E746E
8301	#6E746E
8302	#6B716B
8303	#696F69
8304	#656B65
8305	#656B65
8306	#646A64
8307	#606660
8308	#5F655F
8309	#5E645E
8310	#5E645E
8311	#646A64
8312	#707670
8313	#626862
8314	#6B716B
8315	#828882
8316	#8A908A
8317	#8C928C
8318	#7E847E
8319	#787E78
8320	#757B75
8321	#7B817B
8322	#929892
8323	#AAB0AA
8324	#ABB1AB
8325	#ACB2AC
8326	#AEB4AE
8327	#B2B8B2
8328	#B9BFB9
8329	#C6CCC6
8330	#D2D8D2
8331	#D5DBD5
8332	#D8DED8
8333	#DCE2DC
8334	#DEE4DE
8335	#DDE3DD
8336	#DDE3DD
8337	#DDE3DD
8338	#DCE2DC
8339	#DAE0DA
8340	#DDE3DD
8341	#DCE2DC
8342	#DBE1DB
8343	#DBE1DB
8344	#D7DDD7
8345	#CBD1CB
8346	#BBC1BB
8347	#AFB5AF
8348	#9FA59F
8349	#8C928C
8350	#777D77
8351	#6F756F
8352	#6F756F
8353	#7D837D
8354	#818781
8355	#7C827C
8356	#7D837D
8357	#878D87
8358	#8D938D
8359	#7A807A
8360	#757B75
8361	#6B716B
8362	#5E645E
8363	#626862
8364	#616761
8365	#555B55
8366	#555B55
8367	#515751
8368	#545A54
8369	#555B55
8370	#575D57
8371	#5E645E
8372	#5F655F
8373	#606660
8374	#686E68
8375	#6C726C
8376	#6F756F
8377	#757B75
8378	#797F79
8379	#7E847E
8380	#818781
8381	#818781
8382	#797F79
8383	#7C827C
8384	#848A84
8385	#8B918B
8386	#8A908A
8387	#898F89
8388	#888E88
8389	#989E98
8390	#A3A9A3
8391	#ABB1AB
8392	#C5CBC5
8393	#B9BFB9
8394	#AAB0AA
8395	#9BA19B
8396	#8F958F
8397	#7E847E
8398	#797F79
8399	#777D77
8400	#6E746E
8401	#000600
8402	#000600
8403	#000400
8404	#262C26
8405	#5F655F
8406	#636963
8407	#6E746E
8408	#797F79
8409	#848A84
8410	#8C928C
8411	#949A94
8412	#999F99
8413	#9CA29C
8414	#989E98
8415	#9FA59F
8416	#A9AFA9
8417	#BBC1BB
8418	#CED4CE
8419	#D6DCD6
8420	#E0E6E0
8421	#CED4CE
8422	#C7CDC7
8423	#C1C7C1
8424	#AAB0AA
8425	#A0A6A0
8426	#989E98
8427	#919791
8428	#8C928C
8429	#838983
8430	#828882
8431	#858B85
8432	#858B85
8433	#858B85
8434	#868C86
8435	#828882
8436	#7F857F
8437	#7A807A
8438	#767C76
8439	#747A74
8440	#727872
8441	#737973
8442	#6E746E
8443	#6C726C
8444	#696F69
8445	#5F655F
8446	#5A605A
8447	#555B55
8448	#535953
8449	#535953
8450	#505650
8451	#4E544E
8452	#696F69
8453	#7C827C
8454	#808680
8455	#8A908A
8456	#8A908A
8457	#848A84
8458	#787E78
8459	#757B75
8460	#747A74
8461	#7B817B
8462	#979D97
8463	#A8AEA8
8464	#A6ACA6
8465	#A8AEA8
8466	#ADB3AD
8467	#B1B7B1
8468	#B7BDB7
8469	#C3C9C3
8470	#D0D6D0
8471	#D5DBD5
8472	#D9DFD9
8473	#DDE3DD
8474	#DFE5DF
8475	#DDE3DD
8476	#DDE3DD
8477	#DDE3DD
8478	#DCE2DC
8479	#DBE1DB
8480	#DDE3DD
8481	#DCE2DC
8482	#DCE2DC
8483	#DCE2DC
8484	#DAE0DA
8485	#CDD3CD
8486	#BDC3BD
8487	#AEB4AE
8488	#A0A6A0
8489	#949A94
8490	#838983
8491	#727872
8492	#6A706A
8493	#6F756F
8494	#727872
8495	#727872
8496	#757B75
8497	#787E78
8498	#7D837D
8499	#6D736D
8500	#686E68
8501	#5E645E
8502	#525852
8503	#575D57
8504	#616761
8505	#5C625C
8506	#565C56
8507	#575D57
8508	#575D57
8509	#565C56
8510	#535953
8511	#555B55
8512	#5E645E
8513	#626862
8514	#646A64
8515	#686E68
8516	#6D736D
8517	#747A74
8518	#7A807A
8519	#7B817B
8520	#7E847E
8521	#868C86
8522	#868C86
8523	#828882
8524	#828882
8525	#848A84
8526	#848A84
8527	#858B85
8528	#848A84
8529	#8A908A
8530	#8F958F
8531	#ACB2AC
8532	#C7CDC7
8533	#BCC2BC
8534	#A8AEA8
8535	#9AA09A
8536	#919791
8537	#808680
8538	#7B817B
8539	#787E78
8540	#6E746E
8541	#000600
8542	#000600
8543	#000400
8544	#212721
8545	#555B55
8546	#5D635D
8547	#696F69
8548	#767C76
8549	#828882
8550	#8B918B
8551	#939993
8552	#979D97
8553	#9AA09A
8554	#999F99
8555	#A1A7A1
8556	#A7ADA7
8557	#B1B7B1
8558	#C7CDC7
8559	#D4DAD4
8560	#DFE5DF
8561	#CFD5CF
8562	#C7CDC7
8563	#B5BBB5
8564	#A8AEA8
8565	#A2A8A2
8566	#9AA09A
8567	#8F958F
8568	#8A908A
8569	#878D87
8570	#888E88
8571	#8B918B
8572	#8D938D
8573	#8B918B
8574	#888E88
8575	#838983
8576	#7E847E
8577	#7A807A
8578	#797F79
8579	#767C76
8580	#767C76
8581	#717771
8582	#676D67
8583	#636963
8584	#626862
8585	#5C625C
8586	#575D57
8587	#535953
8588	#545A54
8589	#525852
8590	#515751
8591	#515751
8592	#656B65
8593	#767C76
8594	#7F857F
8595	#848A84
8596	#8A908A
8597	#7E847E
8598	#6F756F
8599	#6E746E
8600	#717771
8601	#808680
8602	#999F99
8603	#A5ABA5
8604	#A6ACA6
8605	#A7ADA7
8606	#AAB0AA
8607	#ADB3AD
8608	#B3B9B3
8609	#BFC5BF
8610	#CED4CE
8611	#D4DAD4
8612	#D8DED8
8613	#DCE2DC
8614	#DDE3DD
8615	#DCE2DC
8616	#DCE2DC
8617	#DDE3DD
8618	#DCE2DC
8619	#DCE2DC
8620	#DEE4DE
8621	#DEE4DE
8622	#DDE3DD
8623	#DCE2DC
8624	#DBE1DB
8625	#CFD5CF
8626	#BBC1BB
8627	#ABB1AB
8628	#9EA49E
8629	#959B95
8630	#868C86
8631	#6E746E
8632	#606660
8633	#5E645E
8634	#656B65
8635	#6D736D
8636	#717771
8637	#767C76
8638	#787E78
8639	#6C726C
8640	#656B65
8641	#616761
8642	#575D57
8643	#505650
8644	#565C56
8645	#585E58
8646	#545A54
8647	#545A54
8648	#555B55
8649	#575D57
8650	#595F59
8651	#5D635D
8652	#626862
8653	#676D67
8654	#636963
8655	#666C66
8656	#6D736D
8657	#707670
8658	#757B75
8659	#7A807A
8660	#7F857F
8661	#838983
8662	#8A908A
8663	#8C928C
8664	#858B85
8665	#808680
8666	#7F857F
8667	#7E847E
8668	#828882
8669	#7E847E
8670	#7C827C
8671	#ACB2AC
8672	#C7CDC7
8673	#BFC5BF
8674	#A9AFA9
8675	#9AA09A
8676	#909690
8677	#818781
8678	#7D837D
8679	#787E78
8680	#6D736D
8681	#000600
8682	#000600
8683	#000400
8684	#1C221C
8685	#4C524C
8686	#565C56
8687	#666C66
8688	#737973
8689	#7F857F
8690	#8B918B
8691	#929892
8692	#969C96
8693	#999F99
8694	#9BA19B
8695	#A2A8A2
8696	#A8AEA8
8697	#AEB4AE
8698	#BEC4BE
8699	#D2D8D2
8700	#DCE2DC
8701	#D2D8D2
8702	#C1C7C1
8703	#ADB3AD
8704	#A8AEA8
8705	#A3A9A3
8706	#989E98
8707	#909690
8708	#8F958F
8709	#919791
8710	#8D938D
8711	#898F89
8712	#898F89
8713	#898F89
8714	#868C86
8715	#828882
8716	#7D837D
8717	#7D837D
8718	#7B817B
8719	#747A74
8720	#737973
8721	#6B716B
8722	#666C66
8723	#676D67
8724	#616761
8725	#5D635D
8726	#5C625C
8727	#5B615B
8728	#5D635D
8729	#5D635D
8730	#5A605A
8731	#5C625C
8732	#696F69
8733	#797F79
8734	#7D837D
8735	#767C76
8736	#7F857F
8737	#767C76
8738	#666C66
8739	#686E68
8740	#757B75
8741	#838983
8742	#929892
8743	#9FA59F
8744	#A4AAA4
8745	#A5ABA5
8746	#A8AEA8
8747	#ACB2AC
8748	#B4BAB4
8749	#BFC5BF
8750	#CDD3CD
8751	#D4DAD4
8752	#D8DED8
8753	#DBE1DB
8754	#DDE3DD
8755	#DCE2DC
8756	#DCE2DC
8757	#DDE3DD
8758	#DDE3DD
8759	#DDE3DD
8760	#DFE5DF
8761	#DFE5DF
8762	#DDE3DD
8763	#DDE3DD
8764	#DCE2DC
8765	#D2D8D2
8766	#BDC3BD
8767	#A8AEA8
8768	#A0A6A0
8769	#979D97
8770	#8E948E
8771	#7D837D
8772	#6C726C
8773	#5D635D
8774	#595F59
8775	#686E68
8776	#7B817B
8777	#7B817B
8778	#747A74
8779	#6E746E
8780	#696F69
8781	#5E645E
8782	#575D57
8783	#4F554F
8784	#535953
8785	#505650
8786	#505650
8787	#515751
8788	#505650
8789	#525852
8790	#575D57
8791	#5E645E
8792	#626862
8793	#636963
8794	#646A64
8795	#656B65
8796	#686E68
8797	#6A706A
8798	#707670
8799	#797F79
8800	#7B817B
8801	#7F857F
8802	#818781
8803	#848A84
8804	#888E88
8805	#888E88
8806	#7C827C
8807	#757B75
8808	#7B817B
8809	#707670
8810	#717771
8811	#ADB3AD
8812	#C7CDC7
8813	#C2C8C2
8814	#AAB0AA
8815	#999F99
8816	#919791
8817	#828882
8818	#7F857F
8819	#787E78
8820	#6D736D
8821	#000600
8822	#000600
8823	#000400
8824	#191F19
8825	#434943
8826	#525852
8827	#636963
8828	#707670
8829	#7D837D
8830	#898F89
8831	#919791
8832	#949A94
8833	#9AA09A
8834	#9DA39D
8835	#A2A8A2
8836	#A8AEA8
8837	#AEB4AE
8838	#BEC4BE
8839	#CFD5CF
8840	#D5DBD5
8841	#D4DAD4
8842	#B7BDB7
8843	#A8AEA8
8844	#A5ABA5
8845	#A2A8A2
8846	#9BA19B
8847	#9CA29C
8848	#999F99
8849	#939993
8850	#8D938D
8851	#898F89
8852	#848A84
8853	#828882
8854	#838983
8855	#818781
8856	#7A807A
8857	#777D77
8858	#727872
8859	#717771
8860	#717771
8861	#686E68
8862	#646A64
8863	#646A64
8864	#626862
8865	#5F655F
8866	#606660
8867	#616761
8868	#5A605A
8869	#575D57
8870	#535953
8871	#656B65
8872	#797F79
8873	#838983
8874	#828882
8875	#797F79
8876	#6D736D
8877	#626862
8878	#626862
8879	#737973
8880	#7D837D
8881	#7F857F
8882	#8F958F
8883	#9DA39D
8884	#A2A8A2
8885	#A4AAA4
8886	#A7ADA7
8887	#AAB0AA
8888	#B1B7B1
8889	#C0C6C0
8890	#D0D6D0
8891	#D4DAD4
8892	#D7DDD7
8893	#DBE1DB
8894	#DEE4DE
8895	#DDE3DD
8896	#DCE2DC
8897	#DEE4DE
8898	#DFE5DF
8899	#DEE4DE
8900	#DFE5DF
8901	#E0E6E0
8902	#DFE5DF
8903	#DEE4DE
8904	#DCE2DC
8905	#D4DAD4
8906	#C4CAC4
8907	#AFB5AF
8908	#A7ADA7
8909	#9AA09A
8910	#909690
8911	#8A908A
8912	#7E847E
8913	#676D67
8914	#616761
8915	#6A706A
8916	#7E847E
8917	#828882
8918	#767C76
8919	#707670
8920	#686E68
8921	#5E645E
8922	#575D57
8923	#585E58
8924	#525852
8925	#4B514B
8926	#4E544E
8927	#515751
8928	#535953
8929	#545A54
8930	#545A54
8931	#585E58
8932	#5D635D
8933	#606660
8934	#5E645E
8935	#5D635D
8936	#616761
8937	#676D67
8938	#6E746E
8939	#747A74
8940	#787E78
8941	#7F857F
8942	#808680
8943	#7E847E
8944	#838983
8945	#898F89
8946	#858B85
8947	#737973
8948	#707670
8949	#6A706A
8950	#6E746E
8951	#A9AFA9
8952	#C7CDC7
8953	#C1C7C1
8954	#AAB0AA
8955	#9AA09A
8956	#929892
8957	#848A84
8958	#7E847E
8959	#777D77
8960	#6C726C
8961	#000600
8962	#000600
8963	#000500
8964	#181E18
8965	#3D433D
8966	#4D534D
8967	#616761
8968	#6F756F
8969	#7D837D
8970	#888E88
8971	#8F958F
8972	#949A94
8973	#999F99
8974	#9DA39D
8975	#A4AAA4
8976	#AAB0AA
8977	#B0B6B0
8978	#C1C7C1
8979	#CDD3CD
8980	#CCD2CC
8981	#CFD5CF
8982	#B0B6B0
8983	#A2A8A2
8984	#A0A6A0
8985	#A2A8A2
8986	#A6ACA6
8987	#A2A8A2
8988	#999F99
8989	#939993
8990	#8E948E
8991	#898F89
8992	#828882
8993	#828882
8994	#7E847E
8995	#797F79
8996	#757B75
8997	#717771
8998	#6D736D
8999	#6A706A
9000	#696F69
9001	#656B65
9002	#616761
9003	#606660
9004	#616761
9005	#646A64
9006	#636963
9007	#636963
9008	#5C625C
9009	#555B55
9010	#565C56
9011	#767C76
9012	#818781
9013	#7C827C
9014	#747A74
9015	#6F756F
9016	#5F655F
9017	#5B615B
9018	#686E68
9019	#858B85
9020	#878D87
9021	#828882
9022	#959B95
9023	#A0A6A0
9024	#A7ADA7
9025	#ABB1AB
9026	#ACB2AC
9027	#ACB2AC
9028	#B1B7B1
9029	#C3C9C3
9030	#D4DAD4
9031	#D5DBD5
9032	#D8DED8
9033	#DDE3DD
9034	#DEE4DE
9035	#DFE5DF
9036	#DFE5DF
9037	#E0E6E0
9038	#DFE5DF
9039	#DEE4DE
9040	#E0E6E0
9041	#E1E7E1
9042	#E0E6E0
9043	#E0E6E0
9044	#DEE4DE
9045	#D4DAD4
9046	#C7CDC7
9047	#B7BDB7
9048	#AEB4AE
9049	#A1A7A1
9050	#979D97
9051	#8E948E
9052	#878D87
9053	#737973
9054	#6A706A
9055	#737973
9056	#777D77
9057	#7F857F
9058	#808680
9059	#717771
9060	#626862
9061	#606660
9062	#626862
9063	#585E58
9064	#505650
9065	#4C524C
9066	#4D534D
9067	#4F554F
9068	#525852
9069	#585E58
9070	#5B615B
9071	#5D635D
9072	#5F655F
9073	#636963
9074	#666C66
9075	#616761
9076	#646A64
9077	#686E68
9078	#6C726C
9079	#6C726C
9080	#6E746E
9081	#737973
9082	#777D77
9083	#777D77
9084	#7D837D
9085	#7E847E
9086	#7F857F
9087	#7B817B
9088	#6B716B
9089	#636963
9090	#6F756F
9091	#A5ABA5
9092	#C6CCC6
9093	#C0C6C0
9094	#ADB3AD
9095	#9BA19B
9096	#939993
9097	#858B85
9098	#7D837D
9099	#787E78
9100	#6C726C
9101	#000600
9102	#000600
9103	#000500
9104	#141A14
9105	#3A403A
9106	#494F49
9107	#5D635D
9108	#6E746E
9109	#7D837D
9110	#888E88
9111	#8E948E
9112	#949A94
9113	#999F99
9114	#9DA39D
9115	#A4AAA4
9116	#ACB2AC
9117	#B1B7B1
9118	#C2C8C2
9119	#CDD3CD
9120	#CAD0CA
9121	#C5CBC5
9122	#ABB1AB
9123	#9DA39D
9124	#A0A6A0
9125	#A7ADA7
9126	#A8AEA8
9127	#A1A7A1
9128	#9AA09A
9129	#909690
9130	#8A908A
9131	#848A84
9132	#7E847E
9133	#797F79
9134	#747A74
9135	#727872
9136	#737973
9137	#757B75
9138	#707670
9139	#696F69
9140	#646A64
9141	#646A64
9142	#626862
9143	#606660
9144	#616761
9145	#616761
9146	#606660
9147	#5A605A
9148	#545A54
9149	#555B55
9150	#666C66
9151	#7E847E
9152	#7B817B
9153	#767C76
9154	#757B75
9155	#787E78
9156	#747A74
9157	#757B75
9158	#7E847E
9159	#909690
9160	#8E948E
9161	#8C928C
9162	#9FA59F
9163	#A7ADA7
9164	#ABB1AB
9165	#AFB5AF
9166	#ADB3AD
9167	#B1B7B1
9168	#B9BFB9
9169	#CAD0CA
9170	#D6DCD6
9171	#D8DED8
9172	#DAE0DA
9173	#DEE4DE
9174	#E0E6E0
9175	#E0E6E0
9176	#E1E7E1
9177	#E1E7E1
9178	#E0E6E0
9179	#DFE5DF
9180	#E1E7E1
9181	#E2E8E2
9182	#E1E7E1
9183	#E2E8E2
9184	#E0E6E0
9185	#D5DBD5
9186	#C7CDC7
9187	#BAC0BA
9188	#B5BBB5
9189	#AAB0AA
9190	#9EA49E
9191	#9AA09A
9192	#929892
9193	#7F857F
9194	#787E78
9195	#797F79
9196	#797F79
9197	#7B817B
9198	#828882
9199	#7E847E
9200	#717771
9201	#717771
9202	#6D736D
9203	#5E645E
9204	#595F59
9205	#565C56
9206	#535953
9207	#545A54
9208	#595F59
9209	#5D635D
9210	#636963
9211	#666C66
9212	#676D67
9213	#696F69
9214	#6B716B
9215	#666C66
9216	#656B65
9217	#666C66
9218	#696F69
9219	#666C66
9220	#616761
9221	#616761
9222	#696F69
9223	#707670
9224	#747A74
9225	#757B75
9226	#747A74
9227	#777D77
9228	#727872
9229	#686E68
9230	#727872
9231	#A4AAA4
9232	#C6CCC6
9233	#C0C6C0
9234	#ADB3AD
9235	#9BA19B
9236	#929892
9237	#868C86
9238	#7D837D
9239	#787E78
9240	#6D736D
9241	#000600
9242	#000600
9243	#000500
9244	#111711
9245	#373D37
9246	#464C46
9247	#5B615B
9248	#6C726C
9249	#7B817B
9250	#878D87
9251	#8D938D
9252	#949A94
9253	#989E98
9254	#9DA39D
9255	#A4AAA4
9256	#AAB0AA
9257	#B1B7B1
9258	#C3C9C3
9259	#CCD2CC
9260	#CCD2CC
9261	#B9BFB9
9262	#A0A6A0
9263	#A0A6A0
9264	#A3A9A3
9265	#A4AAA4
9266	#A4AAA4
9267	#9FA59F
9268	#999F99
9269	#8C928C
9270	#848A84
9271	#7B817B
9272	#777D77
9273	#727872
9274	#707670
9275	#6F756F
9276	#6A706A
9277	#6A706A
9278	#696F69
9279	#696F69
9280	#676D67
9281	#666C66
9282	#676D67
9283	#636963
9284	#616761
9285	#5F655F
9286	#5D635D
9287	#5D635D
9288	#5F655F
9289	#626862
9290	#7E847E
9291	#989E98
9292	#929892
9293	#848A84
9294	#848A84
9295	#808680
9296	#7A807A
9297	#7A807A
9298	#7B817B
9299	#868C86
9300	#8E948E
9301	#959B95
9302	#A0A6A0
9303	#A6ACA6
9304	#A6ACA6
9305	#ACB2AC
9306	#B2B8B2
9307	#B8BEB8
9308	#C2C8C2
9309	#CFD5CF
9310	#D7DDD7
9311	#D8DED8
9312	#D9DFD9
9313	#DCE2DC
9314	#DFE5DF
9315	#E0E6E0
9316	#DFE5DF
9317	#DFE5DF
9318	#E1E7E1
9319	#E0E6E0
9320	#E1E7E1
9321	#E3E9E3
9322	#E1E7E1
9323	#E1E7E1
9324	#E1E7E1
9325	#DAE0DA
9326	#CED4CE
9327	#C1C7C1
9328	#B9BFB9
9329	#B2B8B2
9330	#AAB0AA
9331	#A3A9A3
9332	#9CA29C
9333	#8A908A
9334	#808680
9335	#767C76
9336	#737973
9337	#7B817B
9338	#808680
9339	#868C86
9340	#808680
9341	#767C76
9342	#777D77
9343	#6F756F
9344	#666C66
9345	#686E68
9346	#616761
9347	#626862
9348	#616761
9349	#646A64
9350	#636963
9351	#5D635D
9352	#5E645E
9353	#636963
9354	#646A64
9355	#666C66
9356	#666C66
9357	#656B65
9358	#646A64
9359	#5E645E
9360	#5D635D
9361	#5E645E
9362	#5F655F
9363	#656B65
9364	#6B716B
9365	#727872
9366	#757B75
9367	#717771
9368	#6E746E
9369	#767C76
9370	#787E78
9371	#A3A9A3
9372	#C5CBC5
9373	#C0C6C0
9374	#AFB5AF
9375	#9DA39D
9376	#939993
9377	#868C86
9378	#7D837D
9379	#787E78
9380	#6D736D
9381	#000600
9382	#000600
9383	#000500
9384	#0D130D
9385	#333933
9386	#444A44
9387	#5A605A
9388	#6C726C
9389	#7A807A
9390	#878D87
9391	#8C928C
9392	#939993
9393	#999F99
9394	#9DA39D
9395	#A4AAA4
9396	#AAB0AA
9397	#B2B8B2
9398	#C4CAC4
9399	#CCD2CC
9400	#CED4CE
9401	#B3B9B3
9402	#9AA09A
9403	#A0A6A0
9404	#A1A7A1
9405	#9FA59F
9406	#9FA59F
9407	#9DA39D
9408	#959B95
9409	#888E88
9410	#808680
9411	#787E78
9412	#747A74
9413	#727872
9414	#707670
9415	#6B716B
9416	#686E68
9417	#646A64
9418	#626862
9419	#656B65
9420	#676D67
9421	#686E68
9422	#656B65
9423	#626862
9424	#686E68
9425	#696F69
9426	#696F69
9427	#6C726C
9428	#6F756F
9429	#747A74
9430	#8A908A
9431	#A5ABA5
9432	#9AA09A
9433	#828882
9434	#787E78
9435	#717771
9436	#737973
9437	#727872
9438	#6F756F
9439	#6F756F
9440	#7E847E
9441	#989E98
9442	#A4AAA4
9443	#A7ADA7
9444	#A8AEA8
9445	#AEB4AE
9446	#B7BDB7
9447	#BDC3BD
9448	#C3C9C3
9449	#D0D6D0
9450	#D9DFD9
9451	#DAE0DA
9452	#DDE3DD
9453	#E0E6E0
9454	#E0E6E0
9455	#E1E7E1
9456	#E0E6E0
9457	#E1E7E1
9458	#E2E8E2
9459	#E2E8E2
9460	#E3E9E3
9461	#E4EAE4
9462	#E1E7E1
9463	#DFE5DF
9464	#E0E6E0
9465	#DEE4DE
9466	#D6DCD6
9467	#CBD1CB
9468	#C1C7C1
9469	#B9BFB9
9470	#B2B8B2
9471	#A9AFA9
9472	#A4AAA4
9473	#939993
9474	#838983
9475	#797F79
9476	#747A74
9477	#787E78
9478	#7C827C
9479	#828882
9480	#808680
9481	#7B817B
9482	#7A807A
9483	#777D77
9484	#6E746E
9485	#6D736D
9486	#696F69
9487	#666C66
9488	#666C66
9489	#656B65
9490	#646A64
9491	#606660
9492	#5C625C
9493	#5A605A
9494	#5B615B
9495	#5E645E
9496	#5F655F
9497	#5E645E
9498	#5C625C
9499	#5A605A
9500	#595F59
9501	#5A605A
9502	#5B615B
9503	#5F655F
9504	#5F655F
9505	#646A64
9506	#737973
9507	#6A706A
9508	#696F69
9509	#787E78
9510	#858B85
9511	#A3A9A3
9512	#C3C9C3
9513	#BFC5BF
9514	#B0B6B0
9515	#9DA39D
9516	#949A94
9517	#878D87
9518	#7D837D
9519	#777D77
9520	#6D736D
9521	#000600
9522	#000600
9523	#000500
9524	#0B110B
9525	#2E342E
9526	#414741
9527	#575D57
9528	#6A706A
9529	#7A807A
9530	#858B85
9531	#8B918B
9532	#929892
9533	#989E98
9534	#9EA49E
9535	#A5ABA5
9536	#ABB1AB
9537	#B1B7B1
9538	#C4CAC4
9539	#CAD0CA
9540	#CDD3CD
9541	#ADB3AD
9542	#A4AAA4
9543	#999F99
9544	#9DA39D
9545	#9AA09A
9546	#989E98
9547	#8F958F
9548	#888E88
9549	#838983
9550	#808680
9551	#797F79
9552	#757B75
9553	#737973
9554	#6C726C
9555	#6D736D
9556	#6B716B
9557	#6A706A
9558	#686E68
9559	#636963
9560	#5F655F
9561	#606660
9562	#626862
9563	#636963
9564	#6B716B
9565	#6E746E
9566	#6D736D
9567	#696F69
9568	#707670
9569	#787E78
9570	#878D87
9571	#939993
9572	#888E88
9573	#7E847E
9574	#747A74
9575	#6A706A
9576	#6C726C
9577	#6B716B
9578	#6A706A
9579	#636963
9580	#6E746E
9581	#909690
9582	#A0A6A0
9583	#A7ADA7
9584	#ABB1AB
9585	#B0B6B0
9586	#B9BFB9
9587	#BEC4BE
9588	#C2C8C2
9589	#CCD2CC
9590	#D7DDD7
9591	#D9DFD9
9592	#DBE1DB
9593	#DEE4DE
9594	#DFE5DF
9595	#DFE5DF
9596	#DFE5DF
9597	#E1E7E1
9598	#E1E7E1
9599	#E1E7E1
9600	#E4EAE4
9601	#E4EAE4
9602	#E1E7E1
9603	#E0E6E0
9604	#E0E6E0
9605	#DFE5DF
9606	#D9DFD9
9607	#CED4CE
9608	#C5CBC5
9609	#BDC3BD
9610	#B4BAB4
9611	#ACB2AC
9612	#A6ACA6
9613	#999F99
9614	#7C827C
9615	#6B716B
9616	#666C66
9617	#6E746E
9618	#777D77
9619	#7D837D
9620	#888E88
9621	#828882
9622	#7F857F
9623	#7B817B
9624	#6E746E
9625	#686E68
9626	#676D67
9627	#666C66
9628	#686E68
9629	#666C66
9630	#656B65
9631	#666C66
9632	#686E68
9633	#616761
9634	#5E645E
9635	#5A605A
9636	#5B615B
9637	#595F59
9638	#595F59
9639	#5A605A
9640	#595F59
9641	#595F59
9642	#5A605A
9643	#575D57
9644	#595F59
9645	#5B615B
9646	#626862
9647	#676D67
9648	#6D736D
9649	#777D77
9650	#898F89
9651	#A7ADA7
9652	#C4CAC4
9653	#BEC4BE
9654	#AFB5AF
9655	#9CA29C
9656	#939993
9657	#878D87
9658	#7C827C
9659	#767C76
9660	#6C726C
9661	#000600
9662	#000600
9663	#000500
9664	#0A100A
9665	#2A302A
9666	#3F453F
9667	#555B55
9668	#696F69
9669	#7A807A
9670	#848A84
9671	#8A908A
9672	#919791
9673	#979D97
9674	#9DA39D
9675	#A3A9A3
9676	#AAB0AA
9677	#B2B8B2
9678	#C3C9C3
9679	#C8CEC8
9680	#CCD2CC
9681	#ACB2AC
9682	#AAB0AA
9683	#9CA29C
9684	#929892
9685	#959B95
9686	#898F89
9687	#808680
9688	#828882
9689	#808680
9690	#7C827C
9691	#7B817B
9692	#7C827C
9693	#717771
9694	#6D736D
9695	#6C726C
9696	#707670
9697	#6D736D
9698	#656B65
9699	#636963
9700	#666C66
9701	#696F69
9702	#696F69
9703	#6A706A
9704	#6C726C
9705	#686E68
9706	#616761
9707	#5F655F
9708	#6D736D
9709	#757B75
9710	#7C827C
9711	#848A84
9712	#7C827C
9713	#737973
9714	#6A706A
9715	#616761
9716	#616761
9717	#5B615B
9718	#5B615B
9719	#5E645E
9720	#666C66
9721	#898F89
9722	#A3A9A3
9723	#A7ADA7
9724	#ABB1AB
9725	#B0B6B0
9726	#B6BCB6
9727	#B9BFB9
9728	#BDC3BD
9729	#CAD0CA
9730	#D4DAD4
9731	#D8DED8
9732	#DBE1DB
9733	#DDE3DD
9734	#DFE5DF
9735	#E0E6E0
9736	#DFE5DF
9737	#E0E6E0
9738	#E0E6E0
9739	#E2E8E2
9740	#E3E9E3
9741	#E2E8E2
9742	#E2E8E2
9743	#E1E7E1
9744	#E1E7E1
9745	#DFE5DF
9746	#D8DED8
9747	#CFD5CF
9748	#C6CCC6
9749	#BEC4BE
9750	#B5BBB5
9751	#ADB3AD
9752	#A5ABA5
9753	#959B95
9754	#787E78
9755	#636963
9756	#5D635D
9757	#626862
9758	#6B716B
9759	#6C726C
9760	#7D837D
9761	#898F89
9762	#828882
9763	#808680
9764	#747A74
9765	#686E68
9766	#656B65
9767	#656B65
9768	#656B65
9769	#666C66
9770	#656B65
9771	#666C66
9772	#6B716B
9773	#6A706A
9774	#676D67
9775	#626862
9776	#5D635D
9777	#595F59
9778	#575D57
9779	#585E58
9780	#5B615B
9781	#5B615B
9782	#565C56
9783	#545A54
9784	#5A605A
9785	#5C625C
9786	#565C56
9787	#575D57
9788	#6E746E
9789	#787E78
9790	#8B918B
9791	#A6ACA6
9792	#C6CCC6
9793	#BBC1BB
9794	#AFB5AF
9795	#9CA29C
9796	#929892
9797	#868C86
9798	#7C827C
9799	#747A74
9800	#6A706A
9801	#000600
9802	#000600
9803	#000500
9804	#0B110B
9805	#262C26
9806	#3D433D
9807	#535953
9808	#696F69
9809	#7A807A
9810	#848A84
9811	#8A908A
9812	#919791
9813	#979D97
9814	#9DA39D
9815	#A3A9A3
9816	#A9AFA9
9817	#B3B9B3
9818	#C3C9C3
9819	#C7CDC7
9820	#CBD1CB
9821	#B1B7B1
9822	#A9AFA9
9823	#A3A9A3
9824	#8E948E
9825	#808680
9826	#7B817B
9827	#7C827C
9828	#7B817B
9829	#7A807A
9830	#7A807A
9831	#7A807A
9832	#7B817B
9833	#777D77
9834	#717771
9835	#707670
9836	#707670
9837	#6C726C
9838	#6C726C
9839	#717771
9840	#727872
9841	#717771
9842	#727872
9843	#747A74
9844	#6D736D
9845	#636963
9846	#5D635D
9847	#606660
9848	#676D67
9849	#6C726C
9850	#767C76
9851	#767C76
9852	#767C76
9853	#717771
9854	#646A64
9855	#5C625C
9856	#5F655F
9857	#595F59
9858	#575D57
9859	#646A64
9860	#797F79
9861	#8E948E
9862	#A5ABA5
9863	#AAB0AA
9864	#AEB4AE
9865	#B3B9B3
9866	#B3B9B3
9867	#B6BCB6
9868	#BEC4BE
9869	#C8CEC8
9870	#D2D8D2
9871	#D6DCD6
9872	#DBE1DB
9873	#DFE5DF
9874	#DFE5DF
9875	#DEE4DE
9876	#DFE5DF
9877	#E0E6E0
9878	#E0E6E0
9879	#E1E7E1
9880	#E2E8E2
9881	#E1E7E1
9882	#E1E7E1
9883	#E1E7E1
9884	#E1E7E1
9885	#DFE5DF
9886	#D8DED8
9887	#CED4CE
9888	#C5CBC5
9889	#C0C6C0
9890	#BAC0BA
9891	#B5BBB5
9892	#ADB3AD
9893	#979D97
9894	#828882
9895	#6C726C
9896	#616761
9897	#646A64
9898	#6B716B
9899	#6A706A
9900	#6B716B
9901	#6B716B
9902	#747A74
9903	#777D77
9904	#797F79
9905	#727872
9906	#6A706A
9907	#646A64
9908	#646A64
9909	#666C66
9910	#656B65
9911	#676D67
9912	#666C66
9913	#666C66
9914	#656B65
9915	#656B65
9916	#646A64
9917	#626862
9918	#5C625C
9919	#595F59
9920	#585E58
9921	#575D57
9922	#565C56
9923	#595F59
9924	#5D635D
9925	#595F59
9926	#535953
9927	#545A54
9928	#636963
9929	#7A807A
9930	#8B918B
9931	#A3A9A3
9932	#C7CDC7
9933	#BAC0BA
9934	#B0B6B0
9935	#9DA39D
9936	#929892
9937	#868C86
9938	#7B817B
9939	#737973
9940	#696F69
9941	#000600
9942	#000600
9943	#000500
9944	#0B110B
9945	#222822
9946	#3B413B
9947	#525852
9948	#696F69
9949	#797F79
9950	#828882
9951	#8A908A
9952	#909690
9953	#969C96
9954	#9CA29C
9955	#A3A9A3
9956	#A9AFA9
9957	#B2B8B2
9958	#C3C9C3
9959	#C6CCC6
9960	#CCD2CC
9961	#B2B8B2
9962	#A7ADA7
9963	#A3A9A3
9964	#878D87
9965	#717771
9966	#757B75
9967	#787E78
9968	#777D77
9969	#757B75
9970	#777D77
9971	#7A807A
9972	#787E78
9973	#7C827C
9974	#787E78
9975	#787E78
9976	#737973
9977	#6F756F
9978	#707670
9979	#707670
9980	#6D736D
9981	#6C726C
9982	#707670
9983	#707670
9984	#6C726C
9985	#696F69
9986	#656B65
9987	#626862
9988	#666C66
9989	#696F69
9990	#737973
9991	#737973
9992	#747A74
9993	#737973
9994	#6D736D
9995	#676D67
9996	#666C66
9997	#606660
9998	#5D635D
9999	#6F756F
10000	#8F958F
10001	#989E98
10002	#AAB0AA
10003	#B0B6B0
10004	#B3B9B3
10005	#B4BAB4
10006	#B5BBB5
10007	#B9BFB9
10008	#C0C6C0
10009	#CAD0CA
10010	#D3D9D3
10011	#D9DFD9
10012	#DBE1DB
10013	#DFE5DF
10014	#DFE5DF
10015	#DFE5DF
10016	#E0E6E0
10017	#E0E6E0
10018	#DFE5DF
10019	#E0E6E0
10020	#E2E8E2
10021	#E2E8E2
10022	#E0E6E0
10023	#DFE5DF
10024	#E0E6E0
10025	#DFE5DF
10026	#D8DED8
10027	#D0D6D0
10028	#C7CDC7
10029	#C3C9C3
10030	#BDC3BD
10031	#B7BDB7
10032	#B0B6B0
10033	#A1A7A1
10034	#8F958F
10035	#787E78
10036	#6A706A
10037	#676D67
10038	#6D736D
10039	#717771
10040	#676D67
10041	#5A605A
10042	#656B65
10043	#6E746E
10044	#6F756F
10045	#6E746E
10046	#727872
10047	#696F69
10048	#696F69
10049	#686E68
10050	#656B65
10051	#676D67
10052	#616761
10053	#616761
10054	#626862
10055	#606660
10056	#5F655F
10057	#606660
10058	#5E645E
10059	#5B615B
10060	#565C56
10061	#535953
10062	#565C56
10063	#5A605A
10064	#565C56
10065	#545A54
10066	#535953
10067	#595F59
10068	#5A605A
10069	#727872
10070	#8E948E
10071	#A3A9A3
10072	#C7CDC7
10073	#BAC0BA
10074	#AFB5AF
10075	#9DA39D
10076	#909690
10077	#858B85
10078	#7A807A
10079	#717771
10080	#686E68
10081	#000600
10082	#000600
10083	#000500
10084	#0D130D
10085	#202620
10086	#383E38
10087	#515751
10088	#686E68
10089	#777D77
10090	#828882
10091	#8A908A
10092	#909690
10093	#959B95
10094	#9BA19B
10095	#A2A8A2
10096	#A8AEA8
10097	#B1B7B1
10098	#C1C7C1
10099	#C5CBC5
10100	#CDD3CD
10101	#B1B7B1
10102	#A7ADA7
10103	#989E98
10104	#848A84
10105	#727872
10106	#707670
10107	#727872
10108	#757B75
10109	#757B75
10110	#757B75
10111	#787E78
10112	#787E78
10113	#7C827C
10114	#7D837D
10115	#7C827C
10116	#787E78
10117	#737973
10118	#707670
10119	#6D736D
10120	#6B716B
10121	#6F756F
10122	#6E746E
10123	#696F69
10124	#646A64
10125	#606660
10126	#656B65
10127	#656B65
10128	#5F655F
10129	#686E68
10130	#737973
10131	#7C827C
10132	#7B817B
10133	#757B75
10134	#666C66
10135	#696F69
10136	#656B65
10137	#636963
10138	#656B65
10139	#7F857F
10140	#9FA59F
10141	#A4AAA4
10142	#AFB5AF
10143	#B3B9B3
10144	#B4BAB4
10145	#B4BAB4
10146	#B8BEB8
10147	#BBC1BB
10148	#C0C6C0
10149	#CAD0CA
10150	#D2D8D2
10151	#D9DFD9
10152	#DCE2DC
10153	#DFE5DF
10154	#E1E7E1
10155	#E1E7E1
10156	#DFE5DF
10157	#E0E6E0
10158	#DFE5DF
10159	#E0E6E0
10160	#E1E7E1
10161	#E0E6E0
10162	#DFE5DF
10163	#E1E7E1
10164	#E1E7E1
10165	#E0E6E0
10166	#DCE2DC
10167	#D2D8D2
10168	#C7CDC7
10169	#C2C8C2
10170	#BDC3BD
10171	#B7BDB7
10172	#B2B8B2
10173	#ABB1AB
10174	#A0A6A0
10175	#8A908A
10176	#737973
10177	#676D67
10178	#666C66
10179	#6D736D
10180	#656B65
10181	#585E58
10182	#595F59
10183	#646A64
10184	#717771
10185	#666C66
10186	#666C66
10187	#686E68
10188	#6B716B
10189	#646A64
10190	#5C625C
10191	#5C625C
10192	#5D635D
10193	#5A605A
10194	#5A605A
10195	#5C625C
10196	#5D635D
10197	#5F655F
10198	#5E645E
10199	#5E645E
10200	#5D635D
10201	#595F59
10202	#575D57
10203	#535953
10204	#515751
10205	#525852
10206	#565C56
10207	#595F59
10208	#5A605A
10209	#696F69
10210	#878D87
10211	#A5ABA5
10212	#C6CCC6
10213	#BBC1BB
10214	#AEB4AE
10215	#9CA29C
10216	#909690
10217	#858B85
10218	#797F79
10219	#717771
10220	#666C66
10221	#000600
10222	#000600
10223	#000500
10224	#0C120C
10225	#1F251F
10226	#373D37
10227	#4F554F
10228	#686E68
10229	#777D77
10230	#808680
10231	#8A908A
10232	#8F958F
10233	#959B95
10234	#9BA19B
10235	#A2A8A2
10236	#A8AEA8
10237	#B1B7B1
10238	#C1C7C1
10239	#C6CCC6
10240	#CDD3CD
10241	#B3B9B3
10242	#A0A6A0
10243	#8B918B
10244	#848A84
10245	#777D77
10246	#6C726C
10247	#6A706A
10248	#6E746E
10249	#717771
10250	#787E78
10251	#7A807A
10252	#7D837D
10253	#7B817B
10254	#7D837D
10255	#7D837D
10256	#7D837D
10257	#787E78
10258	#737973
10259	#727872
10260	#6E746E
10261	#6B716B
10262	#686E68
10263	#636963
10264	#5E645E
10265	#5E645E
10266	#666C66
10267	#666C66
10268	#676D67
10269	#6E746E
10270	#6E746E
10271	#7B817B
10272	#707670
10273	#606660
10274	#5D635D
10275	#636963
10276	#626862
10277	#606660
10278	#696F69
10279	#858B85
10280	#9DA39D
10281	#A9AFA9
10282	#B2B8B2
10283	#B5BBB5
10284	#B6BCB6
10285	#B9BFB9
10286	#BCC2BC
10287	#BDC3BD
10288	#BFC5BF
10289	#CBD1CB
10290	#D6DCD6
10291	#DAE0DA
10292	#DFE5DF
10293	#E1E7E1
10294	#E2E8E2
10295	#E2E8E2
10296	#E2E8E2
10297	#E2E8E2
10298	#E1E7E1
10299	#E1E7E1
10300	#E2E8E2
10301	#E0E6E0
10302	#E0E6E0
10303	#E2E8E2
10304	#E1E7E1
10305	#E0E6E0
10306	#DEE4DE
10307	#D5DBD5
10308	#C5CBC5
10309	#C0C6C0
10310	#BEC4BE
10311	#BAC0BA
10312	#B6BCB6
10313	#B1B7B1
10314	#A9AFA9
10315	#9AA09A
10316	#858B85
10317	#717771
10318	#676D67
10319	#656B65
10320	#666C66
10321	#5A605A
10322	#575D57
10323	#585E58
10324	#686E68
10325	#747A74
10326	#666C66
10327	#5D635D
10328	#5C625C
10329	#606660
10330	#5B615B
10331	#565C56
10332	#585E58
10333	#585E58
10334	#555B55
10335	#565C56
10336	#595F59
10337	#5D635D
10338	#5E645E
10339	#5B615B
10340	#5F655F
10341	#696F69
10342	#626862
10343	#555B55
10344	#535953
10345	#525852
10346	#585E58
10347	#595F59
10348	#5B615B
10349	#696F69
10350	#7B817B
10351	#A8AEA8
10352	#C4CAC4
10353	#BEC4BE
10354	#AEB4AE
10355	#9CA29C
10356	#919791
10357	#858B85
10358	#777D77
10359	#707670
10360	#666C66
10361	#000600
10362	#000600
10363	#000500
10364	#0D130D
10365	#1F251F
10366	#353B35
10367	#4E544E
10368	#666C66
10369	#757B75
10370	#7F857F
10371	#888E88
10372	#8F958F
10373	#959B95
10374	#9AA09A
10375	#A1A7A1
10376	#A9AFA9
10377	#B1B7B1
10378	#C1C7C1
10379	#C9CFC9
10380	#CCD2CC
10381	#B3B9B3
10382	#969C96
10383	#848A84
10384	#808680
10385	#797F79
10386	#6C726C
10387	#666C66
10388	#676D67
10389	#6F756F
10390	#797F79
10391	#797F79
10392	#7B817B
10393	#7B817B
10394	#7F857F
10395	#7F857F
10396	#7E847E
10397	#7C827C
10398	#797F79
10399	#747A74
10400	#6E746E
10401	#686E68
10402	#686E68
10403	#676D67
10404	#6D736D
10405	#6C726C
10406	#686E68
10407	#696F69
10408	#717771
10409	#6D736D
10410	#686E68
10411	#717771
10412	#696F69
10413	#626862
10414	#656B65
10415	#636963
10416	#666C66
10417	#696F69
10418	#757B75
10419	#8E948E
10420	#9FA59F
10421	#AAB0AA
10422	#B4BAB4
10423	#B9BFB9
10424	#BCC2BC
10425	#BFC5BF
10426	#BEC4BE
10427	#BBC1BB
10428	#BEC4BE
10429	#D0D6D0
10430	#DAE0DA
10431	#DBE1DB
10432	#DFE5DF
10433	#E2E8E2
10434	#E2E8E2
10435	#E2E8E2
10436	#E2E8E2
10437	#E2E8E2
10438	#E2E8E2
10439	#E1E7E1
10440	#E3E9E3
10441	#E3E9E3
10442	#E1E7E1
10443	#E2E8E2
10444	#E2E8E2
10445	#E1E7E1
10446	#DDE3DD
10447	#D5DBD5
10448	#C8CEC8
10449	#C2C8C2
10450	#C0C6C0
10451	#BDC3BD
10452	#BAC0BA
10453	#B6BCB6
10454	#AFB5AF
10455	#A4AAA4
10456	#939993
10457	#848A84
10458	#727872
10459	#666C66
10460	#666C66
10461	#5E645E
10462	#565C56
10463	#535953
10464	#5D635D
10465	#737973
10466	#6E746E
10467	#5C625C
10468	#595F59
10469	#555B55
10470	#545A54
10471	#555B55
10472	#535953
10473	#525852
10474	#515751
10475	#525852
10476	#535953
10477	#555B55
10478	#595F59
10479	#616761
10480	#656B65
10481	#646A64
10482	#626862
10483	#616761
10484	#5C625C
10485	#535953
10486	#555B55
10487	#525852
10488	#606660
10489	#6A706A
10490	#737973
10491	#A5ABA5
10492	#C4CAC4
10493	#C0C6C0
10494	#ADB3AD
10495	#9CA29C
10496	#8F958F
10497	#838983
10498	#767C76
10499	#6F756F
10500	#656B65
10501	#000600
10502	#000600
10503	#000500
10504	#0D130D
10505	#1F251F
10506	#343A34
10507	#4F554F
10508	#656B65
10509	#737973
10510	#7F857F
10511	#888E88
10512	#8F958F
10513	#949A94
10514	#9AA09A
10515	#A1A7A1
10516	#A9AFA9
10517	#B1B7B1
10518	#C1C7C1
10519	#CAD0CA
10520	#CBD1CB
10521	#AFB5AF
10522	#8B918B
10523	#7E847E
10524	#7C827C
10525	#797F79
10526	#727872
10527	#6C726C
10528	#707670
10529	#717771
10530	#717771
10531	#737973
10532	#797F79
10533	#7A807A
10534	#797F79
10535	#767C76
10536	#767C76
10537	#767C76
10538	#747A74
10539	#717771
10540	#6D736D
10541	#686E68
10542	#6A706A
10543	#6E746E
10544	#727872
10545	#696F69
10546	#606660
10547	#6B716B
10548	#737973
10549	#6B716B
10550	#696F69
10551	#717771
10552	#717771
10553	#757B75
10554	#727872
10555	#6C726C
10556	#656B65
10557	#6A706A
10558	#838983
10559	#989E98
10560	#A7ADA7
10561	#B3B9B3
10562	#BDC3BD
10563	#C0C6C0
10564	#C1C7C1
10565	#BFC5BF
10566	#BEC4BE
10567	#BBC1BB
10568	#C1C7C1
10569	#D4DAD4
10570	#D9DFD9
10571	#D9DFD9
10572	#DDE3DD
10573	#E2E8E2
10574	#E2E8E2
10575	#E1E7E1
10576	#E1E7E1
10577	#E1E7E1
10578	#E1E7E1
10579	#E3E9E3
10580	#E4EAE4
10581	#E4EAE4
10582	#E3E9E3
10583	#E3E9E3
10584	#E2E8E2
10585	#E0E6E0
10586	#DAE0DA
10587	#D3D9D3
10588	#CCD2CC
10589	#C7CDC7
10590	#C2C8C2
10591	#BFC5BF
10592	#BCC2BC
10593	#BBC1BB
10594	#B9BFB9
10595	#B2B8B2
10596	#A3A9A3
10597	#939993
10598	#7B817B
10599	#6A706A
10600	#696F69
10601	#606660
10602	#5B615B
10603	#545A54
10604	#575D57
10605	#646A64
10606	#6D736D
10607	#606660
10608	#545A54
10609	#515751
10610	#545A54
10611	#575D57
10612	#5A605A
10613	#595F59
10614	#565C56
10615	#535953
10616	#545A54
10617	#585E58
10618	#5D635D
10619	#5E645E
10620	#5D635D
10621	#5F655F
10622	#5D635D
10623	#5E645E
10624	#606660
10625	#5A605A
10626	#4F554F
10627	#525852
10628	#646A64
10629	#676D67
10630	#717771
10631	#9CA29C
10632	#C4CAC4
10633	#C2C8C2
10634	#ADB3AD
10635	#9BA19B
10636	#909690
10637	#838983
10638	#767C76
10639	#6E746E
10640	#656B65
10641	#000600
10642	#000600
10643	#000500
10644	#0C120C
10645	#1D231D
10646	#343A34
10647	#4E544E
10648	#636963
10649	#737973
10650	#7E847E
10651	#878D87
10652	#8D938D
10653	#939993
10654	#9BA19B
10655	#A2A8A2
10656	#A9AFA9
10657	#B1B7B1
10658	#C2C8C2
10659	#CDD3CD
10660	#CAD0CA
10661	#A5ABA5
10662	#828882
10663	#7A807A
10664	#777D77
10665	#797F79
10666	#7F857F
10667	#777D77
10668	#737973
10669	#6F756F
10670	#6C726C
10671	#6F756F
10672	#747A74
10673	#707670
10674	#727872
10675	#717771
10676	#6D736D
10677	#6C726C
10678	#6C726C
10679	#6A706A
10680	#6D736D
10681	#6C726C
10682	#6D736D
10683	#6C726C
10684	#686E68
10685	#636963
10686	#666C66
10687	#6F756F
10688	#6C726C
10689	#686E68
10690	#747A74
10691	#777D77
10692	#787E78
10693	#818781
10694	#808680
10695	#717771
10696	#6E746E
10697	#757B75
10698	#949A94
10699	#A5ABA5
10700	#B1B7B1
10701	#B9BFB9
10702	#BFC5BF
10703	#C3C9C3
10704	#C2C8C2
10705	#C1C7C1
10706	#C0C6C0
10707	#BFC5BF
10708	#C6CCC6
10709	#D3D9D3
10710	#DAE0DA
10711	#DCE2DC
10712	#E0E6E0
10713	#E2E8E2
10714	#E2E8E2
10715	#E2E8E2
10716	#E1E7E1
10717	#E1E7E1
10718	#E2E8E2
10719	#E5EBE5
10720	#E6ECE6
10721	#E6ECE6
10722	#E3E9E3
10723	#E2E8E2
10724	#E2E8E2
10725	#DFE5DF
10726	#DAE0DA
10727	#D4DAD4
10728	#CCD2CC
10729	#C8CEC8
10730	#C6CCC6
10731	#C1C7C1
10732	#BCC2BC
10733	#BBC1BB
10734	#BCC2BC
10735	#BBC1BB
10736	#B2B8B2
10737	#A6ACA6
10738	#8E948E
10739	#717771
10740	#6A706A
10741	#656B65
10742	#606660
10743	#545A54
10744	#585E58
10745	#5E645E
10746	#686E68
10747	#707670
10748	#5D635D
10749	#545A54
10750	#545A54
10751	#565C56
10752	#575D57
10753	#5B615B
10754	#5E645E
10755	#5B615B
10756	#5A605A
10757	#5D635D
10758	#5B615B
10759	#585E58
10760	#555B55
10761	#5B615B
10762	#606660
10763	#5C625C
10764	#5D635D
10765	#5E645E
10766	#585E58
10767	#5B615B
10768	#626862
10769	#656B65
10770	#707670
10771	#939993
10772	#C3C9C3
10773	#C2C8C2
10774	#AEB4AE
10775	#9AA09A
10776	#8F958F
10777	#828882
10778	#757B75
10779	#6E746E
10780	#656B65
10781	#000600
10782	#000600
10783	#000500
10784	#0C120C
10785	#1D231D
10786	#353B35
10787	#4E544E
10788	#636963
10789	#727872
10790	#7E847E
10791	#888E88
10792	#8E948E
10793	#939993
10794	#9AA09A
10795	#A2A8A2
10796	#A9AFA9
10797	#B1B7B1
10798	#C4CAC4
10799	#CDD3CD
10800	#C7CDC7
10801	#9CA29C
10802	#7C827C
10803	#777D77
10804	#777D77
10805	#818781
10806	#848A84
10807	#7E847E
10808	#757B75
10809	#6C726C
10810	#6D736D
10811	#6E746E
10812	#6A706A
10813	#676D67
10814	#6A706A
10815	#696F69
10816	#646A64
10817	#636963
10818	#666C66
10819	#686E68
10820	#6A706A
10821	#707670
10822	#727872
10823	#6C726C
10824	#696F69
10825	#6E746E
10826	#787E78
10827	#787E78
10828	#6B716B
10829	#757B75
10830	#7C827C
10831	#7F857F
10832	#7D837D
10833	#808680
10834	#787E78
10835	#737973
10836	#747A74
10837	#878D87
10838	#9DA39D
10839	#A9AFA9
10840	#AEB4AE
10841	#B0B6B0
10842	#B9BFB9
10843	#BFC5BF
10844	#C0C6C0
10845	#C0C6C0
10846	#BFC5BF
10847	#BFC5BF
10848	#C8CEC8
10849	#D2D8D2
10850	#D9DFD9
10851	#DDE3DD
10852	#E1E7E1
10853	#E2E8E2
10854	#E0E6E0
10855	#E1E7E1
10856	#DFE5DF
10857	#E0E6E0
10858	#E0E6E0
10859	#E3E9E3
10860	#E6ECE6
10861	#E5EBE5
10862	#E3E9E3
10863	#E0E6E0
10864	#E0E6E0
10865	#DFE5DF
10866	#DBE1DB
10867	#D5DBD5
10868	#CDD3CD
10869	#C9CFC9
10870	#C7CDC7
10871	#C3C9C3
10872	#C0C6C0
10873	#BDC3BD
10874	#BAC0BA
10875	#B9BFB9
10876	#B7BDB7
10877	#B4BAB4
10878	#AAB0AA
10879	#8F958F
10880	#767C76
10881	#6C726C
10882	#696F69
10883	#5C625C
10884	#555B55
10885	#595F59
10886	#626862
10887	#6D736D
10888	#5E645E
10889	#515751
10890	#4D534D
10891	#4E544E
10892	#515751
10893	#505650
10894	#555B55
10895	#5D635D
10896	#595F59
10897	#545A54
10898	#515751
10899	#545A54
10900	#575D57
10901	#585E58
10902	#5E645E
10903	#606660
10904	#5E645E
10905	#5B615B
10906	#616761
10907	#676D67
10908	#606660
10909	#626862
10910	#6A706A
10911	#8B918B
10912	#C0C6C0
10913	#C2C8C2
10914	#AEB4AE
10915	#9AA09A
10916	#8F958F
10917	#838983
10918	#757B75
10919	#6D736D
10920	#636963
10921	#000600
10922	#000600
10923	#000500
10924	#0D130D
10925	#1D231D
10926	#343A34
10927	#4D534D
10928	#616761
10929	#727872
10930	#7C827C
10931	#868C86
10932	#8D938D
10933	#939993
10934	#9BA19B
10935	#A3A9A3
10936	#ABB1AB
10937	#B3B9B3
10938	#C6CCC6
10939	#CDD3CD
10940	#C1C7C1
10941	#979D97
10942	#797F79
10943	#787E78
10944	#7F857F
10945	#7F857F
10946	#808680
10947	#808680
10948	#787E78
10949	#6F756F
10950	#6C726C
10951	#676D67
10952	#616761
10953	#5F655F
10954	#5E645E
10955	#616761
10956	#626862
10957	#646A64
10958	#676D67
10959	#6C726C
10960	#6C726C
10961	#6F756F
10962	#717771
10963	#6F756F
10964	#6F756F
10965	#717771
10966	#767C76
10967	#727872
10968	#727872
10969	#7B817B
10970	#818781
10971	#868C86
10972	#838983
10973	#858B85
10974	#757B75
10975	#6C726C
10976	#767C76
10977	#919791
10978	#A3A9A3
10979	#AAB0AA
10980	#ACB2AC
10981	#ADB3AD
10982	#B1B7B1
10983	#B8BEB8
10984	#B8BEB8
10985	#B5BBB5
10986	#B3B9B3
10987	#B6BCB6
10988	#C6CCC6
10989	#D5DBD5
10990	#DCE2DC
10991	#DEE4DE
10992	#E0E6E0
10993	#E2E8E2
10994	#E1E7E1
10995	#E1E7E1
10996	#E0E6E0
10997	#E1E7E1
10998	#E1E7E1
10999	#E3E9E3
11000	#E5EBE5
11001	#E4EAE4
11002	#E2E8E2
11003	#DFE5DF
11004	#E0E6E0
11005	#DFE5DF
11006	#DCE2DC
11007	#D7DDD7
11008	#D1D7D1
11009	#CCD2CC
11010	#CAD0CA
11011	#C6CCC6
11012	#C2C8C2
11013	#BEC4BE
11014	#BBC1BB
11015	#B8BEB8
11016	#B7BDB7
11017	#B6BCB6
11018	#B5BBB5
11019	#A6ACA6
11020	#8B918B
11021	#767C76
11022	#727872
11023	#707670
11024	#606660
11025	#5A605A
11026	#5E645E
11027	#5F655F
11028	#5A605A
11029	#515751
11030	#4C524C
11031	#4B514B
11032	#4D534D
11033	#4F554F
11034	#535953
11035	#555B55
11036	#515751
11037	#525852
11038	#515751
11039	#545A54
11040	#535953
11041	#515751
11042	#525852
11043	#555B55
11044	#555B55
11045	#575D57
11046	#646A64
11047	#666C66
11048	#656B65
11049	#626862
11050	#656B65
11051	#898F89
11052	#BAC0BA
11053	#C2C8C2
11054	#B0B6B0
11055	#999F99
11056	#8F958F
11057	#818781
11058	#757B75
11059	#6D736D
11060	#646A64
11061	#000600
11062	#000600
11063	#000500
11064	#0E140E
11065	#1C221C
11066	#323832
11067	#4C524C
11068	#5F655F
11069	#727872
11070	#7D837D
11071	#858B85
11072	#8D938D
11073	#949A94
11074	#9BA19B
11075	#A3A9A3
11076	#ABB1AB
11077	#B4BAB4
11078	#C7CDC7
11079	#CCD2CC
11080	#B4BAB4
11081	#929892
11082	#7C827C
11083	#7F857F
11084	#808680
11085	#7F857F
11086	#7E847E
11087	#7F857F
11088	#7B817B
11089	#717771
11090	#636963
11091	#5E645E
11092	#5E645E
11093	#5C625C
11094	#5B615B
11095	#5B615B
11096	#616761
11097	#686E68
11098	#707670
11099	#707670
11100	#757B75
11101	#727872
11102	#717771
11103	#6F756F
11104	#717771
11105	#797F79
11106	#757B75
11107	#767C76
11108	#787E78
11109	#7D837D
11110	#898F89
11111	#868C86
11112	#828882
11113	#868C86
11114	#787E78
11115	#686E68
11116	#7B817B
11117	#949A94
11118	#A2A8A2
11119	#A6ACA6
11120	#A6ACA6
11121	#A9AFA9
11122	#AAB0AA
11123	#AFB5AF
11124	#B2B8B2
11125	#B1B7B1
11126	#B1B7B1
11127	#B6BCB6
11128	#C3C9C3
11129	#D4DAD4
11130	#DAE0DA
11131	#DEE4DE
11132	#E0E6E0
11133	#E1E7E1
11134	#E1E7E1
11135	#E2E8E2
11136	#E0E6E0
11137	#E1E7E1
11138	#E2E8E2
11139	#E2E8E2
11140	#E3E9E3
11141	#E3E9E3
11142	#E1E7E1
11143	#E0E6E0
11144	#DEE4DE
11145	#DDE3DD
11146	#DBE1DB
11147	#D7DDD7
11148	#D2D8D2
11149	#CBD1CB
11150	#C9CFC9
11151	#C6CCC6
11152	#C1C7C1
11153	#BDC3BD
11154	#BAC0BA
11155	#B9BFB9
11156	#B6BCB6
11157	#B5BBB5
11158	#B7BDB7
11159	#ACB2AC
11160	#8E948E
11161	#6F756F
11162	#737973
11163	#777D77
11164	#777D77
11165	#787E78
11166	#616761
11167	#595F59
11168	#595F59
11169	#5C625C
11170	#525852
11171	#4F554F
11172	#525852
11173	#515751
11174	#4F554F
11175	#505650
11176	#525852
11177	#515751
11178	#505650
11179	#515751
11180	#4D534D
11181	#4A504A
11182	#4C524C
11183	#4B514B
11184	#4E544E
11185	#5A605A
11186	#666C66
11187	#656B65
11188	#686E68
11189	#6A706A
11190	#636963
11191	#878D87
11192	#B2B8B2
11193	#C1C7C1
11194	#B1B7B1
11195	#999F99
11196	#909690
11197	#828882
11198	#767C76
11199	#6F756F
11200	#646A64
11201	#000600
11202	#000600
11203	#000500
11204	#0E140E
11205	#1D231D
11206	#313731
11207	#4A504A
11208	#5F655F
11209	#717771
11210	#7D837D
11211	#848A84
11212	#8D938D
11213	#939993
11214	#9BA19B
11215	#A4AAA4
11216	#ABB1AB
11217	#B8BEB8
11218	#C7CDC7
11219	#C8CEC8
11220	#A4AAA4
11221	#939993
11222	#888E88
11223	#7D837D
11224	#7A807A
11225	#7A807A
11226	#7C827C
11227	#7B817B
11228	#757B75
11229	#6F756F
11230	#666C66
11231	#5D635D
11232	#5A605A
11233	#5C625C
11234	#5B615B
11235	#5E645E
11236	#606660
11237	#636963
11238	#727872
11239	#727872
11240	#737973
11241	#727872
11242	#717771
11243	#717771
11244	#797F79
11245	#7B817B
11246	#787E78
11247	#707670
11248	#7D837D
11249	#898F89
11250	#8B918B
11251	#848A84
11252	#7F857F
11253	#7C827C
11254	#747A74
11255	#656B65
11256	#818781
11257	#929892
11258	#979D97
11259	#9EA49E
11260	#A4AAA4
11261	#AAB0AA
11262	#AAB0AA
11263	#ADB3AD
11264	#AFB5AF
11265	#B1B7B1
11266	#B5BBB5
11267	#BCC2BC
11268	#C6CCC6
11269	#D3D9D3
11270	#DAE0DA
11271	#DDE3DD
11272	#E0E6E0
11273	#E1E7E1
11274	#E1E7E1
11275	#E1E7E1
11276	#E0E6E0
11277	#DFE5DF
11278	#E1E7E1
11279	#E1E7E1
11280	#E2E8E2
11281	#E3E9E3
11282	#E0E6E0
11283	#E0E6E0
11284	#DFE5DF
11285	#DEE4DE
11286	#DBE1DB
11287	#D6DCD6
11288	#CFD5CF
11289	#C7CDC7
11290	#C4CAC4
11291	#C1C7C1
11292	#BBC1BB
11293	#B7BDB7
11294	#B6BCB6
11295	#B3B9B3
11296	#B1B7B1
11297	#B3B9B3
11298	#BAC0BA
11299	#B4BAB4
11300	#9DA39D
11301	#747A74
11302	#696F69
11303	#6F756F
11304	#717771
11305	#787E78
11306	#6C726C
11307	#666C66
11308	#686E68
11309	#6B716B
11310	#686E68
11311	#595F59
11312	#515751
11313	#505650
11314	#4D534D
11315	#4E544E
11316	#505650
11317	#4F554F
11318	#4C524C
11319	#4D534D
11320	#484E48
11321	#454B45
11322	#444A44
11323	#484E48
11324	#505650
11325	#606660
11326	#646A64
11327	#646A64
11328	#676D67
11329	#6C726C
11330	#6D736D
11331	#868C86
11332	#ACB2AC
11333	#C1C7C1
11334	#B2B8B2
11335	#9AA09A
11336	#8F958F
11337	#838983
11338	#797F79
11339	#717771
11340	#616761
11341	#000600
11342	#000600
11343	#000500
11344	#0E140E
11345	#1D231D
11346	#303630
11347	#484E48
11348	#5E645E
11349	#707670
11350	#7C827C
11351	#858B85
11352	#8C928C
11353	#939993
11354	#9CA29C
11355	#A5ABA5
11356	#ADB3AD
11357	#BBC1BB
11358	#C8CEC8
11359	#C2C8C2
11360	#9AA09A
11361	#989E98
11362	#8A908A
11363	#797F79
11364	#767C76
11365	#7A807A
11366	#787E78
11367	#707670
11368	#6D736D
11369	#696F69
11370	#686E68
11371	#636963
11372	#5E645E
11373	#5F655F
11374	#5D635D
11375	#5C625C
11376	#5F655F
11377	#676D67
11378	#676D67
11379	#666C66
11380	#6D736D
11381	#747A74
11382	#797F79
11383	#808680
11384	#7D837D
11385	#717771
11386	#6A706A
11387	#747A74
11388	#8A908A
11389	#898F89
11390	#7A807A
11391	#808680
11392	#7B817B
11393	#707670
11394	#686E68
11395	#656B65
11396	#7F857F
11397	#909690
11398	#979D97
11399	#9DA39D
11400	#A7ADA7
11401	#AAB0AA
11402	#ACB2AC
11403	#AEB4AE
11404	#B0B6B0
11405	#B4BAB4
11406	#BAC0BA
11407	#BFC5BF
11408	#C9CFC9
11409	#D5DBD5
11410	#DCE2DC
11411	#DEE4DE
11412	#E1E7E1
11413	#E2E8E2
11414	#E2E8E2
11415	#E0E6E0
11416	#DFE5DF
11417	#DFE5DF
11418	#E1E7E1
11419	#E1E7E1
11420	#E2E8E2
11421	#E1E7E1
11422	#E1E7E1
11423	#E0E6E0
11424	#E0E6E0
11425	#DFE5DF
11426	#DCE2DC
11427	#D5DBD5
11428	#CDD3CD
11429	#C6CCC6
11430	#C4CAC4
11431	#C0C6C0
11432	#BAC0BA
11433	#B7BDB7
11434	#B6BCB6
11435	#B0B6B0
11436	#ACB2AC
11437	#AFB5AF
11438	#B7BDB7
11439	#B4BAB4
11440	#A6ACA6
11441	#8A908A
11442	#6E746E
11443	#646A64
11444	#636963
11445	#737973
11446	#757B75
11447	#6D736D
11448	#6A706A
11449	#757B75
11450	#7B817B
11451	#696F69
11452	#555B55
11453	#525852
11454	#4F554F
11455	#505650
11456	#4D534D
11457	#4B514B
11458	#4B514B
11459	#4B514B
11460	#434943
11461	#434943
11462	#444A44
11463	#484E48
11464	#545A54
11465	#595F59
11466	#606660
11467	#646A64
11468	#666C66
11469	#676D67
11470	#797F79
11471	#838983
11472	#A5ABA5
11473	#C0C6C0
11474	#B2B8B2
11475	#9BA19B
11476	#8E948E
11477	#868C86
11478	#7C827C
11479	#707670
11480	#606660
11481	#000600
11482	#000600
11483	#000500
11484	#0E140E
11485	#1D231D
11486	#2F352F
11487	#464C46
11488	#5D635D
11489	#707670
11490	#7C827C
11491	#858B85
11492	#8D938D
11493	#939993
11494	#9EA49E
11495	#A7ADA7
11496	#AEB4AE
11497	#BDC3BD
11498	#C6CCC6
11499	#B8BEB8
11500	#989E98
11501	#989E98
11502	#8B918B
11503	#797F79
11504	#797F79
11505	#727872
11506	#6A706A
11507	#6C726C
11508	#696F69
11509	#696F69
11510	#6B716B
11511	#696F69
11512	#666C66
11513	#626862
11514	#5D635D
11515	#616761
11516	#666C66
11517	#646A64
11518	#606660
11519	#686E68
11520	#717771
11521	#737973
11522	#717771
11523	#6F756F
11524	#6B716B
11525	#676D67
11526	#666C66
11527	#7F857F
11528	#8A908A
11529	#787E78
11530	#696F69
11531	#747A74
11532	#727872
11533	#606660
11534	#5F655F
11535	#646A64
11536	#7F857F
11537	#8F958F
11538	#989E98
11539	#9FA59F
11540	#AEB4AE
11541	#AAB0AA
11542	#ABB1AB
11543	#AFB5AF
11544	#B1B7B1
11545	#B7BDB7
11546	#BEC4BE
11547	#C4CAC4
11548	#CCD2CC
11549	#D8DED8
11550	#DDE3DD
11551	#DEE4DE
11552	#E2E8E2
11553	#E3E9E3
11554	#E3E9E3
11555	#E2E8E2
11556	#E0E6E0
11557	#DFE5DF
11558	#E0E6E0
11559	#E1E7E1
11560	#E3E9E3
11561	#E1E7E1
11562	#E0E6E0
11563	#DFE5DF
11564	#DFE5DF
11565	#E0E6E0
11566	#DDE3DD
11567	#D6DCD6
11568	#CDD3CD
11569	#C5CBC5
11570	#C3C9C3
11571	#C1C7C1
11572	#BAC0BA
11573	#B7BDB7
11574	#B7BDB7
11575	#B1B7B1
11576	#AFB5AF
11577	#B4BAB4
11578	#BBC1BB
11579	#B6BCB6
11580	#A9AFA9
11581	#989E98
11582	#7B817B
11583	#606660
11584	#626862
11585	#6E746E
11586	#7B817B
11587	#777D77
11588	#6D736D
11589	#6C726C
11590	#737973
11591	#6F756F
11592	#616761
11593	#525852
11594	#4E544E
11595	#4C524C
11596	#4C524C
11597	#4A504A
11598	#464C46
11599	#474D47
11600	#444A44
11601	#444A44
11602	#464C46
11603	#515751
11604	#565C56
11605	#535953
11606	#575D57
11607	#5F655F
11608	#656B65
11609	#646A64
11610	#7E847E
11611	#868C86
11612	#9EA49E
11613	#BEC4BE
11614	#B3B9B3
11615	#9DA39D
11616	#8F958F
11617	#828882
11618	#797F79
11619	#6E746E
11620	#5D635D
11621	#000600
11622	#000600
11623	#000500
11624	#0E140E
11625	#1B211B
11626	#2D332D
11627	#484E48
11628	#5E645E
11629	#6F756F
11630	#7D837D
11631	#848A84
11632	#8B918B
11633	#929892
11634	#9EA49E
11635	#A6ACA6
11636	#B1B7B1
11637	#BDC3BD
11638	#C5CBC5
11639	#B1B7B1
11640	#999F99
11641	#949A94
11642	#8B918B
11643	#7D837D
11644	#6F756F
11645	#626862
11646	#616761
11647	#656B65
11648	#666C66
11649	#656B65
11650	#646A64
11651	#636963
11652	#616761
11653	#636963
11654	#696F69
11655	#696F69
11656	#5E645E
11657	#5A605A
11658	#606660
11659	#707670
11660	#707670
11661	#6B716B
11662	#6D736D
11663	#6A706A
11664	#6A706A
11665	#6B716B
11666	#747A74
11667	#797F79
11668	#7A807A
11669	#717771
11670	#646A64
11671	#6D736D
11672	#676D67
11673	#606660
11674	#626862
11675	#696F69
11676	#818781
11677	#8F958F
11678	#979D97
11679	#9FA59F
11680	#A6ACA6
11681	#ABB1AB
11682	#ADB3AD
11683	#B0B6B0
11684	#B2B8B2
11685	#B9BFB9
11686	#BEC4BE
11687	#C4CAC4
11688	#D1D7D1
11689	#DCE2DC
11690	#DCE2DC
11691	#DEE4DE
11692	#E3E9E3
11693	#E5EBE5
11694	#E4EAE4
11695	#E2E8E2
11696	#E2E8E2
11697	#E1E7E1
11698	#E1E7E1
11699	#E4EAE4
11700	#E4EAE4
11701	#E2E8E2
11702	#E1E7E1
11703	#E0E6E0
11704	#E0E6E0
11705	#DFE5DF
11706	#DEE4DE
11707	#D7DDD7
11708	#CBD1CB
11709	#C3C9C3
11710	#C0C6C0
11711	#C0C6C0
11712	#BCC2BC
11713	#BAC0BA
11714	#B9BFB9
11715	#B3B9B3
11716	#B1B7B1
11717	#B3B9B3
11718	#B3B9B3
11719	#B2B8B2
11720	#AAB0AA
11721	#9EA49E
11722	#8E948E
11723	#646A64
11724	#585E58
11725	#646A64
11726	#717771
11727	#717771
11728	#757B75
11729	#686E68
11730	#666C66
11731	#696F69
11732	#6A706A
11733	#5D635D
11734	#515751
11735	#4A504A
11736	#474D47
11737	#454B45
11738	#444A44
11739	#424842
11740	#434943
11741	#494F49
11742	#505650
11743	#515751
11744	#505650
11745	#4F554F
11746	#535953
11747	#585E58
11748	#5E645E
11749	#666C66
11750	#7C827C
11751	#878D87
11752	#9EA49E
11753	#BCC2BC
11754	#B3B9B3
11755	#9FA59F
11756	#8E948E
11757	#838983
11758	#777D77
11759	#6A706A
11760	#5C625C
11761	#000600
11762	#000600
11763	#000500
11764	#0F150F
11765	#1B211B
11766	#292F29
11767	#4B514B
11768	#5F655F
11769	#707670
11770	#7C827C
11771	#868C86
11772	#8B918B
11773	#939993
11774	#9FA59F
11775	#A8AEA8
11776	#B4BAB4
11777	#BEC4BE
11778	#C3C9C3
11779	#AEB4AE
11780	#959B95
11781	#909690
11782	#8B918B
11783	#747A74
11784	#646A64
11785	#5F655F
11786	#5F655F
11787	#5F655F
11788	#626862
11789	#626862
11790	#606660
11791	#5E645E
11792	#5E645E
11793	#626862
11794	#636963
11795	#656B65
11796	#606660
11797	#656B65
11798	#727872
11799	#6F756F
11800	#626862
11801	#666C66
11802	#6E746E
11803	#666C66
11804	#666C66
11805	#676D67
11806	#656B65
11807	#595F59
11808	#656B65
11809	#747A74
11810	#656B65
11811	#666C66
11812	#686E68
11813	#636963
11814	#606660
11815	#696F69
11816	#828882
11817	#949A94
11818	#9AA09A
11819	#A1A7A1
11820	#A6ACA6
11821	#ABB1AB
11822	#AFB5AF
11823	#B2B8B2
11824	#B5BBB5
11825	#B9BFB9
11826	#BDC3BD
11827	#C5CBC5
11828	#D5DBD5
11829	#DAE0DA
11830	#DAE0DA
11831	#DDE3DD
11832	#E1E7E1
11833	#E4EAE4
11834	#E2E8E2
11835	#E0E6E0
11836	#E0E6E0
11837	#E1E7E1
11838	#E3E9E3
11839	#E4EAE4
11840	#E3E9E3
11841	#E5EBE5
11842	#E2E8E2
11843	#E1E7E1
11844	#E2E8E2
11845	#E1E7E1
11846	#DDE3DD
11847	#D5DBD5
11848	#CAD0CA
11849	#C3C9C3
11850	#C1C7C1
11851	#BFC5BF
11852	#BDC3BD
11853	#BCC2BC
11854	#B9BFB9
11855	#B6BCB6
11856	#AFB5AF
11857	#AFB5AF
11858	#B2B8B2
11859	#B0B6B0
11860	#A9AFA9
11861	#9DA39D
11862	#979D97
11863	#7E847E
11864	#565C56
11865	#565C56
11866	#656B65
11867	#676D67
11868	#707670
11869	#6D736D
11870	#686E68
11871	#656B65
11872	#676D67
11873	#5E645E
11874	#595F59
11875	#535953
11876	#4B514B
11877	#424842
11878	#414741
11879	#404640
11880	#404640
11881	#4A504A
11882	#525852
11883	#515751
11884	#4E544E
11885	#4F554F
11886	#525852
11887	#505650
11888	#535953
11889	#6A706A
11890	#7C827C
11891	#848A84
11892	#A2A8A2
11893	#BBC1BB
11894	#B2B8B2
11895	#A1A7A1
11896	#8F958F
11897	#848A84
11898	#777D77
11899	#686E68
11900	#5B615B
11901	#000600
11902	#000600
11903	#000500
11904	#0F150F
11905	#1C221C
11906	#252B25
11907	#494F49
11908	#626862
11909	#717771
11910	#7C827C
11911	#868C86
11912	#8B918B
11913	#949A94
11914	#A0A6A0
11915	#ABB1AB
11916	#B7BDB7
11917	#BFC5BF
11918	#C1C7C1
11919	#A6ACA6
11920	#929892
11921	#8D938D
11922	#818781
11923	#6F756F
11924	#616761
11925	#5E645E
11926	#5F655F
11927	#5C625C
11928	#5B615B
11929	#5E645E
11930	#5E645E
11931	#616761
11932	#616761
11933	#626862
11934	#696F69
11935	#696F69
11936	#6D736D
11937	#737973
11938	#727872
11939	#646A64
11940	#616761
11941	#616761
11942	#656B65
11943	#616761
11944	#606660
11945	#5D635D
11946	#555B55
11947	#535953
11948	#616761
11949	#656B65
11950	#656B65
11951	#6F756F
11952	#656B65
11953	#595F59
11954	#5B615B
11955	#6A706A
11956	#868C86
11957	#989E98
11958	#9DA39D
11959	#A3A9A3
11960	#A8AEA8
11961	#ABB1AB
11962	#B0B6B0
11963	#B6BCB6
11964	#B7BDB7
11965	#B9BFB9
11966	#BDC3BD
11967	#C4CAC4
11968	#D5DBD5
11969	#D9DFD9
11970	#DAE0DA
11971	#DEE4DE
11972	#E2E8E2
11973	#E4EAE4
11974	#E2E8E2
11975	#E1E7E1
11976	#E1E7E1
11977	#E1E7E1
11978	#E3E9E3
11979	#E4EAE4
11980	#E4EAE4
11981	#E5EBE5
11982	#E2E8E2
11983	#E1E7E1
11984	#E1E7E1
11985	#E0E6E0
11986	#DDE3DD
11987	#D5DBD5
11988	#CBD1CB
11989	#C3C9C3
11990	#C1C7C1
11991	#BFC5BF
11992	#BCC2BC
11993	#BBC1BB
11994	#BAC0BA
11995	#BAC0BA
11996	#B2B8B2
11997	#ADB3AD
11998	#B2B8B2
11999	#B1B7B1
12000	#A7ADA7
12001	#9CA29C
12002	#979D97
12003	#909690
12004	#696F69
12005	#525852
12006	#5A605A
12007	#606660
12008	#656B65
12009	#6A706A
12010	#676D67
12011	#5F655F
12012	#626862
12013	#565C56
12014	#525852
12015	#555B55
12016	#505650
12017	#494F49
12018	#424842
12019	#3F453F
12020	#474D47
12021	#4C524C
12022	#4D534D
12023	#4D534D
12024	#4D534D
12025	#505650
12026	#505650
12027	#4F554F
12028	#4E544E
12029	#6A706A
12030	#7D837D
12031	#7F857F
12032	#A2A8A2
12033	#BBC1BB
12034	#B0B6B0
12035	#A3A9A3
12036	#909690
12037	#838983
12038	#767C76
12039	#696F69
12040	#5B615B
12041	#000600
12042	#000600
12043	#000500
12044	#0F150F
12045	#1D231D
12046	#252B25
12047	#454B45
12048	#636963
12049	#757B75
12050	#7C827C
12051	#868C86
12052	#8C928C
12053	#969C96
12054	#A3A9A3
12055	#ADB3AD
12056	#B9BFB9
12057	#BFC5BF
12058	#B9BFB9
12059	#9EA49E
12060	#909690
12061	#818781
12062	#747A74
12063	#707670
12064	#666C66
12065	#5F655F
12066	#5C625C
12067	#595F59
12068	#595F59
12069	#585E58
12070	#5A605A
12071	#5C625C
12072	#616761
12073	#6C726C
12074	#6C726C
12075	#6F756F
12076	#777D77
12077	#747A74
12078	#6D736D
12079	#636963
12080	#606660
12081	#5E645E
12082	#5E645E
12083	#626862
12084	#5D635D
12085	#565C56
12086	#535953
12087	#595F59
12088	#5F655F
12089	#575D57
12090	#626862
12091	#727872
12092	#5E645E
12093	#525852
12094	#595F59
12095	#727872
12096	#8C928C
12097	#9BA19B
12098	#A1A7A1
12099	#A7ADA7
12100	#AAB0AA
12101	#AFB5AF
12102	#B4BAB4
12103	#B6BCB6
12104	#BAC0BA
12105	#BBC1BB
12106	#BFC5BF
12107	#C7CDC7
12108	#D8DED8
12109	#DAE0DA
12110	#DBE1DB
12111	#DEE4DE
12112	#E3E9E3
12113	#E4EAE4
12114	#E3E9E3
12115	#E2E8E2
12116	#E1E7E1
12117	#E3E9E3
12118	#E3E9E3
12119	#E5EBE5
12120	#E6ECE6
12121	#E4EAE4
12122	#E4EAE4
12123	#E3E9E3
12124	#E2E8E2
12125	#E0E6E0
12126	#DBE1DB
12127	#D3D9D3
12128	#CAD0CA
12129	#C3C9C3
12130	#C0C6C0
12131	#BEC4BE
12132	#BDC3BD
12133	#BDC3BD
12134	#B9BFB9
12135	#B8BEB8
12136	#B4BAB4
12137	#ACB2AC
12138	#B0B6B0
12139	#B0B6B0
12140	#A7ADA7
12141	#9CA29C
12142	#989E98
12143	#949A94
12144	#787E78
12145	#595F59
12146	#515751
12147	#535953
12148	#5A605A
12149	#5A605A
12150	#565C56
12151	#5B615B
12152	#5F655F
12153	#5D635D
12154	#4D534D
12155	#515751
12156	#535953
12157	#4D534D
12158	#4F554F
12159	#4C524C
12160	#494F49
12161	#4A504A
12162	#4C524C
12163	#4D534D
12164	#4B514B
12165	#4B514B
12166	#494F49
12167	#4D534D
12168	#545A54
12169	#656B65
12170	#777D77
12171	#7D837D
12172	#9EA49E
12173	#BAC0BA
12174	#AFB5AF
12175	#A3A9A3
12176	#929892
12177	#838983
12178	#757B75
12179	#686E68
12180	#5A605A
12181	#000600
12182	#000600
12183	#000500
12184	#0F150F
12185	#1D231D
12186	#232923
12187	#444A44
12188	#5F655F
12189	#777D77
12190	#808680
12191	#858B85
12192	#8C928C
12193	#969C96
12194	#A5ABA5
12195	#AFB5AF
12196	#BAC0BA
12197	#C1C7C1
12198	#AFB5AF
12199	#9AA09A
12200	#888E88
12201	#747A74
12202	#717771
12203	#6E746E
12204	#686E68
12205	#5F655F
12206	#5C625C
12207	#585E58
12208	#585E58
12209	#555B55
12210	#575D57
12211	#5F655F
12212	#686E68
12213	#696F69
12214	#6C726C
12215	#737973
12216	#717771
12217	#6F756F
12218	#6D736D
12219	#6B716B
12220	#646A64
12221	#606660
12222	#606660
12223	#636963
12224	#585E58
12225	#515751
12226	#575D57
12227	#5C625C
12228	#5B615B
12229	#585E58
12230	#636963
12231	#6D736D
12232	#595F59
12233	#525852
12234	#5E645E
12235	#7C827C
12236	#909690
12237	#9EA49E
12238	#A5ABA5
12239	#A9AFA9
12240	#ACB2AC
12241	#B3B9B3
12242	#B5BBB5
12243	#B6BCB6
12244	#BBC1BB
12245	#BFC5BF
12246	#C3C9C3
12247	#CED4CE
12248	#DBE1DB
12249	#DCE2DC
12250	#D9DFD9
12251	#DDE3DD
12252	#E1E7E1
12253	#E2E8E2
12254	#E2E8E2
12255	#E1E7E1
12256	#DEE4DE
12257	#DFE5DF
12258	#E1E7E1
12259	#E3E9E3
12260	#E5EBE5
12261	#E3E9E3
12262	#E2E8E2
12263	#E2E8E2
12264	#E2E8E2
12265	#E0E6E0
12266	#DAE0DA
12267	#D2D8D2
12268	#CAD0CA
12269	#C7CDC7
12270	#C3C9C3
12271	#C1C7C1
12272	#BFC5BF
12273	#BDC3BD
12274	#BAC0BA
12275	#B6BCB6
12276	#B2B8B2
12277	#B0B6B0
12278	#B1B7B1
12279	#B2B8B2
12280	#A8AEA8
12281	#9EA49E
12282	#949A94
12283	#8E948E
12284	#7D837D
12285	#626862
12286	#4C524C
12287	#4C524C
12288	#4D534D
12289	#4D534D
12290	#4B514B
12291	#4F554F
12292	#5B615B
12293	#5E645E
12294	#555B55
12295	#4E544E
12296	#515751
12297	#505650
12298	#555B55
12299	#565C56
12300	#535953
12301	#494F49
12302	#484E48
12303	#4B514B
12304	#4D534D
12305	#474D47
12306	#474D47
12307	#494F49
12308	#585E58
12309	#5F655F
12310	#6A706A
12311	#7D837D
12312	#999F99
12313	#BBC1BB
12314	#B1B7B1
12315	#A3A9A3
12316	#939993
12317	#868C86
12318	#767C76
12319	#686E68
12320	#585E58
12321	#000600
12322	#000600
12323	#000500
12324	#0F150F
12325	#1D231D
12326	#232923
12327	#444A44
12328	#5C625C
12329	#747A74
12330	#838983
12331	#898F89
12332	#8E948E
12333	#9AA09A
12334	#A6ACA6
12335	#B0B6B0
12336	#BCC2BC
12337	#C3C9C3
12338	#A8AEA8
12339	#929892
12340	#7B817B
12341	#717771
12342	#6F756F
12343	#6D736D
12344	#686E68
12345	#5E645E
12346	#565C56
12347	#5B615B
12348	#5E645E
12349	#5D635D
12350	#626862
12351	#696F69
12352	#676D67
12353	#696F69
12354	#737973
12355	#747A74
12356	#6F756F
12357	#707670
12358	#696F69
12359	#676D67
12360	#696F69
12361	#686E68
12362	#646A64
12363	#5E645E
12364	#525852
12365	#555B55
12366	#5D635D
12367	#5A605A
12368	#5C625C
12369	#5F655F
12370	#646A64
12371	#636963
12372	#5B615B
12373	#5A605A
12374	#636963
12375	#7F857F
12376	#979D97
12377	#A2A8A2
12378	#AAB0AA
12379	#ACB2AC
12380	#AFB5AF
12381	#B4BAB4
12382	#B7BDB7
12383	#BDC3BD
12384	#C2C8C2
12385	#C3C9C3
12386	#C6CCC6
12387	#D2D8D2
12388	#DCE2DC
12389	#DDE3DD
12390	#DDE3DD
12391	#DFE5DF
12392	#E2E8E2
12393	#E3E9E3
12394	#E3E9E3
12395	#E0E6E0
12396	#DEE4DE
12397	#DFE5DF
12398	#E0E6E0
12399	#E0E6E0
12400	#E2E8E2
12401	#E1E7E1
12402	#E1E7E1
12403	#DFE5DF
12404	#E0E6E0
12405	#DFE5DF
12406	#DCE2DC
12407	#D2D8D2
12408	#CDD3CD
12409	#C9CFC9
12410	#C4CAC4
12411	#C3C9C3
12412	#C3C9C3
12413	#C1C7C1
12414	#BDC3BD
12415	#B8BEB8
12416	#B3B9B3
12417	#AEB4AE
12418	#B3B9B3
12419	#B5BBB5
12420	#AAB0AA
12421	#A1A7A1
12422	#969C96
12423	#909690
12424	#838983
12425	#717771
12426	#555B55
12427	#464C46
12428	#484E48
12429	#4C524C
12430	#4A504A
12431	#494F49
12432	#4F554F
12433	#4D534D
12434	#4E544E
12435	#4D534D
12436	#4F554F
12437	#555B55
12438	#555B55
12439	#585E58
12440	#575D57
12441	#555B55
12442	#4C524C
12443	#494F49
12444	#474D47
12445	#444A44
12446	#444A44
12447	#4A504A
12448	#5A605A
12449	#5F655F
12450	#616761
12451	#7B817B
12452	#989E98
12453	#BAC0BA
12454	#B2B8B2
12455	#A2A8A2
12456	#919791
12457	#868C86
12458	#787E78
12459	#686E68
12460	#575D57
12461	#000600
12462	#000600
12463	#000500
12464	#101610
12465	#1D231D
12466	#242A24
12467	#444A44
12468	#5D635D
12469	#747A74
12470	#818781
12471	#8B918B
12472	#939993
12473	#9DA39D
12474	#A6ACA6
12475	#B3B9B3
12476	#C0C6C0
12477	#C0C6C0
12478	#A1A7A1
12479	#818781
12480	#737973
12481	#707670
12482	#6E746E
12483	#6B716B
12484	#666C66
12485	#616761
12486	#585E58
12487	#5C625C
12488	#626862
12489	#636963
12490	#626862
12491	#616761
12492	#606660
12493	#686E68
12494	#6B716B
12495	#6D736D
12496	#6D736D
12497	#626862
12498	#606660
12499	#606660
12500	#646A64
12501	#656B65
12502	#676D67
12503	#646A64
12504	#5C625C
12505	#5E645E
12506	#5E645E
12507	#595F59
12508	#616761
12509	#676D67
12510	#5F655F
12511	#606660
12512	#676D67
12513	#666C66
12514	#646A64
12515	#838983
12516	#A0A6A0
12517	#A9AFA9
12518	#ACB2AC
12519	#AFB5AF
12520	#B5BBB5
12521	#BAC0BA
12522	#C0C6C0
12523	#C5CBC5
12524	#C5CBC5
12525	#C6CCC6
12526	#CAD0CA
12527	#D5DBD5
12528	#DCE2DC
12529	#DEE4DE
12530	#DEE4DE
12531	#DFE5DF
12532	#E1E7E1
12533	#E2E8E2
12534	#E2E8E2
12535	#E1E7E1
12536	#E0E6E0
12537	#E0E6E0
12538	#E1E7E1
12539	#E0E6E0
12540	#E2E8E2
12541	#E1E7E1
12542	#E1E7E1
12543	#E0E6E0
12544	#DFE5DF
12545	#DFE5DF
12546	#DEE4DE
12547	#D7DDD7
12548	#CED4CE
12549	#C7CDC7
12550	#C4CAC4
12551	#C4CAC4
12552	#C2C8C2
12553	#C2C8C2
12554	#C1C7C1
12555	#BDC3BD
12556	#B6BCB6
12557	#AFB5AF
12558	#B4BAB4
12559	#B9BFB9
12560	#AFB5AF
12561	#A5ABA5
12562	#999F99
12563	#939993
12564	#888E88
12565	#7B817B
12566	#636963
12567	#494F49
12568	#3F453F
12569	#4A504A
12570	#4C524C
12571	#4B514B
12572	#4C524C
12573	#474D47
12574	#4D534D
12575	#515751
12576	#4F554F
12577	#515751
12578	#515751
12579	#535953
12580	#545A54
12581	#555B55
12582	#555B55
12583	#484E48
12584	#434943
12585	#434943
12586	#444A44
12587	#4F554F
12588	#575D57
12589	#5C625C
12590	#616761
12591	#747A74
12592	#979D97
12593	#B8BEB8
12594	#B5BBB5
12595	#A4AAA4
12596	#919791
12597	#838983
12598	#787E78
12599	#696F69
12600	#585E58
12601	#000600
12602	#000600
12603	#000500
12604	#0F150F
12605	#1D231D
12606	#232923
12607	#434943
12608	#5C625C
12609	#727872
12610	#7F857F
12611	#8B918B
12612	#969C96
12613	#9CA29C
12614	#A6ACA6
12615	#B6BCB6
12616	#C3C9C3
12617	#BAC0BA
12618	#959B95
12619	#747A74
12620	#6F756F
12621	#707670
12622	#6D736D
12623	#6B716B
12624	#686E68
12625	#656B65
12626	#666C66
12627	#666C66
12628	#656B65
12629	#626862
12630	#5E645E
12631	#5C625C
12632	#636963
12633	#626862
12634	#5F655F
12635	#6B716B
12636	#646A64
12637	#5C625C
12638	#5E645E
12639	#5F655F
12640	#636963
12641	#646A64
12642	#666C66
12643	#636963
12644	#646A64
12645	#676D67
12646	#636963
12647	#636963
12648	#6A706A
12649	#6C726C
12650	#666C66
12651	#6A706A
12652	#6D736D
12653	#636963
12654	#646A64
12655	#818781
12656	#A0A6A0
12657	#ADB3AD
12658	#B4BAB4
12659	#BAC0BA
12660	#C1C7C1
12661	#C1C7C1
12662	#C2C8C2
12663	#C5CBC5
12664	#C6CCC6
12665	#CAD0CA
12666	#CFD5CF
12667	#D9DFD9
12668	#DCE2DC
12669	#DFE5DF
12670	#DEE4DE
12671	#DFE5DF
12672	#E2E8E2
12673	#E2E8E2
12674	#E1E7E1
12675	#E0E6E0
12676	#E0E6E0
12677	#E0E6E0
12678	#E1E7E1
12679	#E2E8E2
12680	#E2E8E2
12681	#E1E7E1
12682	#E1E7E1
12683	#E0E6E0
12684	#DFE5DF
12685	#DEE4DE
12686	#DDE3DD
12687	#D7DDD7
12688	#CFD5CF
12689	#C7CDC7
12690	#C4CAC4
12691	#C3C9C3
12692	#C2C8C2
12693	#C3C9C3
12694	#C1C7C1
12695	#C0C6C0
12696	#BCC2BC
12697	#B7BDB7
12698	#B8BEB8
12699	#BAC0BA
12700	#B1B7B1
12701	#A9AFA9
12702	#A3A9A3
12703	#9CA29C
12704	#909690
12705	#838983
12706	#6F756F
12707	#555B55
12708	#424842
12709	#404640
12710	#4B514B
12711	#4D534D
12712	#4B514B
12713	#4C524C
12714	#505650
12715	#565C56
12716	#4F554F
12717	#4D534D
12718	#515751
12719	#515751
12720	#545A54
12721	#545A54
12722	#525852
12723	#505650
12724	#474D47
12725	#444A44
12726	#474D47
12727	#515751
12728	#565C56
12729	#5A605A
12730	#606660
12731	#6C726C
12732	#929892
12733	#B6BCB6
12734	#B8BEB8
12735	#A2A8A2
12736	#919791
12737	#838983
12738	#767C76
12739	#676D67
12740	#575D57
12741	#000600
12742	#000600
12743	#000500
12744	#0F150F
12745	#1C221C
12746	#212721
12747	#414741
12748	#5A605A
12749	#717771
12750	#808680
12751	#8B918B
12752	#929892
12753	#9BA19B
12754	#A7ADA7
12755	#B9BFB9
12756	#C4CAC4
12757	#B3B9B3
12758	#868C86
12759	#6F756F
12760	#6B716B
12761	#6E746E
12762	#6A706A
12763	#696F69
12764	#6A706A
12765	#6F756F
12766	#707670
12767	#686E68
12768	#636963
12769	#606660
12770	#5E645E
12771	#5F655F
12772	#5F655F
12773	#5E645E
12774	#606660
12775	#606660
12776	#5B615B
12777	#5D635D
12778	#606660
12779	#636963
12780	#636963
12781	#616761
12782	#616761
12783	#5E645E
12784	#696F69
12785	#6C726C
12786	#656B65
12787	#6D736D
12788	#707670
12789	#686E68
12790	#646A64
12791	#696F69
12792	#696F69
12793	#636963
12794	#686E68
12795	#8D938D
12796	#AEB4AE
12797	#B6BCB6
12798	#BDC3BD
12799	#BFC5BF
12800	#BFC5BF
12801	#C0C6C0
12802	#C2C8C2
12803	#C5CBC5
12804	#C7CDC7
12805	#C7CDC7
12806	#CDD3CD
12807	#D8DED8
12808	#DDE3DD
12809	#E0E6E0
12810	#E0E6E0
12811	#E2E8E2
12812	#E5EBE5
12813	#E3E9E3
12814	#E1E7E1
12815	#E0E6E0
12816	#E0E6E0
12817	#E0E6E0
12818	#E2E8E2
12819	#E4EAE4
12820	#E3E9E3
12821	#E1E7E1
12822	#E2E8E2
12823	#E2E8E2
12824	#E0E6E0
12825	#DFE5DF
12826	#DDE3DD
12827	#D7DDD7
12828	#CED4CE
12829	#C9CFC9
12830	#C7CDC7
12831	#C4CAC4
12832	#C3C9C3
12833	#C3C9C3
12834	#C1C7C1
12835	#BFC5BF
12836	#BDC3BD
12837	#BCC2BC
12838	#BCC2BC
12839	#BCC2BC
12840	#B6BCB6
12841	#ABB1AB
12842	#A5ABA5
12843	#9FA59F
12844	#959B95
12845	#868C86
12846	#7B817B
12847	#636963
12848	#4B514B
12849	#404640
12850	#444A44
12851	#4D534D
12852	#515751
12853	#545A54
12854	#505650
12855	#545A54
12856	#535953
12857	#4E544E
12858	#515751
12859	#545A54
12860	#555B55
12861	#535953
12862	#505650
12863	#505650
12864	#4F554F
12865	#4A504A
12866	#4F554F
12867	#555B55
12868	#565C56
12869	#575D57
12870	#5D635D
12871	#676D67
12872	#888E88
12873	#B4BAB4
12874	#BAC0BA
12875	#A4AAA4
12876	#909690
12877	#848A84
12878	#747A74
12879	#646A64
12880	#545A54
12881	#000600
12882	#000600
12883	#000500
12884	#101610
12885	#1D231D
12886	#1D231D
12887	#3D433D
12888	#585E58
12889	#707670
12890	#818781
12891	#898F89
12892	#8F958F
12893	#9AA09A
12894	#ABB1AB
12895	#BDC3BD
12896	#C1C7C1
12897	#A5ABA5
12898	#797F79
12899	#707670
12900	#686E68
12901	#6A706A
12902	#6B716B
12903	#696F69
12904	#707670
12905	#747A74
12906	#6E746E
12907	#696F69
12908	#646A64
12909	#5F655F
12910	#616761
12911	#5C625C
12912	#5B615B
12913	#5D635D
12914	#595F59
12915	#585E58
12916	#5A605A
12917	#5C625C
12918	#616761
12919	#616761
12920	#626862
12921	#616761
12922	#616761
12923	#646A64
12924	#6B716B
12925	#666C66
12926	#626862
12927	#6D736D
12928	#6D736D
12929	#606660
12930	#5F655F
12931	#656B65
12932	#717771
12933	#747A74
12934	#727872
12935	#929892
12936	#B2B8B2
12937	#B8BEB8
12938	#BCC2BC
12939	#BFC5BF
12940	#BFC5BF
12941	#BCC2BC
12942	#BDC3BD
12943	#BEC4BE
12944	#C1C7C1
12945	#C4CAC4
12946	#CED4CE
12947	#DAE0DA
12948	#DEE4DE
12949	#DEE4DE
12950	#DEE4DE
12951	#DFE5DF
12952	#E3E9E3
12953	#E4EAE4
12954	#E3E9E3
12955	#E0E6E0
12956	#E0E6E0
12957	#E0E6E0
12958	#E2E8E2
12959	#E4EAE4
12960	#E4EAE4
12961	#E2E8E2
12962	#E2E8E2
12963	#E3E9E3
12964	#E3E9E3
12965	#E0E6E0
12966	#DBE1DB
12967	#D5DBD5
12968	#CAD0CA
12969	#C5CBC5
12970	#C4CAC4
12971	#C2C8C2
12972	#BFC5BF
12973	#C1C7C1
12974	#C0C6C0
12975	#BDC3BD
12976	#BCC2BC
12977	#BCC2BC
12978	#B9BFB9
12979	#BCC2BC
12980	#BFC5BF
12981	#B5BBB5
12982	#A8AEA8
12983	#9EA49E
12984	#969C96
12985	#919791
12986	#8C928C
12987	#6E746E
12988	#535953
12989	#444A44
12990	#464C46
12991	#4F554F
12992	#505650
12993	#595F59
12994	#5A605A
12995	#535953
12996	#575D57
12997	#515751
12998	#484E48
12999	#4D534D
13000	#525852
13001	#4F554F
13002	#505650
13003	#4E544E
13004	#515751
13005	#565C56
13006	#585E58
13007	#555B55
13008	#555B55
13009	#585E58
13010	#5D635D
13011	#676D67
13012	#7C827C
13013	#B1B7B1
13014	#BBC1BB
13015	#A6ACA6
13016	#909690
13017	#838983
13018	#737973
13019	#636963
13020	#525852
13021	#000600
13022	#000600
13023	#000500
13024	#101610
13025	#1E241E
13026	#1B211B
13027	#383E38
13028	#545A54
13029	#6E746E
13030	#7E847E
13031	#858B85
13032	#8F958F
13033	#9BA19B
13034	#AEB4AE
13035	#BDC3BD
13036	#BCC2BC
13037	#919791
13038	#717771
13039	#6B716B
13040	#676D67
13041	#666C66
13042	#6C726C
13043	#6E746E
13044	#727872
13045	#727872
13046	#6F756F
13047	#696F69
13048	#646A64
13049	#606660
13050	#565C56
13051	#565C56
13052	#5D635D
13053	#585E58
13054	#535953
13055	#555B55
13056	#575D57
13057	#5C625C
13058	#5B615B
13059	#5A605A
13060	#626862
13061	#646A64
13062	#606660
13063	#656B65
13064	#5F655F
13065	#606660
13066	#646A64
13067	#696F69
13068	#656B65
13069	#616761
13070	#656B65
13071	#6E746E
13072	#7B817B
13073	#7E847E
13074	#777D77
13075	#8F958F
13076	#B3B9B3
13077	#B9BFB9
13078	#B9BFB9
13079	#B9BFB9
13080	#B7BDB7
13081	#BAC0BA
13082	#BBC1BB
13083	#BFC5BF
13084	#C3C9C3
13085	#C8CEC8
13086	#D6DCD6
13087	#E2E8E2
13088	#E1E7E1
13089	#DFE5DF
13090	#DEE4DE
13091	#E0E6E0
13092	#E4EAE4
13093	#E5EBE5
13094	#E3E9E3
13095	#E3E9E3
13096	#E2E8E2
13097	#E1E7E1
13098	#E3E9E3
13099	#E3E9E3
13100	#E5EBE5
13101	#E3E9E3
13102	#E1E7E1
13103	#E1E7E1
13104	#E3E9E3
13105	#E0E6E0
13106	#DAE0DA
13107	#D2D8D2
13108	#C8CEC8
13109	#C1C7C1
13110	#BFC5BF
13111	#BBC1BB
13112	#BAC0BA
13113	#BBC1BB
13114	#BAC0BA
13115	#B9BFB9
13116	#BCC2BC
13117	#BAC0BA
13118	#B5BBB5
13119	#B8BEB8
13120	#BDC3BD
13121	#B9BFB9
13122	#B0B6B0
13123	#A5ABA5
13124	#9AA09A
13125	#959B95
13126	#8D938D
13127	#7B817B
13128	#626862
13129	#4B514B
13130	#484E48
13131	#4C524C
13132	#4C524C
13133	#515751
13134	#5B615B
13135	#5A605A
13136	#575D57
13137	#545A54
13138	#4D534D
13139	#4A504A
13140	#484E48
13141	#494F49
13142	#4E544E
13143	#515751
13144	#545A54
13145	#5E645E
13146	#646A64
13147	#565C56
13148	#515751
13149	#555B55
13150	#5C625C
13151	#636963
13152	#767C76
13153	#AAB0AA
13154	#BAC0BA
13155	#A8AEA8
13156	#909690
13157	#818781
13158	#727872
13159	#626862
13160	#515751
13161	#000600
13162	#000600
13163	#000500
13164	#101610
13165	#202620
13166	#191F19
13167	#323832
13168	#515751
13169	#6D736D
13170	#7C827C
13171	#858B85
13172	#919791
13173	#9CA29C
13174	#B1B7B1
13175	#BEC4BE
13176	#B3B9B3
13177	#838983
13178	#6F756F
13179	#676D67
13180	#646A64
13181	#646A64
13182	#6A706A
13183	#727872
13184	#717771
13185	#6E746E
13186	#696F69
13187	#636963
13188	#646A64
13189	#5F655F
13190	#595F59
13191	#565C56
13192	#595F59
13193	#525852
13194	#525852
13195	#535953
13196	#565C56
13197	#555B55
13198	#555B55
13199	#565C56
13200	#575D57
13201	#5D635D
13202	#5D635D
13203	#5C625C
13204	#595F59
13205	#606660
13206	#5F655F
13207	#656B65
13208	#656B65
13209	#6A706A
13210	#707670
13211	#707670
13212	#7A807A
13213	#828882
13214	#7C827C
13215	#919791
13216	#B4BAB4
13217	#B6BCB6
13218	#B3B9B3
13219	#B6BCB6
13220	#B7BDB7
13221	#BCC2BC
13222	#BEC4BE
13223	#C1C7C1
13224	#C4CAC4
13225	#CBD1CB
13226	#D9DFD9
13227	#DEE4DE
13228	#DFE5DF
13229	#DFE5DF
13230	#E0E6E0
13231	#E1E7E1
13232	#E3E9E3
13233	#E5EBE5
13234	#E3E9E3
13235	#E3E9E3
13236	#E2E8E2
13237	#E2E8E2
13238	#E4EAE4
13239	#E4EAE4
13240	#E6ECE6
13241	#E4EAE4
13242	#E2E8E2
13243	#E1E7E1
13244	#E1E7E1
13245	#E1E7E1
13246	#DCE2DC
13247	#D0D6D0
13248	#C3C9C3
13249	#BEC4BE
13250	#BDC3BD
13251	#BCC2BC
13252	#BBC1BB
13253	#BAC0BA
13254	#B8BEB8
13255	#B6BCB6
13256	#B3B9B3
13257	#B2B8B2
13258	#B3B9B3
13259	#B6BCB6
13260	#BAC0BA
13261	#B7BDB7
13262	#B0B6B0
13263	#A8AEA8
13264	#A4AAA4
13265	#999F99
13266	#898F89
13267	#878D87
13268	#7A807A
13269	#575D57
13270	#494F49
13271	#4A504A
13272	#4C524C
13273	#4D534D
13274	#4D534D
13275	#4E544E
13276	#505650
13277	#545A54
13278	#4E544E
13279	#4D534D
13280	#4E544E
13281	#4D534D
13282	#4F554F
13283	#535953
13284	#5B615B
13285	#606660
13286	#626862
13287	#5D635D
13288	#545A54
13289	#555B55
13290	#5B615B
13291	#5F655F
13292	#727872
13293	#A2A8A2
13294	#BAC0BA
13295	#ABB1AB
13296	#909690
13297	#808680
13298	#707670
13299	#606660
13300	#4F554F
13301	#000600
13302	#000600
13303	#000500
13304	#101610
13305	#202620
13306	#191F19
13307	#2D332D
13308	#4C524C
13309	#696F69
13310	#797F79
13311	#858B85
13312	#919791
13313	#9CA29C
13314	#B3B9B3
13315	#BEC4BE
13316	#A2A8A2
13317	#7A807A
13318	#6D736D
13319	#676D67
13320	#656B65
13321	#686E68
13322	#6D736D
13323	#6D736D
13324	#6F756F
13325	#6B716B
13326	#676D67
13327	#656B65
13328	#616761
13329	#5D635D
13330	#5B615B
13331	#535953
13332	#535953
13333	#4F554F
13334	#515751
13335	#575D57
13336	#555B55
13337	#525852
13338	#535953
13339	#4E544E
13340	#4E544E
13341	#535953
13342	#555B55
13343	#565C56
13344	#565C56
13345	#565C56
13346	#5E645E
13347	#686E68
13348	#666C66
13349	#676D67
13350	#6D736D
13351	#6E746E
13352	#7B817B
13353	#888E88
13354	#858B85
13355	#8E948E
13356	#ADB3AD
13357	#B7BDB7
13358	#B5BBB5
13359	#B7BDB7
13360	#BAC0BA
13361	#BFC5BF
13362	#BFC5BF
13363	#C2C8C2
13364	#C5CBC5
13365	#CDD3CD
13366	#DBE1DB
13367	#DCE2DC
13368	#DCE2DC
13369	#DDE3DD
13370	#E0E6E0
13371	#E2E8E2
13372	#E3E9E3
13373	#E3E9E3
13374	#E2E8E2
13375	#E2E8E2
13376	#E1E7E1
13377	#E0E6E0
13378	#E2E8E2
13379	#E3E9E3
13380	#E4EAE4
13381	#E4EAE4
13382	#E3E9E3
13383	#E2E8E2
13384	#E3E9E3
13385	#E2E8E2
13386	#DDE3DD
13387	#CFD5CF
13388	#C1C7C1
13389	#BCC2BC
13390	#BDC3BD
13391	#BCC2BC
13392	#BAC0BA
13393	#B9BFB9
13394	#B7BDB7
13395	#B4BAB4
13396	#B0B6B0
13397	#AEB4AE
13398	#ADB3AD
13399	#AFB5AF
13400	#B5BBB5
13401	#B8BEB8
13402	#B6BCB6
13403	#ABB1AB
13404	#A6ACA6
13405	#A2A8A2
13406	#989E98
13407	#898F89
13408	#7C827C
13409	#646A64
13410	#4F554F
13411	#484E48
13412	#4A504A
13413	#4C524C
13414	#4A504A
13415	#4A504A
13416	#4E544E
13417	#4F554F
13418	#4D534D
13419	#4E544E
13420	#4B514B
13421	#464C46
13422	#494F49
13423	#535953
13424	#5C625C
13425	#5C625C
13426	#616761
13427	#5E645E
13428	#5B615B
13429	#565C56
13430	#565C56
13431	#5B615B
13432	#6F756F
13433	#979D97
13434	#B8BEB8
13435	#ABB1AB
13436	#8F958F
13437	#808680
13438	#707670
13439	#5D635D
13440	#4C524C
13441	#000600
13442	#000600
13443	#000500
13444	#111711
13445	#212721
13446	#181E18
13447	#262C26
13448	#494F49
13449	#656B65
13450	#777D77
13451	#858B85
13452	#909690
13453	#9DA39D
13454	#B4BAB4
13455	#BDC3BD
13456	#929892
13457	#767C76
13458	#707670
13459	#646A64
13460	#696F69
13461	#727872
13462	#6F756F
13463	#6B716B
13464	#6D736D
13465	#696F69
13466	#676D67
13467	#646A64
13468	#5D635D
13469	#595F59
13470	#545A54
13471	#525852
13472	#4E544E
13473	#4B514B
13474	#515751
13475	#535953
13476	#4D534D
13477	#4D534D
13478	#4B514B
13479	#494F49
13480	#4C524C
13481	#4E544E
13482	#515751
13483	#515751
13484	#525852
13485	#575D57
13486	#676D67
13487	#676D67
13488	#606660
13489	#646A64
13490	#696F69
13491	#6F756F
13492	#7E847E
13493	#8D938D
13494	#898F89
13495	#8C928C
13496	#A9AFA9
13497	#B9BFB9
13498	#B9BFB9
13499	#BBC1BB
13500	#BDC3BD
13501	#C0C6C0
13502	#C1C7C1
13503	#C4CAC4
13504	#C7CDC7
13505	#CED4CE
13506	#DEE4DE
13507	#E1E7E1
13508	#DFE5DF
13509	#E0E6E0
13510	#E3E9E3
13511	#E5EBE5
13512	#E5EBE5
13513	#E5EBE5
13514	#E4EAE4
13515	#E3E9E3
13516	#E1E7E1
13517	#E0E6E0
13518	#E2E8E2
13519	#E3E9E3
13520	#E2E8E2
13521	#E2E8E2
13522	#E2E8E2
13523	#E2E8E2
13524	#E1E7E1
13525	#DFE5DF
13526	#DDE3DD
13527	#D0D6D0
13528	#BFC5BF
13529	#BCC2BC
13530	#BCC2BC
13531	#BDC3BD
13532	#BAC0BA
13533	#B9BFB9
13534	#B5BBB5
13535	#B2B8B2
13536	#AFB5AF
13537	#ACB2AC
13538	#AAB0AA
13539	#A9AFA9
13540	#AEB4AE
13541	#B2B8B2
13542	#B3B9B3
13543	#ACB2AC
13544	#A4AAA4
13545	#9EA49E
13546	#9FA59F
13547	#939993
13548	#7E847E
13549	#6C726C
13550	#585E58
13551	#4B514B
13552	#484E48
13553	#484E48
13554	#484E48
13555	#474D47
13556	#454B45
13557	#4B514B
13558	#4D534D
13559	#444A44
13560	#3F453F
13561	#404640
13562	#424842
13563	#4C524C
13564	#545A54
13565	#5A605A
13566	#5E645E
13567	#606660
13568	#636963
13569	#585E58
13570	#515751
13571	#585E58
13572	#6A706A
13573	#8C928C
13574	#B5BBB5
13575	#ADB3AD
13576	#8F958F
13577	#7F857F
13578	#6F756F
13579	#5C625C
13580	#4A504A
13581	#000600
13582	#000600
13583	#000500
13584	#111711
13585	#212721
13586	#191F19
13587	#212721
13588	#454B45
13589	#606660
13590	#757B75
13591	#848A84
13592	#8F958F
13593	#A1A7A1
13594	#B4BAB4
13595	#BBC1BB
13596	#878D87
13597	#747A74
13598	#6F756F
13599	#666C66
13600	#707670
13601	#727872
13602	#6E746E
13603	#696F69
13604	#656B65
13605	#656B65
13606	#626862
13607	#5D635D
13608	#5D635D
13609	#575D57
13610	#575D57
13611	#515751
13612	#505650
13613	#4B514B
13614	#4D534D
13615	#4B514B
13616	#4C524C
13617	#4F554F
13618	#4F554F
13619	#4E544E
13620	#505650
13621	#595F59
13622	#595F59
13623	#575D57
13624	#5A605A
13625	#616761
13626	#666C66
13627	#636963
13628	#636963
13629	#656B65
13630	#6B716B
13631	#797F79
13632	#868C86
13633	#8B918B
13634	#8F958F
13635	#919791
13636	#A8AEA8
13637	#B6BCB6
13638	#B8BEB8
13639	#BBC1BB
13640	#BEC4BE
13641	#C1C7C1
13642	#C4CAC4
13643	#C7CDC7
13644	#C8CEC8
13645	#CED4CE
13646	#DAE0DA
13647	#DEE4DE
13648	#DFE5DF
13649	#E0E6E0
13650	#E2E8E2
13651	#E4EAE4
13652	#E4EAE4
13653	#E5EBE5
13654	#E5EBE5
13655	#E3E9E3
13656	#E2E8E2
13657	#E2E8E2
13658	#E2E8E2
13659	#E3E9E3
13660	#E2E8E2
13661	#E2E8E2
13662	#E4EAE4
13663	#E5EBE5
13664	#E3E9E3
13665	#DFE5DF
13666	#DCE2DC
13667	#CFD5CF
13668	#BEC4BE
13669	#BCC2BC
13670	#BDC3BD
13671	#BCC2BC
13672	#BAC0BA
13673	#B9BFB9
13674	#B4BAB4
13675	#B1B7B1
13676	#ADB3AD
13677	#ABB1AB
13678	#AAB0AA
13679	#ABB1AB
13680	#ACB2AC
13681	#A9AFA9
13682	#AAB0AA
13683	#A6ACA6
13684	#A3A9A3
13685	#9EA49E
13686	#9DA39D
13687	#979D97
13688	#8B918B
13689	#727872
13690	#606660
13691	#525852
13692	#484E48
13693	#444A44
13694	#434943
13695	#424842
13696	#404640
13697	#454B45
13698	#4E544E
13699	#4A504A
13700	#3E443E
13701	#424842
13702	#4A504A
13703	#4A504A
13704	#4D534D
13705	#525852
13706	#565C56
13707	#5F655F
13708	#626862
13709	#5C625C
13710	#515751
13711	#565C56
13712	#656B65
13713	#818781
13714	#B1B7B1
13715	#ACB2AC
13716	#909690
13717	#7E847E
13718	#6F756F
13719	#595F59
13720	#474D47
13721	#000600
13722	#000600
13723	#000500
13724	#111711
13725	#212721
13726	#1A201A
13727	#1E241E
13728	#404640
13729	#5B615B
13730	#727872
13731	#848A84
13732	#919791
13733	#A6ACA6
13734	#B4BAB4
13735	#B3B9B3
13736	#818781
13737	#747A74
13738	#6E746E
13739	#6E746E
13740	#707670
13741	#6D736D
13742	#6C726C
13743	#686E68
13744	#626862
13745	#5D635D
13746	#5C625C
13747	#5D635D
13748	#595F59
13749	#535953
13750	#535953
13751	#535953
13752	#525852
13753	#545A54
13754	#595F59
13755	#5A605A
13756	#606660
13757	#676D67
13758	#6A706A
13759	#717771
13760	#767C76
13761	#7A807A
13762	#7A807A
13763	#777D77
13764	#7D837D
13765	#7E847E
13766	#747A74
13767	#707670
13768	#757B75
13769	#777D77
13770	#7C827C
13771	#858B85
13772	#8A908A
13773	#919791
13774	#959B95
13775	#9DA39D
13776	#AFB5AF
13777	#B5BBB5
13778	#B7BDB7
13779	#BBC1BB
13780	#BEC4BE
13781	#C0C6C0
13782	#C4CAC4
13783	#C8CEC8
13784	#CAD0CA
13785	#D4DAD4
13786	#DBE1DB
13787	#DEE4DE
13788	#DFE5DF
13789	#E0E6E0
13790	#E0E6E0
13791	#E2E8E2
13792	#E3E9E3
13793	#E3E9E3
13794	#E2E8E2
13795	#E1E7E1
13796	#E1E7E1
13797	#E0E6E0
13798	#E0E6E0
13799	#E1E7E1
13800	#E0E6E0
13801	#E1E7E1
13802	#E2E8E2
13803	#E2E8E2
13804	#E3E9E3
13805	#DEE4DE
13806	#D8DED8
13807	#CBD1CB
13808	#BDC3BD
13809	#BBC1BB
13810	#BCC2BC
13811	#BBC1BB
13812	#B8BEB8
13813	#B7BDB7
13814	#B4BAB4
13815	#B1B7B1
13816	#ADB3AD
13817	#ACB2AC
13818	#AAB0AA
13819	#AAB0AA
13820	#A7ADA7
13821	#A5ABA5
13822	#A7ADA7
13823	#A0A6A0
13824	#9DA39D
13825	#9DA39D
13826	#9CA29C
13827	#939993
13828	#8C928C
13829	#787E78
13830	#606660
13831	#515751
13832	#454B45
13833	#424842
13834	#444A44
13835	#414741
13836	#424842
13837	#404640
13838	#454B45
13839	#4F554F
13840	#474D47
13841	#454B45
13842	#464C46
13843	#4C524C
13844	#494F49
13845	#4B514B
13846	#555B55
13847	#5A605A
13848	#5A605A
13849	#5D635D
13850	#585E58
13851	#565C56
13852	#626862
13853	#787E78
13854	#ADB3AD
13855	#AEB4AE
13856	#929892
13857	#7F857F
13858	#6E746E
13859	#585E58
13860	#444A44
13861	#000600
13862	#000600
13863	#000500
13864	#121812
13865	#222822
13866	#1B211B
13867	#1C221C
13868	#3B413B
13869	#565C56
13870	#6F756F
13871	#828882
13872	#969C96
13873	#ABB1AB
13874	#B5BBB5
13875	#AAB0AA
13876	#7E847E
13877	#737973
13878	#707670
13879	#757B75
13880	#717771
13881	#707670
13882	#676D67
13883	#5F655F
13884	#5A605A
13885	#575D57
13886	#5D635D
13887	#5A605A
13888	#515751
13889	#565C56
13890	#5C625C
13891	#666C66
13892	#6E746E
13893	#7A807A
13894	#7F857F
13895	#7C827C
13896	#838983
13897	#898F89
13898	#898F89
13899	#919791
13900	#949A94
13901	#979D97
13902	#959B95
13903	#949A94
13904	#969C96
13905	#949A94
13906	#8D938D
13907	#8B918B
13908	#8C928C
13909	#898F89
13910	#898F89
13911	#909690
13912	#929892
13913	#979D97
13914	#9EA49E
13915	#AEB4AE
13916	#B6BCB6
13917	#B7BDB7
13918	#B8BEB8
13919	#BBC1BB
13920	#BEC4BE
13921	#C1C7C1
13922	#C4CAC4
13923	#C9CFC9
13924	#CED4CE
13925	#D8DED8
13926	#DEE4DE
13927	#E0E6E0
13928	#E0E6E0
13929	#E1E7E1
13930	#E0E6E0
13931	#E0E6E0
13932	#E1E7E1
13933	#E2E8E2
13934	#E1E7E1
13935	#E0E6E0
13936	#E1E7E1
13937	#E0E6E0
13938	#E1E7E1
13939	#E0E6E0
13940	#E0E6E0
13941	#E1E7E1
13942	#E0E6E0
13943	#E1E7E1
13944	#E1E7E1
13945	#DEE4DE
13946	#D5DBD5
13947	#C7CDC7
13948	#BEC4BE
13949	#BCC2BC
13950	#BBC1BB
13951	#BAC0BA
13952	#B7BDB7
13953	#B5BBB5
13954	#B3B9B3
13955	#AFB5AF
13956	#ADB3AD
13957	#ACB2AC
13958	#A8AEA8
13959	#A6ACA6
13960	#A5ABA5
13961	#A1A7A1
13962	#A4AAA4
13963	#9EA49E
13964	#989E98
13965	#959B95
13966	#959B95
13967	#929892
13968	#858B85
13969	#777D77
13970	#606660
13971	#4D534D
13972	#434943
13973	#444A44
13974	#454B45
13975	#3F453F
13976	#434943
13977	#414741
13978	#404640
13979	#4B514B
13980	#535953
13981	#494F49
13982	#464C46
13983	#474D47
13984	#494F49
13985	#4B514B
13986	#525852
13987	#555B55
13988	#545A54
13989	#5D635D
13990	#5F655F
13991	#585E58
13992	#5E645E
13993	#717771
13994	#A8AEA8
13995	#AFB5AF
13996	#949A94
13997	#7E847E
13998	#6D736D
13999	#565C56
14000	#414741
14001	#000600
14002	#000600
14003	#000500
14004	#121812
14005	#232923
14006	#1B211B
14007	#1C221C
14008	#373D37
14009	#535953
14010	#6E746E
14011	#848A84
14012	#9AA09A
14013	#ADB3AD
14014	#B6BCB6
14015	#A3A9A3
14016	#7D837D
14017	#737973
14018	#787E78
14019	#7B817B
14020	#727872
14021	#6A706A
14022	#646A64
14023	#5A605A
14024	#555B55
14025	#525852
14026	#545A54
14027	#5E645E
14028	#6C726C
14029	#787E78
14030	#838983
14031	#898F89
14032	#909690
14033	#979D97
14034	#969C96
14035	#9AA09A
14036	#9CA29C
14037	#9AA09A
14038	#9DA39D
14039	#A0A6A0
14040	#A3A9A3
14041	#A5ABA5
14042	#A1A7A1
14043	#A0A6A0
14044	#A3A9A3
14045	#A0A6A0
14046	#9CA29C
14047	#9DA39D
14048	#9DA39D
14049	#9CA29C
14050	#9EA49E
14051	#A4AAA4
14052	#A3A9A3
14053	#A5ABA5
14054	#B0B6B0
14055	#B7BDB7
14056	#B7BDB7
14057	#BCC2BC
14058	#BCC2BC
14059	#BEC4BE
14060	#C1C7C1
14061	#C3C9C3
14062	#C6CCC6
14063	#C9CFC9
14064	#D1D7D1
14065	#DAE0DA
14066	#DEE4DE
14067	#E1E7E1
14068	#E2E8E2
14069	#E0E6E0
14070	#DEE4DE
14071	#DFE5DF
14072	#E1E7E1
14073	#E2E8E2
14074	#E2E8E2
14075	#E0E6E0
14076	#E1E7E1
14077	#E1E7E1
14078	#E1E7E1
14079	#E0E6E0
14080	#E1E7E1
14081	#E1E7E1
14082	#E0E6E0
14083	#E0E6E0
14084	#E0E6E0
14085	#DFE5DF
14086	#D6DCD6
14087	#C7CDC7
14088	#C1C7C1
14089	#C0C6C0
14090	#BCC2BC
14091	#B9BFB9
14092	#B6BCB6
14093	#B3B9B3
14094	#B1B7B1
14095	#AFB5AF
14096	#ABB1AB
14097	#A9AFA9
14098	#A6ACA6
14099	#A4AAA4
14100	#A4AAA4
14101	#A1A7A1
14102	#9FA59F
14103	#9DA39D
14104	#999F99
14105	#8B918B
14106	#898F89
14107	#8D938D
14108	#858B85
14109	#747A74
14110	#606660
14111	#4F554F
14112	#454B45
14113	#424842
14114	#444A44
14115	#3F453F
14116	#3E443E
14117	#414741
14118	#404640
14119	#484E48
14120	#505650
14121	#4E544E
14122	#474D47
14123	#454B45
14124	#4A504A
14125	#4A504A
14126	#4D534D
14127	#545A54
14128	#595F59
14129	#585E58
14130	#5E645E
14131	#5F655F
14132	#5B615B
14133	#6C726C
14134	#A4AAA4
14135	#AFB5AF
14136	#979D97
14137	#7F857F
14138	#6D736D
14139	#535953
14140	#3D433D
14141	#000600
14142	#000600
14143	#000500
14144	#131913
14145	#232923
14146	#1C221C
14147	#1B211B
14148	#323832
14149	#515751
14150	#6C726C
14151	#848A84
14152	#9CA29C
14153	#ADB3AD
14154	#B6BCB6
14155	#9CA29C
14156	#7D837D
14157	#787E78
14158	#7E847E
14159	#7B817B
14160	#6E746E
14161	#616761
14162	#5A605A
14163	#565C56
14164	#565C56
14165	#636963
14166	#737973
14167	#868C86
14168	#929892
14169	#969C96
14170	#989E98
14171	#9DA39D
14172	#A2A8A2
14173	#A3A9A3
14174	#A6ACA6
14175	#A9AFA9
14176	#A7ADA7
14177	#A9AFA9
14178	#ACB2AC
14179	#ABB1AB
14180	#B1B7B1
14181	#AFB5AF
14182	#ABB1AB
14183	#ABB1AB
14184	#AEB4AE
14185	#ACB2AC
14186	#ABB1AB
14187	#ADB3AD
14188	#ACB2AC
14189	#B0B6B0
14190	#B5BBB5
14191	#B4BAB4
14192	#B2B8B2
14193	#B4BAB4
14194	#BCC2BC
14195	#BCC2BC
14196	#BEC4BE
14197	#BFC5BF
14198	#C2C8C2
14199	#C1C7C1
14200	#C4CAC4
14201	#C7CDC7
14202	#C9CFC9
14203	#CBD1CB
14204	#D2D8D2
14205	#DCE2DC
14206	#DFE5DF
14207	#E2E8E2
14208	#E3E9E3
14209	#E1E7E1
14210	#E1E7E1
14211	#E1E7E1
14212	#E0E6E0
14213	#E1E7E1
14214	#E2E8E2
14215	#E2E8E2
14216	#E2E8E2
14217	#E2E8E2
14218	#E2E8E2
14219	#E1E7E1
14220	#E2E8E2
14221	#E1E7E1
14222	#DFE5DF
14223	#E0E6E0
14224	#E0E6E0
14225	#E1E7E1
14226	#D6DCD6
14227	#C5CBC5
14228	#C1C7C1
14229	#C0C6C0
14230	#BDC3BD
14231	#B9BFB9
14232	#B4BAB4
14233	#B2B8B2
14234	#B1B7B1
14235	#ADB3AD
14236	#AAB0AA
14237	#A8AEA8
14238	#A3A9A3
14239	#A3A9A3
14240	#A2A8A2
14241	#9FA59F
14242	#989E98
14243	#999F99
14244	#999F99
14245	#888E88
14246	#838983
14247	#858B85
14248	#848A84
14249	#767C76
14250	#636963
14251	#515751
14252	#4B514B
14253	#454B45
14254	#434943
14255	#414741
14256	#3B413B
14257	#414741
14258	#484E48
14259	#474D47
14260	#494F49
14261	#4D534D
14262	#4A504A
14263	#474D47
14264	#484E48
14265	#494F49
14266	#464C46
14267	#4E544E
14268	#5C625C
14269	#565C56
14270	#5C625C
14271	#666C66
14272	#5E645E
14273	#696F69
14274	#9DA39D
14275	#ADB3AD
14276	#969C96
14277	#7E847E
14278	#6C726C
14279	#505650
14280	#373D37
14281	#000600
14282	#000600
14283	#000500
14284	#131913
14285	#242A24
14286	#1C221C
14287	#1B211B
14288	#303630
14289	#515751
14290	#6C726C
14291	#848A84
14292	#9EA49E
14293	#AEB4AE
14294	#B5BBB5
14295	#989E98
14296	#7D837D
14297	#7F857F
14298	#7F857F
14299	#797F79
14300	#6C726C
14301	#5C625C
14302	#565C56
14303	#5E645E
14304	#747A74
14305	#878D87
14306	#939993
14307	#999F99
14308	#9FA59F
14309	#A2A8A2
14310	#A6ACA6
14311	#AAB0AA
14312	#ABB1AB
14313	#ADB3AD
14314	#AEB4AE
14315	#B0B6B0
14316	#B4BAB4
14317	#B6BCB6
14318	#B2B8B2
14319	#B4BAB4
14320	#BBC1BB
14321	#B8BEB8
14322	#B5BBB5
14323	#B6BCB6
14324	#B7BDB7
14325	#B5BBB5
14326	#B6BCB6
14327	#B6BCB6
14328	#B6BCB6
14329	#B9BFB9
14330	#BDC3BD
14331	#BCC2BC
14332	#BBC1BB
14333	#BDC3BD
14334	#C0C6C0
14335	#C2C8C2
14336	#C5CBC5
14337	#C3C9C3
14338	#C6CCC6
14339	#C7CDC7
14340	#CAD0CA
14341	#CDD3CD
14342	#CDD3CD
14343	#CDD3CD
14344	#D5DBD5
14345	#DDE3DD
14346	#E2E8E2
14347	#E1E7E1
14348	#E1E7E1
14349	#E3E9E3
14350	#E3E9E3
14351	#E1E7E1
14352	#E0E6E0
14353	#E1E7E1
14354	#E1E7E1
14355	#E3E9E3
14356	#E3E9E3
14357	#E5EBE5
14358	#E4EAE4
14359	#E2E8E2
14360	#E2E8E2
14361	#E1E7E1
14362	#E0E6E0
14363	#DFE5DF
14364	#DFE5DF
14365	#DFE5DF
14366	#D6DCD6
14367	#C6CCC6
14368	#C1C7C1
14369	#BFC5BF
14370	#BDC3BD
14371	#B8BEB8
14372	#B2B8B2
14373	#B0B6B0
14374	#AEB4AE
14375	#AAB0AA
14376	#A8AEA8
14377	#A6ACA6
14378	#A4AAA4
14379	#A3A9A3
14380	#A0A6A0
14381	#A1A7A1
14382	#969C96
14383	#939993
14384	#949A94
14385	#8B918B
14386	#7F857F
14387	#808680
14388	#7D837D
14389	#777D77
14390	#696F69
14391	#535953
14392	#4F554F
14393	#4B514B
14394	#454B45
14395	#424842
14396	#3E443E
14397	#444A44
14398	#4A504A
14399	#494F49
14400	#474D47
14401	#4C524C
14402	#4E544E
14403	#4A504A
14404	#484E48
14405	#424842
14406	#454B45
14407	#4B514B
14408	#535953
14409	#575D57
14410	#5A605A
14411	#666C66
14412	#656B65
14413	#666C66
14414	#989E98
14415	#ACB2AC
14416	#949A94
14417	#7D837D
14418	#6A706A
14419	#4C524C
14420	#323832
14421	#000600
14422	#000600
14423	#000500
14424	#131913
14425	#242A24
14426	#1D231D
14427	#1A201A
14428	#2C322C
14429	#515751
14430	#6C726C
14431	#848A84
14432	#9EA49E
14433	#AEB4AE
14434	#B4BAB4
14435	#979D97
14436	#828882
14437	#838983
14438	#7D837D
14439	#747A74
14440	#666C66
14441	#585E58
14442	#666C66
14443	#818781
14444	#909690
14445	#999F99
14446	#A0A6A0
14447	#A4AAA4
14448	#A7ADA7
14449	#ACB2AC
14450	#B0B6B0
14451	#B1B7B1
14452	#B4BAB4
14453	#B4BAB4
14454	#B5BBB5
14455	#BBC1BB
14456	#BEC4BE
14457	#BCC2BC
14458	#BCC2BC
14459	#BEC4BE
14460	#BEC4BE
14461	#BBC1BB
14462	#BAC0BA
14463	#BDC3BD
14464	#BAC0BA
14465	#B9BFB9
14466	#BCC2BC
14467	#BCC2BC
14468	#BEC4BE
14469	#C1C7C1
14470	#C1C7C1
14471	#C2C8C2
14472	#C2C8C2
14473	#C4CAC4
14474	#C6CCC6
14475	#C6CCC6
14476	#C9CFC9
14477	#C8CEC8
14478	#CBD1CB
14479	#CED4CE
14480	#CFD5CF
14481	#D0D6D0
14482	#D1D7D1
14483	#D1D7D1
14484	#D8DED8
14485	#DFE5DF
14486	#E2E8E2
14487	#E1E7E1
14488	#E2E8E2
14489	#E2E8E2
14490	#E2E8E2
14491	#E2E8E2
14492	#E2E8E2
14493	#E1E7E1
14494	#E2E8E2
14495	#E1E7E1
14496	#E3E9E3
14497	#E5EBE5
14498	#E4EAE4
14499	#E2E8E2
14500	#E3E9E3
14501	#E2E8E2
14502	#E1E7E1
14503	#E0E6E0
14504	#E0E6E0
14505	#DEE4DE
14506	#D3D9D3
14507	#C3C9C3
14508	#BFC5BF
14509	#BEC4BE
14510	#BCC2BC
14511	#B7BDB7
14512	#B4BAB4
14513	#AEB4AE
14514	#A8AEA8
14515	#A7ADA7
14516	#A6ACA6
14517	#A6ACA6
14518	#A4AAA4
14519	#9FA59F
14520	#9DA39D
14521	#9DA39D
14522	#989E98
14523	#8D938D
14524	#8B918B
14525	#8A908A
14526	#828882
14527	#7C827C
14528	#757B75
14529	#757B75
14530	#6D736D
14531	#5B615B
14532	#545A54
14533	#515751
14534	#4A504A
14535	#4A504A
14536	#444A44
14537	#454B45
14538	#494F49
14539	#464C46
14540	#474D47
14541	#4F554F
14542	#4A504A
14543	#4E544E
14544	#4A504A
14545	#424842
14546	#454B45
14547	#484E48
14548	#4C524C
14549	#545A54
14550	#595F59
14551	#636963
14552	#676D67
14553	#676D67
14554	#969C96
14555	#AAB0AA
14556	#939993
14557	#7B817B
14558	#676D67
14559	#484E48
14560	#2F352F
14561	#000600
14562	#000600
14563	#000500
14564	#141A14
14565	#252B25
14566	#1E241E
14567	#1A201A
14568	#272D27
14569	#4F554F
14570	#6B716B
14571	#848A84
14572	#9DA39D
14573	#AFB5AF
14574	#B2B8B2
14575	#989E98
14576	#878D87
14577	#828882
14578	#797F79
14579	#6C726C
14580	#646A64
14581	#777D77
14582	#8B918B
14583	#989E98
14584	#9EA49E
14585	#A4AAA4
14586	#A9AFA9
14587	#AAB0AA
14588	#B0B6B0
14589	#B3B9B3
14590	#B5BBB5
14591	#B8BEB8
14592	#BAC0BA
14593	#BBC1BB
14594	#BFC5BF
14595	#C3C9C3
14596	#C2C8C2
14597	#C0C6C0
14598	#C2C8C2
14599	#C3C9C3
14600	#C0C6C0
14601	#BFC5BF
14602	#C0C6C0
14603	#C1C7C1
14604	#BDC3BD
14605	#BFC5BF
14606	#C2C8C2
14607	#C2C8C2
14608	#C5CBC5
14609	#C7CDC7
14610	#C8CEC8
14611	#C7CDC7
14612	#C7CDC7
14613	#CAD0CA
14614	#CBD1CB
14615	#CAD0CA
14616	#CBD1CB
14617	#CFD5CF
14618	#D3D9D3
14619	#D3D9D3
14620	#D2D8D2
14621	#D2D8D2
14622	#D1D7D1
14623	#D0D6D0
14624	#DBE1DB
14625	#E4EAE4
14626	#E4EAE4
14627	#E5EBE5
14628	#E4EAE4
14629	#E3E9E3
14630	#E2E8E2
14631	#E3E9E3
14632	#E5EBE5
14633	#E5EBE5
14634	#E4EAE4
14635	#E4EAE4
14636	#E5EBE5
14637	#E4EAE4
14638	#E6ECE6
14639	#E4EAE4
14640	#E4EAE4
14641	#E4EAE4
14642	#E3E9E3
14643	#E2E8E2
14644	#DFE5DF
14645	#DBE1DB
14646	#CDD3CD
14647	#C0C6C0
14648	#BEC4BE
14649	#BDC3BD
14650	#BBC1BB
14651	#B8BEB8
14652	#B7BDB7
14653	#B0B6B0
14654	#A8AEA8
14655	#A5ABA5
14656	#A2A8A2
14657	#A2A8A2
14658	#9FA59F
14659	#999F99
14660	#979D97
14661	#949A94
14662	#939993
14663	#8C928C
14664	#868C86
14665	#868C86
14666	#858B85
14667	#7B817B
14668	#727872
14669	#6F756F
14670	#6E746E
14671	#626862
14672	#5A605A
14673	#555B55
14674	#575D57
14675	#575D57
14676	#4D534D
14677	#474D47
14678	#474D47
14679	#454B45
14680	#454B45
14681	#4F554F
14682	#4E544E
14683	#484E48
14684	#4A504A
14685	#464C46
14686	#444A44
14687	#464C46
14688	#474D47
14689	#505650
14690	#5A605A
14691	#5F655F
14692	#686E68
14693	#6C726C
14694	#939993
14695	#A5ABA5
14696	#939993
14697	#7B817B
14698	#646A64
14699	#434943
14700	#2C322C
14701	#000600
14702	#000600
14703	#000500
14704	#141A14
14705	#262C26
14706	#1E241E
14707	#1B211B
14708	#222822
14709	#4D534D
14710	#6B716B
14711	#838983
14712	#9AA09A
14713	#AEB4AE
14714	#B0B6B0
14715	#9BA19B
14716	#898F89
14717	#808680
14718	#707670
14719	#6A706A
14720	#828882
14721	#979D97
14722	#9CA29C
14723	#A2A8A2
14724	#A7ADA7
14725	#AAB0AA
14726	#AEB4AE
14727	#B3B9B3
14728	#B5BBB5
14729	#B6BCB6
14730	#BAC0BA
14731	#BBC1BB
14732	#BEC4BE
14733	#C2C8C2
14734	#C6CCC6
14735	#C6CCC6
14736	#C5CBC5
14737	#C4CAC4
14738	#C5CBC5
14739	#C4CAC4
14740	#C4CAC4
14741	#C4CAC4
14742	#C4CAC4
14743	#C5CBC5
14744	#C2C8C2
14745	#C4CAC4
14746	#C7CDC7
14747	#C8CEC8
14748	#C9CFC9
14749	#CDD3CD
14750	#CED4CE
14751	#CCD2CC
14752	#CCD2CC
14753	#CED4CE
14754	#CED4CE
14755	#CFD5CF
14756	#D1D7D1
14757	#D4DAD4
14758	#D6DCD6
14759	#D6DCD6
14760	#D5DBD5
14761	#D2D8D2
14762	#D0D6D0
14763	#D1D7D1
14764	#DEE4DE
14765	#E5EBE5
14766	#E5EBE5
14767	#E4EAE4
14768	#E3E9E3
14769	#E2E8E2
14770	#E3E9E3
14771	#E4EAE4
14772	#E4EAE4
14773	#E5EBE5
14774	#E5EBE5
14775	#E6ECE6
14776	#E6ECE6
14777	#E6ECE6
14778	#E8EEE8
14779	#E4EAE4
14780	#E4EAE4
14781	#E3E9E3
14782	#E2E8E2
14783	#E1E7E1
14784	#DDE3DD
14785	#D8DED8
14786	#C5CBC5
14787	#B8BEB8
14788	#B7BDB7
14789	#B9BFB9
14790	#B9BFB9
14791	#B9BFB9
14792	#BAC0BA
14793	#B8BEB8
14794	#ADB3AD
14795	#A2A8A2
14796	#9FA59F
14797	#9EA49E
14798	#999F99
14799	#949A94
14800	#949A94
14801	#909690
14802	#8E948E
14803	#8D938D
14804	#868C86
14805	#818781
14806	#828882
14807	#7E847E
14808	#757B75
14809	#6E746E
14810	#6D736D
14811	#6B716B
14812	#646A64
14813	#5F655F
14814	#5F655F
14815	#5F655F
14816	#575D57
14817	#4D534D
14818	#454B45
14819	#454B45
14820	#484E48
14821	#4A504A
14822	#4E544E
14823	#464C46
14824	#444A44
14825	#4A504A
14826	#4A504A
14827	#464C46
14828	#464C46
14829	#4B514B
14830	#575D57
14831	#5E645E
14832	#686E68
14833	#727872
14834	#8F958F
14835	#A2A8A2
14836	#949A94
14837	#7A807A
14838	#606660
14839	#404640
14840	#282E28
14841	#000600
14842	#000600
14843	#000500
14844	#141A14
14845	#262C26
14846	#1E241E
14847	#1B211B
14848	#1E241E
14849	#4A504A
14850	#696F69
14851	#828882
14852	#999F99
14853	#ADB3AD
14854	#B0B6B0
14855	#9DA39D
14856	#898F89
14857	#7A807A
14858	#6E746E
14859	#868C86
14860	#9DA39D
14861	#A6ACA6
14862	#A6ACA6
14863	#AAB0AA
14864	#AFB5AF
14865	#B0B6B0
14866	#B5BBB5
14867	#B7BDB7
14868	#B8BEB8
14869	#BBC1BB
14870	#BCC2BC
14871	#C0C6C0
14872	#C4CAC4
14873	#C7CDC7
14874	#C8CEC8
14875	#C9CFC9
14876	#C8CEC8
14877	#C7CDC7
14878	#C7CDC7
14879	#C7CDC7
14880	#C7CDC7
14881	#C6CCC6
14882	#C8CEC8
14883	#C6CCC6
14884	#C8CEC8
14885	#CAD0CA
14886	#CED4CE
14887	#CDD3CD
14888	#CED4CE
14889	#D0D6D0
14890	#D1D7D1
14891	#D2D8D2
14892	#D1D7D1
14893	#D1D7D1
14894	#D3D9D3
14895	#D4DAD4
14896	#D5DBD5
14897	#D6DCD6
14898	#D8DED8
14899	#D6DCD6
14900	#D6DCD6
14901	#D3D9D3
14902	#D1D7D1
14903	#D5DBD5
14904	#E1E7E1
14905	#E4EAE4
14906	#E4EAE4
14907	#E4EAE4
14908	#E4EAE4
14909	#E4EAE4
14910	#E6ECE6
14911	#E6ECE6
14912	#E6ECE6
14913	#E5EBE5
14914	#E5EBE5
14915	#E6ECE6
14916	#E5EBE5
14917	#E5EBE5
14918	#E7EDE7
14919	#E5EBE5
14920	#E5EBE5
14921	#E4EAE4
14922	#E2E8E2
14923	#E2E8E2
14924	#E0E6E0
14925	#D7DDD7
14926	#C3C9C3
14927	#B8BEB8
14928	#B4BAB4
14929	#B3B9B3
14930	#B4BAB4
14931	#B8BEB8
14932	#B7BDB7
14933	#B4BAB4
14934	#AFB5AF
14935	#A4AAA4
14936	#9FA59F
14937	#9AA09A
14938	#949A94
14939	#939993
14940	#939993
14941	#8C928C
14942	#888E88
14943	#898F89
14944	#868C86
14945	#7B817B
14946	#7C827C
14947	#7F857F
14948	#777D77
14949	#727872
14950	#717771
14951	#717771
14952	#737973
14953	#707670
14954	#6B716B
14955	#6C726C
14956	#5A605A
14957	#515751
14958	#494F49
14959	#464C46
14960	#484E48
14961	#454B45
14962	#454B45
14963	#474D47
14964	#434943
14965	#474D47
14966	#4C524C
14967	#454B45
14968	#464C46
14969	#4A504A
14970	#505650
14971	#5B615B
14972	#696F69
14973	#797F79
14974	#8D938D
14975	#A1A7A1
14976	#939993
14977	#777D77
14978	#5D635D
14979	#3D433D
14980	#252B25
14981	#000600
14982	#000600
14983	#000500
14984	#141A14
14985	#272D27
14986	#1E241E
14987	#1B211B
14988	#1B211B
14989	#464C46
14990	#686E68
14991	#828882
14992	#989E98
14993	#ADB3AD
14994	#B2B8B2
14995	#A1A7A1
14996	#878D87
14997	#737973
14998	#868C86
14999	#9FA59F
15000	#A9AFA9
15001	#AEB4AE
15002	#AFB5AF
15003	#B1B7B1
15004	#B3B9B3
15005	#B7BDB7
15006	#BAC0BA
15007	#BBC1BB
15008	#BFC5BF
15009	#C1C7C1
15010	#C2C8C2
15011	#C5CBC5
15012	#C8CEC8
15013	#CAD0CA
15014	#CAD0CA
15015	#CBD1CB
15016	#CAD0CA
15017	#CAD0CA
15018	#C9CFC9
15019	#C8CEC8
15020	#CAD0CA
15021	#CBD1CB
15022	#CDD3CD
15023	#CCD2CC
15024	#CDD3CD
15025	#CFD5CF
15026	#D0D6D0
15027	#D0D6D0
15028	#D2D8D2
15029	#D5DBD5
15030	#D5DBD5
15031	#D5DBD5
15032	#D5DBD5
15033	#D7DDD7
15034	#D9DFD9
15035	#D8DED8
15036	#D9DFD9
15037	#D8DED8
15038	#D7DDD7
15039	#D7DDD7
15040	#D4DAD4
15041	#D5DBD5
15042	#D4DAD4
15043	#D8DED8
15044	#E4EAE4
15045	#E6ECE6
15046	#E5EBE5
15047	#E5EBE5
15048	#E5EBE5
15049	#E6ECE6
15050	#E8EEE8
15051	#E8EEE8
15052	#E8EEE8
15053	#E6ECE6
15054	#E6ECE6
15055	#E7EDE7
15056	#E7EDE7
15057	#E8EEE8
15058	#E8EEE8
15059	#E5EBE5
15060	#E5EBE5
15061	#E4EAE4
15062	#E2E8E2
15063	#E1E7E1
15064	#E0E6E0
15065	#D4DAD4
15066	#C1C7C1
15067	#BAC0BA
15068	#B7BDB7
15069	#B5BBB5
15070	#B4BAB4
15071	#B7BDB7
15072	#B8BEB8
15073	#B5BBB5
15074	#B3B9B3
15075	#AFB5AF
15076	#A3A9A3
15077	#9AA09A
15078	#969C96
15079	#919791
15080	#909690
15081	#888E88
15082	#848A84
15083	#828882
15084	#858B85
15085	#7F857F
15086	#797F79
15087	#7A807A
15088	#7E847E
15089	#767C76
15090	#6C726C
15091	#6E746E
15092	#777D77
15093	#7C827C
15094	#797F79
15095	#737973
15096	#666C66
15097	#565C56
15098	#4E544E
15099	#464C46
15100	#454B45
15101	#424842
15102	#3F453F
15103	#464C46
15104	#454B45
15105	#464C46
15106	#494F49
15107	#414741
15108	#484E48
15109	#4B514B
15110	#4B514B
15111	#5A605A
15112	#6C726C
15113	#7C827C
15114	#8D938D
15115	#9FA59F
15116	#919791
15117	#757B75
15118	#5B615B
15119	#3B413B
15120	#212721
15121	#000600
15122	#000600
15123	#000500
15124	#141A14
15125	#282E28
15126	#1F251F
15127	#1B211B
15128	#1A201A
15129	#424842
15130	#686E68
15131	#828882
15132	#969C96
15133	#A9AFA9
15134	#B5BBB5
15135	#A0A6A0
15136	#828882
15137	#7F857F
15138	#9BA19B
15139	#A7ADA7
15140	#AFB5AF
15141	#B2B8B2
15142	#B5BBB5
15143	#B7BDB7
15144	#B7BDB7
15145	#BBC1BB
15146	#BEC4BE
15147	#C1C7C1
15148	#C3C9C3
15149	#C5CBC5
15150	#C8CEC8
15151	#C8CEC8
15152	#CAD0CA
15153	#CBD1CB
15154	#CBD1CB
15155	#CCD2CC
15156	#CBD1CB
15157	#CCD2CC
15158	#CAD0CA
15159	#CCD2CC
15160	#CDD3CD
15161	#CDD3CD
15162	#CFD5CF
15163	#D1D7D1
15164	#D2D8D2
15165	#D2D8D2
15166	#D4DAD4
15167	#D4DAD4
15168	#D7DDD7
15169	#D8DED8
15170	#D8DED8
15171	#D9DFD9
15172	#D9DFD9
15173	#DBE1DB
15174	#DCE2DC
15175	#DBE1DB
15176	#DCE2DC
15177	#DBE1DB
15178	#D9DFD9
15179	#D8DED8
15180	#D7DDD7
15181	#D6DCD6
15182	#D7DDD7
15183	#D9DFD9
15184	#E3E9E3
15185	#E6ECE6
15186	#E6ECE6
15187	#E6ECE6
15188	#E6ECE6
15189	#E9EFE9
15190	#E9EFE9
15191	#E9EFE9
15192	#E8EEE8
15193	#E7EDE7
15194	#E6ECE6
15195	#E7EDE7
15196	#E8EEE8
15197	#E9EFE9
15198	#E8EEE8
15199	#E7EDE7
15200	#E7EDE7
15201	#E6ECE6
15202	#E3E9E3
15203	#E1E7E1
15204	#DEE4DE
15205	#D3D9D3
15206	#C3C9C3
15207	#BEC4BE
15208	#BCC2BC
15209	#BBC1BB
15210	#B9BFB9
15211	#B8BEB8
15212	#B6BCB6
15213	#BAC0BA
15214	#BAC0BA
15215	#BAC0BA
15216	#B4BAB4
15217	#AAB0AA
15218	#A3A9A3
15219	#9EA49E
15220	#9DA39D
15221	#919791
15222	#8D938D
15223	#898F89
15224	#8A908A
15225	#848A84
15226	#7C827C
15227	#7A807A
15228	#7D837D
15229	#7D837D
15230	#737973
15231	#717771
15232	#737973
15233	#757B75
15234	#7D837D
15235	#7E847E
15236	#777D77
15237	#666C66
15238	#555B55
15239	#464C46
15240	#404640
15241	#3F453F
15242	#3E443E
15243	#424842
15244	#474D47
15245	#464C46
15246	#434943
15247	#434943
15248	#494F49
15249	#4A504A
15250	#4A504A
15251	#585E58
15252	#6F756F
15253	#7A807A
15254	#929892
15255	#9DA39D
15256	#8F958F
15257	#727872
15258	#585E58
15259	#393F39
15260	#1E241E
15261	#000600
15262	#000600
15263	#000500
15264	#151B15
15265	#292F29
15266	#202620
15267	#1B211B
15268	#181E18
15269	#3C423C
15270	#686E68
15271	#818781
15272	#959B95
15273	#A8AEA8
15274	#B6BCB6
15275	#9EA49E
15276	#858B85
15277	#919791
15278	#A2A8A2
15279	#AEB4AE
15280	#B4BAB4
15281	#B7BDB7
15282	#B9BFB9
15283	#BCC2BC
15284	#BFC5BF
15285	#C0C6C0
15286	#C2C8C2
15287	#C5CBC5
15288	#C7CDC7
15289	#C9CFC9
15290	#CBD1CB
15291	#CCD2CC
15292	#CED4CE
15293	#CED4CE
15294	#CED4CE
15295	#CED4CE
15296	#CED4CE
15297	#CED4CE
15298	#CDD3CD
15299	#CFD5CF
15300	#CFD5CF
15301	#D1D7D1
15302	#D2D8D2
15303	#D4DAD4
15304	#D5DBD5
15305	#D6DCD6
15306	#D8DED8
15307	#D9DFD9
15308	#DAE0DA
15309	#DAE0DA
15310	#DBE1DB
15311	#DDE3DD
15312	#DCE2DC
15313	#DDE3DD
15314	#DEE4DE
15315	#DEE4DE
15316	#DEE4DE
15317	#DDE3DD
15318	#DCE2DC
15319	#DAE0DA
15320	#D8DED8
15321	#D7DDD7
15322	#DAE0DA
15323	#DBE1DB
15324	#E4EAE4
15325	#E7EDE7
15326	#E7EDE7
15327	#E6ECE6
15328	#E8EEE8
15329	#EAF0EA
15330	#E9EFE9
15331	#E9EFE9
15332	#E8EEE8
15333	#E8EEE8
15334	#E7EDE7
15335	#E5EBE5
15336	#E6ECE6
15337	#E7EDE7
15338	#E8EEE8
15339	#E7EDE7
15340	#E7EDE7
15341	#E7EDE7
15342	#E6ECE6
15343	#E4EAE4
15344	#DBE1DB
15345	#D1D7D1
15346	#C5CBC5
15347	#C2C8C2
15348	#C3C9C3
15349	#C2C8C2
15350	#BFC5BF
15351	#BEC4BE
15352	#BEC4BE
15353	#C0C6C0
15354	#C2C8C2
15355	#C4CAC4
15356	#BEC4BE
15357	#B6BCB6
15358	#ACB2AC
15359	#A8AEA8
15360	#A7ADA7
15361	#9EA49E
15362	#999F99
15363	#979D97
15364	#969C96
15365	#969C96
15366	#909690
15367	#8B918B
15368	#868C86
15369	#878D87
15370	#818781
15371	#787E78
15372	#777D77
15373	#787E78
15374	#7A807A
15375	#818781
15376	#7E847E
15377	#737973
15378	#6C726C
15379	#595F59
15380	#414741
15381	#3A403A
15382	#3C423C
15383	#3E443E
15384	#444A44
15385	#484E48
15386	#434943
15387	#4D534D
15388	#494F49
15389	#4D534D
15390	#4D534D
15391	#565C56
15392	#6E746E
15393	#7C827C
15394	#979D97
15395	#9CA29C
15396	#8C928C
15397	#6D736D
15398	#535953
15399	#363C36
15400	#191F19
15401	#000600
15402	#000600
15403	#000500
15404	#151B15
15405	#292F29
15406	#202620
15407	#1C221C
15408	#171D17
15409	#343A34
15410	#666C66
15411	#7F857F
15412	#959B95
15413	#A8AEA8
15414	#B5BBB5
15415	#9DA39D
15416	#909690
15417	#9DA39D
15418	#A7ADA7
15419	#B2B8B2
15420	#BAC0BA
15421	#BDC3BD
15422	#BFC5BF
15423	#C1C7C1
15424	#C3C9C3
15425	#C3C9C3
15426	#C6CCC6
15427	#C9CFC9
15428	#CCD2CC
15429	#CDD3CD
15430	#CFD5CF
15431	#D1D7D1
15432	#D0D6D0
15433	#CFD5CF
15434	#D0D6D0
15435	#D0D6D0
15436	#D0D6D0
15437	#D0D6D0
15438	#D0D6D0
15439	#D2D8D2
15440	#D3D9D3
15441	#D4DAD4
15442	#D6DCD6
15443	#D7DDD7
15444	#D8DED8
15445	#D9DFD9
15446	#DBE1DB
15447	#DCE2DC
15448	#DCE2DC
15449	#DCE2DC
15450	#DFE5DF
15451	#DFE5DF
15452	#DFE5DF
15453	#E0E6E0
15454	#E1E7E1
15455	#E0E6E0
15456	#E0E6E0
15457	#DEE4DE
15458	#DEE4DE
15459	#DCE2DC
15460	#DBE1DB
15461	#DAE0DA
15462	#DCE2DC
15463	#DFE5DF
15464	#E4EAE4
15465	#E7EDE7
15466	#E7EDE7
15467	#E8EEE8
15468	#E9EFE9
15469	#EBF1EB
15470	#EAF0EA
15471	#E9EFE9
15472	#E7EDE7
15473	#E5EBE5
15474	#E5EBE5
15475	#E3E9E3
15476	#E4EAE4
15477	#E4EAE4
15478	#E6ECE6
15479	#E8EEE8
15480	#E8EEE8
15481	#E8EEE8
15482	#E7EDE7
15483	#E4EAE4
15484	#D9DFD9
15485	#D0D6D0
15486	#C9CFC9
15487	#C6CCC6
15488	#C7CDC7
15489	#C6CCC6
15490	#C6CCC6
15491	#C5CBC5
15492	#C6CCC6
15493	#C5CBC5
15494	#C3C9C3
15495	#C1C7C1
15496	#BAC0BA
15497	#B4BAB4
15498	#B1B7B1
15499	#AAB0AA
15500	#9EA49E
15501	#959B95
15502	#929892
15503	#929892
15504	#909690
15505	#939993
15506	#959B95
15507	#9AA09A
15508	#9BA19B
15509	#979D97
15510	#959B95
15511	#8D938D
15512	#878D87
15513	#858B85
15514	#868C86
15515	#8B918B
15516	#909690
15517	#868C86
15518	#7F857F
15519	#767C76
15520	#606660
15521	#474D47
15522	#3F453F
15523	#3D433D
15524	#3D433D
15525	#444A44
15526	#4A504A
15527	#505650
15528	#4B514B
15529	#4B514B
15530	#4C524C
15531	#545A54
15532	#696F69
15533	#828882
15534	#9CA29C
15535	#9BA19B
15536	#898F89
15537	#686E68
15538	#4F554F
15539	#333933
15540	#161C16
15541	#000600
15542	#000600
15543	#000500
15544	#161C16
15545	#2A302A
15546	#202620
15547	#1D231D
15548	#181E18
15549	#2D332D
15550	#636963
15551	#7E847E
15552	#939993
15553	#A7ADA7
15554	#B4BAB4
15555	#A0A6A0
15556	#9BA19B
15557	#A4AAA4
15558	#ADB3AD
15559	#B7BDB7
15560	#BDC3BD
15561	#C0C6C0
15562	#C1C7C1
15563	#C4CAC4
15564	#C6CCC6
15565	#C8CEC8
15566	#CAD0CA
15567	#CED4CE
15568	#CFD5CF
15569	#D1D7D1
15570	#D1D7D1
15571	#D2D8D2
15572	#D2D8D2
15573	#D1D7D1
15574	#D2D8D2
15575	#D3D9D3
15576	#D3D9D3
15577	#D2D8D2
15578	#D3D9D3
15579	#D4DAD4
15580	#D5DBD5
15581	#D7DDD7
15582	#D8DED8
15583	#D9DFD9
15584	#DBE1DB
15585	#DBE1DB
15586	#DDE3DD
15587	#DEE4DE
15588	#DEE4DE
15589	#DFE5DF
15590	#E1E7E1
15591	#E1E7E1
15592	#E2E8E2
15593	#E3E9E3
15594	#E3E9E3
15595	#E1E7E1
15596	#E1E7E1
15597	#E1E7E1
15598	#E0E6E0
15599	#DEE4DE
15600	#DDE3DD
15601	#DCE2DC
15602	#DDE3DD
15603	#E1E7E1
15604	#E5EBE5
15605	#E9EFE9
15606	#E9EFE9
15607	#E8EEE8
15608	#E9EFE9
15609	#E9EFE9
15610	#EAF0EA
15611	#E8EEE8
15612	#E5EBE5
15613	#E4EAE4
15614	#E5EBE5
15615	#E4EAE4
15616	#E5EBE5
15617	#E4EAE4
15618	#E5EBE5
15619	#E6ECE6
15620	#E7EDE7
15621	#E7EDE7
15622	#E6ECE6
15623	#E3E9E3
15624	#D8DED8
15625	#CFD5CF
15626	#CCD2CC
15627	#CCD2CC
15628	#CCD2CC
15629	#CBD1CB
15630	#CBD1CB
15631	#CAD0CA
15632	#C9CFC9
15633	#C4CAC4
15634	#BFC5BF
15635	#BBC1BB
15636	#BBC1BB
15637	#B4BAB4
15638	#AFB5AF
15639	#ABB1AB
15640	#9FA59F
15641	#959B95
15642	#979D97
15643	#999F99
15644	#939993
15645	#939993
15646	#969C96
15647	#9AA09A
15648	#9DA39D
15649	#A1A7A1
15650	#A1A7A1
15651	#9CA29C
15652	#989E98
15653	#939993
15654	#919791
15655	#979D97
15656	#9EA49E
15657	#949A94
15658	#8A908A
15659	#878D87
15660	#818781
15661	#6D736D
15662	#5C625C
15663	#4E544E
15664	#3F453F
15665	#414741
15666	#4B514B
15667	#4E544E
15668	#505650
15669	#4F554F
15670	#4E544E
15671	#505650
15672	#666C66
15673	#888E88
15674	#9FA59F
15675	#999F99
15676	#838983
15677	#636963
15678	#4C524C
15679	#2E342E
15680	#131913
15681	#000600
15682	#000600
15683	#000500
15684	#161C16
15685	#2B312B
15686	#202620
15687	#1D231D
15688	#191F19
15689	#272D27
15690	#606660
15691	#7B817B
15692	#929892
15693	#A8AEA8
15694	#B6BCB6
15695	#A7ADA7
15696	#A3A9A3
15697	#A8AEA8
15698	#B1B7B1
15699	#BAC0BA
15700	#C1C7C1
15701	#C3C9C3
15702	#C5CBC5
15703	#C8CEC8
15704	#C9CFC9
15705	#CCD2CC
15706	#CED4CE
15707	#D0D6D0
15708	#D0D6D0
15709	#D3D9D3
15710	#D4DAD4
15711	#D4DAD4
15712	#D3D9D3
15713	#D2D8D2
15714	#D5DBD5
15715	#D4DAD4
15716	#D4DAD4
15717	#D6DCD6
15718	#D6DCD6
15719	#D7DDD7
15720	#D9DFD9
15721	#DAE0DA
15722	#DAE0DA
15723	#DCE2DC
15724	#DCE2DC
15725	#DEE4DE
15726	#DFE5DF
15727	#E0E6E0
15728	#E0E6E0
15729	#E1E7E1
15730	#E2E8E2
15731	#E3E9E3
15732	#E2E8E2
15733	#E3E9E3
15734	#E4EAE4
15735	#E3E9E3
15736	#E3E9E3
15737	#E3E9E3
15738	#E2E8E2
15739	#E0E6E0
15740	#DEE4DE
15741	#DEE4DE
15742	#DEE4DE
15743	#E3E9E3
15744	#E6ECE6
15745	#EAF0EA
15746	#EAF0EA
15747	#E9EFE9
15748	#E8EEE8
15749	#E9EFE9
15750	#E9EFE9
15751	#E8EEE8
15752	#E5EBE5
15753	#E5EBE5
15754	#E5EBE5
15755	#E5EBE5
15756	#E6ECE6
15757	#E4EAE4
15758	#E5EBE5
15759	#E7EDE7
15760	#E6ECE6
15761	#E6ECE6
15762	#E5EBE5
15763	#E2E8E2
15764	#D8DED8
15765	#D0D6D0
15766	#CED4CE
15767	#D1D7D1
15768	#D2D8D2
15769	#D2D8D2
15770	#D1D7D1
15771	#D0D6D0
15772	#CCD2CC
15773	#C5CBC5
15774	#C0C6C0
15775	#BDC3BD
15776	#B7BDB7
15777	#B6BCB6
15778	#B4BAB4
15779	#B4BAB4
15780	#AFB5AF
15781	#A4AAA4
15782	#A2A8A2
15783	#A3A9A3
15784	#9FA59F
15785	#9BA19B
15786	#9EA49E
15787	#A5ABA5
15788	#A6ACA6
15789	#A8AEA8
15790	#A9AFA9
15791	#A5ABA5
15792	#A0A6A0
15793	#9DA39D
15794	#9AA09A
15795	#9EA49E
15796	#9DA39D
15797	#989E98
15798	#959B95
15799	#8B918B
15800	#888E88
15801	#848A84
15802	#707670
15803	#646A64
15804	#4E544E
15805	#444A44
15806	#494F49
15807	#4C524C
15808	#4F554F
15809	#4F554F
15810	#515751
15811	#505650
15812	#656B65
15813	#8C928C
15814	#A0A6A0
15815	#979D97
15816	#7F857F
15817	#606660
15818	#484E48
15819	#292F29
15820	#111711
15821	#000600
15822	#000600
15823	#000500
15824	#171D17
15825	#2B312B
15826	#212721
15827	#1E241E
15828	#1A201A
15829	#232923
15830	#5A605A
15831	#797F79
15832	#909690
15833	#A8AEA8
15834	#B4BAB4
15835	#A7ADA7
15836	#A8AEA8
15837	#AEB4AE
15838	#B7BDB7
15839	#BDC3BD
15840	#C3C9C3
15841	#C6CCC6
15842	#C8CEC8
15843	#CAD0CA
15844	#CCD2CC
15845	#D0D6D0
15846	#D2D8D2
15847	#D2D8D2
15848	#D3D9D3
15849	#D4DAD4
15850	#D5DBD5
15851	#D5DBD5
15852	#D5DBD5
15853	#D5DBD5
15854	#D7DDD7
15855	#D7DDD7
15856	#D7DDD7
15857	#D8DED8
15858	#D7DDD7
15859	#D9DFD9
15860	#DCE2DC
15861	#DDE3DD
15862	#DDE3DD
15863	#DFE5DF
15864	#DFE5DF
15865	#E1E7E1
15866	#E1E7E1
15867	#E2E8E2
15868	#E3E9E3
15869	#E3E9E3
15870	#E3E9E3
15871	#E4EAE4
15872	#E4EAE4
15873	#E4EAE4
15874	#E4EAE4
15875	#E4EAE4
15876	#E4EAE4
15877	#E4EAE4
15878	#E5EBE5
15879	#E3E9E3
15880	#E1E7E1
15881	#E1E7E1
15882	#E2E8E2
15883	#E7EDE7
15884	#E7EDE7
15885	#E9EFE9
15886	#EAF0EA
15887	#E9EFE9
15888	#E9EFE9
15889	#EAF0EA
15890	#EAF0EA
15891	#EAF0EA
15892	#E8EEE8
15893	#E6ECE6
15894	#E6ECE6
15895	#E7EDE7
15896	#E8EEE8
15897	#E6ECE6
15898	#E6ECE6
15899	#E7EDE7
15900	#E6ECE6
15901	#E5EBE5
15902	#E4EAE4
15903	#E0E6E0
15904	#D9DFD9
15905	#D5DBD5
15906	#D4DAD4
15907	#D4DAD4
15908	#D4DAD4
15909	#D3D9D3
15910	#D1D7D1
15911	#D1D7D1
15912	#D0D6D0
15913	#CCD2CC
15914	#CAD0CA
15915	#C7CDC7
15916	#C2C8C2
15917	#C4CAC4
15918	#C7CDC7
15919	#C5CBC5
15920	#C3C9C3
15921	#BFC5BF
15922	#B7BDB7
15923	#B6BCB6
15924	#B4BAB4
15925	#B4BAB4
15926	#B3B9B3
15927	#B4BAB4
15928	#B3B9B3
15929	#B1B7B1
15930	#AEB4AE
15931	#ABB1AB
15932	#A7ADA7
15933	#A2A8A2
15934	#9EA49E
15935	#9AA09A
15936	#9BA19B
15937	#9CA29C
15938	#9BA19B
15939	#949A94
15940	#8B918B
15941	#8A908A
15942	#7C827C
15943	#707670
15944	#6B716B
15945	#5C625C
15946	#4B514B
15947	#4A504A
15948	#515751
15949	#4E544E
15950	#4D534D
15951	#505650
15952	#656B65
15953	#909690
15954	#A2A8A2
15955	#959B95
15956	#787E78
15957	#5E645E
15958	#464C46
15959	#232923
15960	#111711
15961	#000600
15962	#000600
15963	#000500
15964	#171D17
15965	#2B312B
15966	#222822
15967	#1F251F
15968	#1B211B
15969	#1F251F
15970	#545A54
15971	#787E78
15972	#8F958F
15973	#A6ACA6
15974	#B3B9B3
15975	#A9AFA9
15976	#ACB2AC
15977	#B5BBB5
15978	#BAC0BA
15979	#C0C6C0
15980	#C5CBC5
15981	#C9CFC9
15982	#CBD1CB
15983	#CDD3CD
15984	#D1D7D1
15985	#D2D8D2
15986	#D4DAD4
15987	#D5DBD5
15988	#D6DCD6
15989	#D6DCD6
15990	#D6DCD6
15991	#D6DCD6
15992	#D7DDD7
15993	#D8DED8
15994	#D9DFD9
15995	#D9DFD9
15996	#D9DFD9
15997	#DAE0DA
15998	#DAE0DA
15999	#DBE1DB
16000	#DEE4DE
16001	#DEE4DE
16002	#DEE4DE
16003	#E0E6E0
16004	#E1E7E1
16005	#E2E8E2
16006	#E3E9E3
16007	#E3E9E3
16008	#E4EAE4
16009	#E4EAE4
16010	#E5EBE5
16011	#E5EBE5
16012	#E4EAE4
16013	#E4EAE4
16014	#E4EAE4
16015	#E5EBE5
16016	#E6ECE6
16017	#E6ECE6
16018	#E5EBE5
16019	#E6ECE6
16020	#E6ECE6
16021	#E4EAE4
16022	#E6ECE6
16023	#E8EEE8
16024	#EAF0EA
16025	#E9EFE9
16026	#EAF0EA
16027	#ECF2EC
16028	#EBF1EB
16029	#EAF0EA
16030	#EAF0EA
16031	#EAF0EA
16032	#E9EFE9
16033	#E8EEE8
16034	#E8EEE8
16035	#EAF0EA
16036	#E9EFE9
16037	#E8EEE8
16038	#E8EEE8
16039	#E7EDE7
16040	#E6ECE6
16041	#E6ECE6
16042	#E3E9E3
16043	#DEE4DE
16044	#DBE1DB
16045	#DAE0DA
16046	#DAE0DA
16047	#D9DFD9
16048	#D6DCD6
16049	#D4DAD4
16050	#D4DAD4
16051	#D3D9D3
16052	#D1D7D1
16053	#CED4CE
16054	#D1D7D1
16055	#CFD5CF
16056	#CED4CE
16057	#CDD3CD
16058	#CDD3CD
16059	#CBD1CB
16060	#CAD0CA
16061	#C8CEC8
16062	#C5CBC5
16063	#C1C7C1
16064	#BDC3BD
16065	#BBC1BB
16066	#BBC1BB
16067	#B8BEB8
16068	#B7BDB7
16069	#B6BCB6
16070	#B2B8B2
16071	#AFB5AF
16072	#ACB2AC
16073	#A8AEA8
16074	#A3A9A3
16075	#9FA59F
16076	#9DA39D
16077	#9FA59F
16078	#A1A7A1
16079	#9FA59F
16080	#979D97
16081	#929892
16082	#8B918B
16083	#7C827C
16084	#797F79
16085	#737973
16086	#5C625C
16087	#474D47
16088	#4D534D
16089	#505650
16090	#4C524C
16091	#505650
16092	#686E68
16093	#959B95
16094	#A4AAA4
16095	#909690
16096	#737973
16097	#5A605A
16098	#424842
16099	#1E241E
16100	#111711
16101	#000600
16102	#000600
16103	#000500
16104	#171D17
16105	#2B312B
16106	#222822
16107	#1F251F
16108	#1B211B
16109	#1C221C
16110	#4D534D
16111	#737973
16112	#8D938D
16113	#A4AAA4
16114	#B0B6B0
16115	#ACB2AC
16116	#B2B8B2
16117	#BAC0BA
16118	#BEC4BE
16119	#C2C8C2
16120	#C5CBC5
16121	#C9CFC9
16122	#CCD2CC
16123	#CFD5CF
16124	#D3D9D3
16125	#D4DAD4
16126	#D6DCD6
16127	#D6DCD6
16128	#D6DCD6
16129	#D7DDD7
16130	#D7DDD7
16131	#D7DDD7
16132	#D9DFD9
16133	#DAE0DA
16134	#DAE0DA
16135	#DBE1DB
16136	#DBE1DB
16137	#DCE2DC
16138	#DDE3DD
16139	#DEE4DE
16140	#DFE5DF
16141	#DFE5DF
16142	#E0E6E0
16143	#E1E7E1
16144	#E2E8E2
16145	#E2E8E2
16146	#E3E9E3
16147	#E4EAE4
16148	#E3E9E3
16149	#E4EAE4
16150	#E5EBE5
16151	#E5EBE5
16152	#E5EBE5
16153	#E5EBE5
16154	#E5EBE5
16155	#E6ECE6
16156	#E7EDE7
16157	#E6ECE6
16158	#E6ECE6
16159	#E6ECE6
16160	#E8EEE8
16161	#E7EDE7
16162	#E9EFE9
16163	#EAF0EA
16164	#EAF0EA
16165	#EAF0EA
16166	#EAF0EA
16167	#ECF2EC
16168	#ECF2EC
16169	#EBF1EB
16170	#EAF0EA
16171	#EAF0EA
16172	#E8EEE8
16173	#E7EDE7
16174	#E9EFE9
16175	#EAF0EA
16176	#EAF0EA
16177	#E7EDE7
16178	#E8EEE8
16179	#E8EEE8
16180	#E8EEE8
16181	#E7EDE7
16182	#E2E8E2
16183	#DEE4DE
16184	#DDE3DD
16185	#DEE4DE
16186	#DEE4DE
16187	#DEE4DE
16188	#DCE2DC
16189	#DAE0DA
16190	#D9DFD9
16191	#D8DED8
16192	#D6DCD6
16193	#D4DAD4
16194	#D4DAD4
16195	#D4DAD4
16196	#D2D8D2
16197	#D1D7D1
16198	#D0D6D0
16199	#D1D7D1
16200	#D0D6D0
16201	#CED4CE
16202	#CAD0CA
16203	#C6CCC6
16204	#C1C7C1
16205	#BDC3BD
16206	#BDC3BD
16207	#BCC2BC
16208	#BAC0BA
16209	#BAC0BA
16210	#B8BEB8
16211	#B3B9B3
16212	#B0B6B0
16213	#AEB4AE
16214	#AAB0AA
16215	#A5ABA5
16216	#A0A6A0
16217	#A2A8A2
16218	#A5ABA5
16219	#A6ACA6
16220	#A0A6A0
16221	#999F99
16222	#959B95
16223	#8F958F
16224	#828882
16225	#7C827C
16226	#717771
16227	#515751
16228	#4B514B
16229	#4E544E
16230	#4D534D
16231	#525852
16232	#6C726C
16233	#989E98
16234	#A5ABA5
16235	#8B918B
16236	#6F756F
16237	#565C56
16238	#3E443E
16239	#191F19
16240	#111711
16241	#000600
16242	#000600
16243	#000500
16244	#161C16
16245	#2B312B
16246	#222822
16247	#1F251F
16248	#1C221C
16249	#1A201A
16250	#454B45
16251	#707670
16252	#898F89
16253	#A2A8A2
16254	#AEB4AE
16255	#B3B9B3
16256	#B7BDB7
16257	#BCC2BC
16258	#C0C6C0
16259	#C3C9C3
16260	#C7CDC7
16261	#CBD1CB
16262	#CFD5CF
16263	#D2D8D2
16264	#D5DBD5
16265	#D7DDD7
16266	#D7DDD7
16267	#D7DDD7
16268	#D8DED8
16269	#D9DFD9
16270	#D9DFD9
16271	#DAE0DA
16272	#DBE1DB
16273	#DCE2DC
16274	#DBE1DB
16275	#DDE3DD
16276	#DDE3DD
16277	#DEE4DE
16278	#E0E6E0
16279	#E0E6E0
16280	#E1E7E1
16281	#E1E7E1
16282	#E2E8E2
16283	#E3E9E3
16284	#E3E9E3
16285	#E4EAE4
16286	#E4EAE4
16287	#E4EAE4
16288	#E5EBE5
16289	#E5EBE5
16290	#E6ECE6
16291	#E6ECE6
16292	#E5EBE5
16293	#E6ECE6
16294	#E7EDE7
16295	#E7EDE7
16296	#E7EDE7
16297	#E8EEE8
16298	#E7EDE7
16299	#E7EDE7
16300	#E8EEE8
16301	#E8EEE8
16302	#EBF1EB
16303	#EBF1EB
16304	#EAF0EA
16305	#EAF0EA
16306	#EAF0EA
16307	#EAF0EA
16308	#EAF0EA
16309	#EBF1EB
16310	#EBF1EB
16311	#EAF0EA
16312	#E8EEE8
16313	#E9EFE9
16314	#E9EFE9
16315	#EAF0EA
16316	#EAF0EA
16317	#E8EEE8
16318	#E8EEE8
16319	#E8EEE8
16320	#EAF0EA
16321	#E8EEE8
16322	#E4EAE4
16323	#E0E6E0
16324	#DFE5DF
16325	#E0E6E0
16326	#E1E7E1
16327	#E2E8E2
16328	#E1E7E1
16329	#DFE5DF
16330	#DDE3DD
16331	#DBE1DB
16332	#DAE0DA
16333	#D8DED8
16334	#D8DED8
16335	#D7DDD7
16336	#D5DBD5
16337	#D3D9D3
16338	#D4DAD4
16339	#D4DAD4
16340	#D3D9D3
16341	#D2D8D2
16342	#CED4CE
16343	#CCD2CC
16344	#C7CDC7
16345	#C4CAC4
16346	#C2C8C2
16347	#C1C7C1
16348	#BDC3BD
16349	#BBC1BB
16350	#BAC0BA
16351	#B8BEB8
16352	#B6BCB6
16353	#B4BAB4
16354	#AEB4AE
16355	#ABB1AB
16356	#A6ACA6
16357	#A4AAA4
16358	#A6ACA6
16359	#A9AFA9
16360	#AAB0AA
16361	#A3A9A3
16362	#A0A6A0
16363	#999F99
16364	#8E948E
16365	#858B85
16366	#7D837D
16367	#676D67
16368	#4D534D
16369	#4F554F
16370	#4E544E
16371	#575D57
16372	#6F756F
16373	#9EA49E
16374	#A4AAA4
16375	#858B85
16376	#6C726C
16377	#525852
16378	#393F39
16379	#151B15
16380	#131913
16381	#000600
16382	#000600
16383	#000500
16384	#161C16
16385	#2C322C
16386	#232923
16387	#202620
16388	#1D231D
16389	#1A201A
16390	#3C423C
16391	#6D736D
16392	#868C86
16393	#A0A6A0
16394	#ADB3AD
16395	#B3B9B3
16396	#B7BDB7
16397	#BEC4BE
16398	#C2C8C2
16399	#C4CAC4
16400	#C8CEC8
16401	#CBD1CB
16402	#D1D7D1
16403	#D4DAD4
16404	#D7DDD7
16405	#D7DDD7
16406	#D8DED8
16407	#D9DFD9
16408	#DAE0DA
16409	#DAE0DA
16410	#DCE2DC
16411	#DCE2DC
16412	#DDE3DD
16413	#DEE4DE
16414	#DEE4DE
16415	#E0E6E0
16416	#E0E6E0
16417	#E0E6E0
16418	#E1E7E1
16419	#E0E6E0
16420	#E2E8E2
16421	#E3E9E3
16422	#E4EAE4
16423	#E4EAE4
16424	#E3E9E3
16425	#E6ECE6
16426	#E5EBE5
16427	#E5EBE5
16428	#E6ECE6
16429	#E6ECE6
16430	#E5EBE5
16431	#E5EBE5
16432	#E6ECE6
16433	#E7EDE7
16434	#E8EEE8
16435	#E9EFE9
16436	#E8EEE8
16437	#E8EEE8
16438	#E8EEE8
16439	#E8EEE8
16440	#E9EFE9
16441	#E9EFE9
16442	#E9EFE9
16443	#EAF0EA
16444	#EAF0EA
16445	#E9EFE9
16446	#EAF0EA
16447	#E9EFE9
16448	#E9EFE9
16449	#E9EFE9
16450	#EBF1EB
16451	#EBF1EB
16452	#E9EFE9
16453	#EBF1EB
16454	#EAF0EA
16455	#E8EEE8
16456	#EAF0EA
16457	#EAF0EA
16458	#EAF0EA
16459	#E8EEE8
16460	#E9EFE9
16461	#E7EDE7
16462	#E4EAE4
16463	#E2E8E2
16464	#E1E7E1
16465	#E2E8E2
16466	#E3E9E3
16467	#E3E9E3
16468	#E3E9E3
16469	#E1E7E1
16470	#E0E6E0
16471	#DEE4DE
16472	#DBE1DB
16473	#DCE2DC
16474	#DBE1DB
16475	#D9DFD9
16476	#D9DFD9
16477	#D6DCD6
16478	#D4DAD4
16479	#D5DBD5
16480	#D5DBD5
16481	#D5DBD5
16482	#D2D8D2
16483	#D1D7D1
16484	#CFD5CF
16485	#CAD0CA
16486	#C7CDC7
16487	#C6CCC6
16488	#C2C8C2
16489	#BFC5BF
16490	#BCC2BC
16491	#BCC2BC
16492	#BDC3BD
16493	#B8BEB8
16494	#B2B8B2
16495	#B0B6B0
16496	#ACB2AC
16497	#AAB0AA
16498	#A9AFA9
16499	#AEB4AE
16500	#AFB5AF
16501	#AEB4AE
16502	#ACB2AC
16503	#A5ABA5
16504	#989E98
16505	#909690
16506	#848A84
16507	#7A807A
16508	#595F59
16509	#4C524C
16510	#515751
16511	#5D635D
16512	#727872
16513	#A1A7A1
16514	#9EA49E
16515	#818781
16516	#686E68
16517	#4E544E
16518	#323832
16519	#121812
16520	#141A14
16521	#000600
16522	#000600
16523	#000500
16524	#161C16
16525	#2D332D
16526	#242A24
16527	#212721
16528	#1E241E
16529	#1A201A
16530	#323832
16531	#666C66
16532	#818781
16533	#9CA29C
16534	#ADB3AD
16535	#B1B7B1
16536	#B5BBB5
16537	#BEC4BE
16538	#C4CAC4
16539	#C7CDC7
16540	#C9CFC9
16541	#CDD3CD
16542	#D2D8D2
16543	#D5DBD5
16544	#D7DDD7
16545	#D8DED8
16546	#DAE0DA
16547	#DAE0DA
16548	#DAE0DA
16549	#DBE1DB
16550	#DDE3DD
16551	#DDE3DD
16552	#DEE4DE
16553	#DFE5DF
16554	#E0E6E0
16555	#DFE5DF
16556	#E1E7E1
16557	#E1E7E1
16558	#E1E7E1
16559	#E1E7E1
16560	#E2E8E2
16561	#E4EAE4
16562	#E3E9E3
16563	#E4EAE4
16564	#E5EBE5
16565	#E5EBE5
16566	#E6ECE6
16567	#E6ECE6
16568	#E7EDE7
16569	#E6ECE6
16570	#E6ECE6
16571	#E6ECE6
16572	#E6ECE6
16573	#E8EEE8
16574	#E8EEE8
16575	#E9EFE9
16576	#E8EEE8
16577	#E8EEE8
16578	#E9EFE9
16579	#E9EFE9
16580	#E9EFE9
16581	#E8EEE8
16582	#E8EEE8
16583	#E9EFE9
16584	#EAF0EA
16585	#E8EEE8
16586	#E9EFE9
16587	#E9EFE9
16588	#E9EFE9
16589	#EAF0EA
16590	#EAF0EA
16591	#E8EEE8
16592	#E8EEE8
16593	#EAF0EA
16594	#EAF0EA
16595	#E9EFE9
16596	#EAF0EA
16597	#E9EFE9
16598	#E9EFE9
16599	#EAF0EA
16600	#E8EEE8
16601	#E6ECE6
16602	#E5EBE5
16603	#E3E9E3
16604	#E3E9E3
16605	#E2E8E2
16606	#E3E9E3
16607	#E3E9E3
16608	#E3E9E3
16609	#E2E8E2
16610	#E1E7E1
16611	#DFE5DF
16612	#DEE4DE
16613	#DEE4DE
16614	#DCE2DC
16615	#DBE1DB
16616	#DAE0DA
16617	#D9DFD9
16618	#D7DDD7
16619	#D6DCD6
16620	#D7DDD7
16621	#D6DCD6
16622	#D4DAD4
16623	#D3D9D3
16624	#D1D7D1
16625	#CFD5CF
16626	#CCD2CC
16627	#C9CFC9
16628	#C6CCC6
16629	#C3C9C3
16630	#C1C7C1
16631	#BEC4BE
16632	#BFC5BF
16633	#BBC1BB
16634	#B7BDB7
16635	#B4BAB4
16636	#B2B8B2
16637	#AFB5AF
16638	#AEB4AE
16639	#B0B6B0
16640	#B2B8B2
16641	#B3B9B3
16642	#B4BAB4
16643	#AFB5AF
16644	#A1A7A1
16645	#9AA09A
16646	#909690
16647	#848A84
16648	#6C726C
16649	#4E544E
16650	#545A54
16651	#626862
16652	#747A74
16653	#A3A9A3
16654	#979D97
16655	#7E847E
16656	#626862
16657	#494F49
16658	#2A302A
16659	#111711
16660	#141A14
16661	#000600
16662	#000600
16663	#000500
16664	#161C16
16665	#2D332D
16666	#252B25
16667	#212721
16668	#1E241E
16669	#1B211B
16670	#292F29
16671	#5D635D
16672	#7D837D
16673	#989E98
16674	#ABB1AB
16675	#B2B8B2
16676	#B5BBB5
16677	#BEC4BE
16678	#C4CAC4
16679	#C7CDC7
16680	#CBD1CB
16681	#D0D6D0
16682	#D3D9D3
16683	#D5DBD5
16684	#D7DDD7
16685	#D8DED8
16686	#DBE1DB
16687	#DAE0DA
16688	#DDE3DD
16689	#DDE3DD
16690	#DDE3DD
16691	#DEE4DE
16692	#E0E6E0
16693	#E0E6E0
16694	#E0E6E0
16695	#E1E7E1
16696	#E2E8E2
16697	#E2E8E2
16698	#E3E9E3
16699	#E2E8E2
16700	#E4EAE4
16701	#E4EAE4
16702	#E5EBE5
16703	#E6ECE6
16704	#E5EBE5
16705	#E7EDE7
16706	#E6ECE6
16707	#E7EDE7
16708	#E7EDE7
16709	#E7EDE7
16710	#E8EEE8
16711	#E8EEE8
16712	#E8EEE8
16713	#E8EEE8
16714	#E9EFE9
16715	#E9EFE9
16716	#E9EFE9
16717	#E8EEE8
16718	#E9EFE9
16719	#E9EFE9
16720	#E8EEE8
16721	#E8EEE8
16722	#E9EFE9
16723	#EAF0EA
16724	#EAF0EA
16725	#EAF0EA
16726	#EAF0EA
16727	#EBF1EB
16728	#ECF2EC
16729	#ECF2EC
16730	#EAF0EA
16731	#EAF0EA
16732	#EAF0EA
16733	#EAF0EA
16734	#E8EEE8
16735	#E9EFE9
16736	#EAF0EA
16737	#E8EEE8
16738	#EAF0EA
16739	#EAF0EA
16740	#E8EEE8
16741	#E6ECE6
16742	#E4EAE4
16743	#E3E9E3
16744	#E2E8E2
16745	#E2E8E2
16746	#E3E9E3
16747	#E3E9E3
16748	#E2E8E2
16749	#E2E8E2
16750	#E2E8E2
16751	#E1E7E1
16752	#DFE5DF
16753	#DFE5DF
16754	#DDE3DD
16755	#DDE3DD
16756	#DBE1DB
16757	#DAE0DA
16758	#DAE0DA
16759	#D8DED8
16760	#D8DED8
16761	#D8DED8
16762	#D8DED8
16763	#D6DCD6
16764	#D4DAD4
16765	#D2D8D2
16766	#D1D7D1
16767	#CDD3CD
16768	#CAD0CA
16769	#C8CEC8
16770	#C5CBC5
16771	#C2C8C2
16772	#C1C7C1
16773	#C0C6C0
16774	#BDC3BD
16775	#B8BEB8
16776	#B5BBB5
16777	#B4BAB4
16778	#B2B8B2
16779	#B3B9B3
16780	#B6BCB6
16781	#B7BDB7
16782	#B7BDB7
16783	#B5BBB5
16784	#ABB1AB
16785	#A1A7A1
16786	#9BA19B
16787	#8D938D
16788	#7A807A
16789	#585E58
16790	#5A605A
16791	#636963
16792	#7A807A
16793	#A4AAA4
16794	#929892
16795	#7A807A
16796	#5D635D
16797	#434943
16798	#212721
16799	#121812
16800	#151B15
16801	#000600
16802	#000600
16803	#000500
16804	#161C16
16805	#2D332D
16806	#252B25
16807	#222822
16808	#1F251F
16809	#1C221C
16810	#222822
16811	#535953
16812	#797F79
16813	#939993
16814	#A9AFA9
16815	#B1B7B1
16816	#B4BAB4
16817	#BCC2BC
16818	#C3C9C3
16819	#C9CFC9
16820	#CDD3CD
16821	#D2D8D2
16822	#D4DAD4
16823	#D4DAD4
16824	#D8DED8
16825	#D9DFD9
16826	#DAE0DA
16827	#DBE1DB
16828	#DBE1DB
16829	#DDE3DD
16830	#DFE5DF
16831	#DFE5DF
16832	#DFE5DF
16833	#E0E6E0
16834	#E1E7E1
16835	#E1E7E1
16836	#E2E8E2
16837	#E2E8E2
16838	#E3E9E3
16839	#E4EAE4
16840	#E4EAE4
16841	#E5EBE5
16842	#E5EBE5
16843	#E6ECE6
16844	#E6ECE6
16845	#E6ECE6
16846	#E7EDE7
16847	#E7EDE7
16848	#E8EEE8
16849	#E8EEE8
16850	#E7EDE7
16851	#E7EDE7
16852	#E8EEE8
16853	#E9EFE9
16854	#E9EFE9
16855	#EAF0EA
16856	#E9EFE9
16857	#E9EFE9
16858	#E9EFE9
16859	#E9EFE9
16860	#E8EEE8
16861	#E8EEE8
16862	#EAF0EA
16863	#EAF0EA
16864	#EAF0EA
16865	#EBF1EB
16866	#ECF2EC
16867	#EEF4EE
16868	#EEF4EE
16869	#EDF3ED
16870	#EBF1EB
16871	#EBF1EB
16872	#EBF1EB
16873	#ECF2EC
16874	#EBF1EB
16875	#EBF1EB
16876	#EBF1EB
16877	#E9EFE9
16878	#E9EFE9
16879	#E8EEE8
16880	#E8EEE8
16881	#E6ECE6
16882	#E4EAE4
16883	#E2E8E2
16884	#E3E9E3
16885	#E1E7E1
16886	#E3E9E3
16887	#E3E9E3
16888	#E3E9E3
16889	#E2E8E2
16890	#E2E8E2
16891	#E1E7E1
16892	#E1E7E1
16893	#E0E6E0
16894	#DFE5DF
16895	#DEE4DE
16896	#DDE3DD
16897	#DCE2DC
16898	#DBE1DB
16899	#D9DFD9
16900	#D9DFD9
16901	#D9DFD9
16902	#D7DDD7
16903	#D6DCD6
16904	#D6DCD6
16905	#D4DAD4
16906	#D3D9D3
16907	#D1D7D1
16908	#CED4CE
16909	#CCD2CC
16910	#CAD0CA
16911	#C7CDC7
16912	#C5CBC5
16913	#C4CAC4
16914	#BFC5BF
16915	#BCC2BC
16916	#B8BEB8
16917	#B8BEB8
16918	#B6BCB6
16919	#B8BEB8
16920	#BBC1BB
16921	#BBC1BB
16922	#BAC0BA
16923	#B8BEB8
16924	#B0B6B0
16925	#A7ADA7
16926	#A2A8A2
16927	#949A94
16928	#848A84
16929	#676D67
16930	#5F655F
16931	#626862
16932	#868C86
16933	#9FA59F
16934	#8C928C
16935	#737973
16936	#565C56
16937	#3A403A
16938	#1A201A
16939	#141A14
16940	#151B15
16941	#000600
16942	#000600
16943	#000500
16944	#171D17
16945	#2E342E
16946	#262C26
16947	#232923
16948	#202620
16949	#1D231D
16950	#1E241E
16951	#4A504A
16952	#737973
16953	#909690
16954	#A7ADA7
16955	#B2B8B2
16956	#B5BBB5
16957	#BBC1BB
16958	#C2C8C2
16959	#C9CFC9
16960	#CFD5CF
16961	#D2D8D2
16962	#D4DAD4
16963	#D6DCD6
16964	#D8DED8
16965	#D8DED8
16966	#DBE1DB
16967	#DCE2DC
16968	#DDE3DD
16969	#DEE4DE
16970	#DEE4DE
16971	#E0E6E0
16972	#E1E7E1
16973	#E2E8E2
16974	#E2E8E2
16975	#E2E8E2
16976	#E2E8E2
16977	#E3E9E3
16978	#E3E9E3
16979	#E4EAE4
16980	#E5EBE5
16981	#E6ECE6
16982	#E6ECE6
16983	#E6ECE6
16984	#E7EDE7
16985	#E7EDE7
16986	#E7EDE7
16987	#E7EDE7
16988	#E8EEE8
16989	#E8EEE8
16990	#E8EEE8
16991	#E8EEE8
16992	#E9EFE9
16993	#EAF0EA
16994	#EAF0EA
16995	#EAF0EA
16996	#E9EFE9
16997	#E9EFE9
16998	#E9EFE9
16999	#E9EFE9
17000	#E8EEE8
17001	#E8EEE8
17002	#EAF0EA
17003	#EBF1EB
17004	#EBF1EB
17005	#EDF3ED
17006	#EDF3ED
17007	#EEF4EE
17008	#EEF4EE
17009	#EDF3ED
17010	#EBF1EB
17011	#EBF1EB
17012	#EBF1EB
17013	#ECF2EC
17014	#EDF3ED
17015	#EDF3ED
17016	#ECF2EC
17017	#ECF2EC
17018	#EBF1EB
17019	#EBF1EB
17020	#E9EFE9
17021	#E7EDE7
17022	#E5EBE5
17023	#E4EAE4
17024	#E3E9E3
17025	#E2E8E2
17026	#E3E9E3
17027	#E3E9E3
17028	#E2E8E2
17029	#E2E8E2
17030	#E2E8E2
17031	#E1E7E1
17032	#E2E8E2
17033	#E1E7E1
17034	#E1E7E1
17035	#DFE5DF
17036	#DEE4DE
17037	#DDE3DD
17038	#DDE3DD
17039	#DAE0DA
17040	#D9DFD9
17041	#D9DFD9
17042	#D9DFD9
17043	#D7DDD7
17044	#D7DDD7
17045	#D6DCD6
17046	#D5DBD5
17047	#D4DAD4
17048	#D1D7D1
17049	#CFD5CF
17050	#CDD3CD
17051	#CAD0CA
17052	#C8CEC8
17053	#C7CDC7
17054	#C2C8C2
17055	#C0C6C0
17056	#BDC3BD
17057	#BAC0BA
17058	#BBC1BB
17059	#BBC1BB
17060	#BDC3BD
17061	#BCC2BC
17062	#BDC3BD
17063	#BCC2BC
17064	#B6BCB6
17065	#ACB2AC
17066	#A5ABA5
17067	#9AA09A
17068	#898F89
17069	#767C76
17070	#616761
17071	#666C66
17072	#909690
17073	#979D97
17074	#878D87
17075	#696F69
17076	#4C524C
17077	#2F352F
17078	#151B15
17079	#141A14
17080	#151B15
17081	#000600
17082	#000600
17083	#000500
17084	#171D17
17085	#2F352F
17086	#272D27
17087	#242A24
17088	#202620
17089	#1E241E
17090	#1D231D
17091	#404640
17092	#6E746E
17093	#8C928C
17094	#A6ACA6
17095	#B2B8B2
17096	#B5BBB5
17097	#BBC1BB
17098	#C3C9C3
17099	#CCD2CC
17100	#D1D7D1
17101	#D1D7D1
17102	#D3D9D3
17103	#D7DDD7
17104	#D8DED8
17105	#D9DFD9
17106	#DAE0DA
17107	#DCE2DC
17108	#DFE5DF
17109	#DEE4DE
17110	#DFE5DF
17111	#E0E6E0
17112	#E0E6E0
17113	#E2E8E2
17114	#E3E9E3
17115	#E2E8E2
17116	#E2E8E2
17117	#E4EAE4
17118	#E3E9E3
17119	#E5EBE5
17120	#E6ECE6
17121	#E6ECE6
17122	#E6ECE6
17123	#E7EDE7
17124	#E7EDE7
17125	#E7EDE7
17126	#E7EDE7
17127	#E8EEE8
17128	#E9EFE9
17129	#E9EFE9
17130	#E9EFE9
17131	#E9EFE9
17132	#EAF0EA
17133	#EAF0EA
17134	#EBF1EB
17135	#EAF0EA
17136	#EAF0EA
17137	#E9EFE9
17138	#EAF0EA
17139	#E9EFE9
17140	#EAF0EA
17141	#E9EFE9
17142	#EBF1EB
17143	#ECF2EC
17144	#EDF3ED
17145	#EDF3ED
17146	#EDF3ED
17147	#EEF4EE
17148	#EEF4EE
17149	#ECF2EC
17150	#EBF1EB
17151	#EBF1EB
17152	#EAF0EA
17153	#E9EFE9
17154	#EBF1EB
17155	#EBF1EB
17156	#ECF2EC
17157	#ECF2EC
17158	#ECF2EC
17159	#ECF2EC
17160	#ECF2EC
17161	#E9EFE9
17162	#E5EBE5
17163	#E4EAE4
17164	#E3E9E3
17165	#E3E9E3
17166	#E3E9E3
17167	#E2E8E2
17168	#E2E8E2
17169	#E2E8E2
17170	#E2E8E2
17171	#E2E8E2
17172	#E3E9E3
17173	#E2E8E2
17174	#E1E7E1
17175	#E0E6E0
17176	#DFE5DF
17177	#DEE4DE
17178	#DEE4DE
17179	#DCE2DC
17180	#DAE0DA
17181	#D9DFD9
17182	#DAE0DA
17183	#D9DFD9
17184	#D8DED8
17185	#D8DED8
17186	#D7DDD7
17187	#D6DCD6
17188	#D5DBD5
17189	#D2D8D2
17190	#D0D6D0
17191	#CDD3CD
17192	#CAD0CA
17193	#CAD0CA
17194	#C8CEC8
17195	#C3C9C3
17196	#C1C7C1
17197	#C0C6C0
17198	#C0C6C0
17199	#BCC2BC
17200	#BDC3BD
17201	#BCC2BC
17202	#BFC5BF
17203	#BFC5BF
17204	#BAC0BA
17205	#AFB5AF
17206	#A6ACA6
17207	#9FA59F
17208	#929892
17209	#828882
17210	#626862
17211	#6D736D
17212	#939993
17213	#909690
17214	#808680
17215	#5F655F
17216	#434943
17217	#262C26
17218	#141A14
17219	#141A14
17220	#161C16
17221	#000600
17222	#000600
17223	#000500
17224	#171D17
17225	#2F352F
17226	#272D27
17227	#242A24
17228	#212721
17229	#1F251F
17230	#1C221C
17231	#373D37
17232	#676D67
17233	#888E88
17234	#A0A6A0
17235	#B1B7B1
17236	#B6BCB6
17237	#BBC1BB
17238	#C6CCC6
17239	#CED4CE
17240	#D0D6D0
17241	#D1D7D1
17242	#D4DAD4
17243	#D6DCD6
17244	#D6DCD6
17245	#D9DFD9
17246	#DAE0DA
17247	#DCE2DC
17248	#DDE3DD
17249	#DEE4DE
17250	#E0E6E0
17251	#E1E7E1
17252	#E0E6E0
17253	#E2E8E2
17254	#E3E9E3
17255	#E2E8E2
17256	#E4EAE4
17257	#E4EAE4
17258	#E4EAE4
17259	#E5EBE5
17260	#E6ECE6
17261	#E6ECE6
17262	#E6ECE6
17263	#E7EDE7
17264	#E7EDE7
17265	#E7EDE7
17266	#E7EDE7
17267	#E8EEE8
17268	#E9EFE9
17269	#E9EFE9
17270	#E9EFE9
17271	#EAF0EA
17272	#EBF1EB
17273	#EBF1EB
17274	#EBF1EB
17275	#EAF0EA
17276	#EBF1EB
17277	#EAF0EA
17278	#EAF0EA
17279	#EAF0EA
17280	#EAF0EA
17281	#E9EFE9
17282	#E9EFE9
17283	#ECF2EC
17284	#EEF4EE
17285	#ECF2EC
17286	#ECF2EC
17287	#EEF4EE
17288	#EFF5EF
17289	#ECF2EC
17290	#EAF0EA
17291	#E9EFE9
17292	#E8EEE8
17293	#E8EEE8
17294	#E9EFE9
17295	#E9EFE9
17296	#EAF0EA
17297	#ECF2EC
17298	#EBF1EB
17299	#EBF1EB
17300	#EBF1EB
17301	#E8EEE8
17302	#E6ECE6
17303	#E5EBE5
17304	#E4EAE4
17305	#E4EAE4
17306	#E3E9E3
17307	#E3E9E3
17308	#E2E8E2
17309	#E3E9E3
17310	#E3E9E3
17311	#E3E9E3
17312	#E2E8E2
17313	#E3E9E3
17314	#E2E8E2
17315	#E0E6E0
17316	#E0E6E0
17317	#DFE5DF
17318	#DFE5DF
17319	#DDE3DD
17320	#DCE2DC
17321	#DAE0DA
17322	#DAE0DA
17323	#DAE0DA
17324	#D9DFD9
17325	#D8DED8
17326	#D8DED8
17327	#D7DDD7
17328	#D6DCD6
17329	#D3D9D3
17330	#D1D7D1
17331	#CFD5CF
17332	#CDD3CD
17333	#CCD2CC
17334	#CAD0CA
17335	#C6CCC6
17336	#C4CAC4
17337	#C3C9C3
17338	#C3C9C3
17339	#C1C7C1
17340	#BFC5BF
17341	#BEC4BE
17342	#BFC5BF
17343	#BFC5BF
17344	#BBC1BB
17345	#B1B7B1
17346	#A7ADA7
17347	#A1A7A1
17348	#9BA19B
17349	#888E88
17350	#676D67
17351	#777D77
17352	#929892
17353	#8C928C
17354	#757B75
17355	#555B55
17356	#3B413B
17357	#1E241E
17358	#151B15
17359	#161C16
17360	#171D17
17361	#000600
17362	#000600
17363	#000500
17364	#181E18
17365	#2F352F
17366	#272D27
17367	#252B25
17368	#232923
17369	#202620
17370	#1C221C
17371	#2F352F
17372	#606660
17373	#848A84
17374	#9CA29C
17375	#ADB3AD
17376	#B7BDB7
17377	#BCC2BC
17378	#C5CBC5
17379	#CDD3CD
17380	#CFD5CF
17381	#D1D7D1
17382	#D3D9D3
17383	#D4DAD4
17384	#D6DCD6
17385	#D9DFD9
17386	#DBE1DB
17387	#DDE3DD
17388	#DEE4DE
17389	#DEE4DE
17390	#E0E6E0
17391	#E0E6E0
17392	#E1E7E1
17393	#E2E8E2
17394	#E3E9E3
17395	#E3E9E3
17396	#E3E9E3
17397	#E4EAE4
17398	#E5EBE5
17399	#E5EBE5
17400	#E6ECE6
17401	#E6ECE6
17402	#E7EDE7
17403	#E7EDE7
17404	#E8EEE8
17405	#E8EEE8
17406	#E9EFE9
17407	#E9EFE9
17408	#EAF0EA
17409	#EAF0EA
17410	#EBF1EB
17411	#EBF1EB
17412	#EBF1EB
17413	#EBF1EB
17414	#EAF0EA
17415	#EAF0EA
17416	#EBF1EB
17417	#EAF0EA
17418	#EBF1EB
17419	#EAF0EA
17420	#E9EFE9
17421	#E9EFE9
17422	#E9EFE9
17423	#ECF2EC
17424	#EDF3ED
17425	#ECF2EC
17426	#EBF1EB
17427	#EDF3ED
17428	#EEF4EE
17429	#ECF2EC
17430	#EAF0EA
17431	#E9EFE9
17432	#E8EEE8
17433	#E7EDE7
17434	#E7EDE7
17435	#E8EEE8
17436	#E9EFE9
17437	#EBF1EB
17438	#EBF1EB
17439	#EAF0EA
17440	#E9EFE9
17441	#E6ECE6
17442	#E8EEE8
17443	#E7EDE7
17444	#E5EBE5
17445	#E4EAE4
17446	#E4EAE4
17447	#E4EAE4
17448	#E3E9E3
17449	#E4EAE4
17450	#E4EAE4
17451	#E4EAE4
17452	#E3E9E3
17453	#E3E9E3
17454	#E2E8E2
17455	#E1E7E1
17456	#E0E6E0
17457	#E0E6E0
17458	#DFE5DF
17459	#DFE5DF
17460	#DEE4DE
17461	#DCE2DC
17462	#DBE1DB
17463	#DAE0DA
17464	#DAE0DA
17465	#D9DFD9
17466	#D8DED8
17467	#D8DED8
17468	#D7DDD7
17469	#D4DAD4
17470	#D3D9D3
17471	#D0D6D0
17472	#CED4CE
17473	#CED4CE
17474	#CBD1CB
17475	#C8CEC8
17476	#C7CDC7
17477	#C5CBC5
17478	#C6CCC6
17479	#C3C9C3
17480	#C1C7C1
17481	#BFC5BF
17482	#BDC3BD
17483	#BDC3BD
17484	#BAC0BA
17485	#B2B8B2
17486	#A7ADA7
17487	#A3A9A3
17488	#A1A7A1
17489	#8C928C
17490	#6E746E
17491	#808680
17492	#909690
17493	#858B85
17494	#696F69
17495	#4C524C
17496	#313731
17497	#181E18
17498	#171D17
17499	#171D17
17500	#181E18
17501	#000600
17502	#000600
17503	#000500
17504	#191F19
17505	#303630
17506	#272D27
17507	#252B25
17508	#222822
17509	#212721
17510	#1D231D
17511	#262C26
17512	#585E58
17513	#818781
17514	#9AA09A
17515	#AAB0AA
17516	#B4BAB4
17517	#BDC3BD
17518	#C5CBC5
17519	#CBD1CB
17520	#CDD3CD
17521	#D2D8D2
17522	#D4DAD4
17523	#D4DAD4
17524	#D7DDD7
17525	#D9DFD9
17526	#DBE1DB
17527	#DDE3DD
17528	#DEE4DE
17529	#DFE5DF
17530	#E1E7E1
17531	#E1E7E1
17532	#E1E7E1
17533	#E2E8E2
17534	#E3E9E3
17535	#E3E9E3
17536	#E4EAE4
17537	#E5EBE5
17538	#E5EBE5
17539	#E5EBE5
17540	#E6ECE6
17541	#E6ECE6
17542	#E6ECE6
17543	#E7EDE7
17544	#E7EDE7
17545	#E8EEE8
17546	#E9EFE9
17547	#E9EFE9
17548	#EBF1EB
17549	#EBF1EB
17550	#EBF1EB
17551	#ECF2EC
17552	#EBF1EB
17553	#EBF1EB
17554	#EBF1EB
17555	#EAF0EA
17556	#EBF1EB
17557	#EAF0EA
17558	#EAF0EA
17559	#EAF0EA
17560	#E9EFE9
17561	#E9EFE9
17562	#E9EFE9
17563	#EDF3ED
17564	#EDF3ED
17565	#ECF2EC
17566	#ECF2EC
17567	#EDF3ED
17568	#EDF3ED
17569	#ECF2EC
17570	#EBF1EB
17571	#EAF0EA
17572	#EAF0EA
17573	#E9EFE9
17574	#E8EEE8
17575	#E9EFE9
17576	#EAF0EA
17577	#EBF1EB
17578	#EAF0EA
17579	#E9EFE9
17580	#E6ECE6
17581	#E6ECE6
17582	#E7EDE7
17583	#E6ECE6
17584	#E6ECE6
17585	#E4EAE4
17586	#E4EAE4
17587	#E4EAE4
17588	#E3E9E3
17589	#E4EAE4
17590	#E5EBE5
17591	#E5EBE5
17592	#E3E9E3
17593	#E4EAE4
17594	#E3E9E3
17595	#E2E8E2
17596	#E1E7E1
17597	#E0E6E0
17598	#E1E7E1
17599	#DFE5DF
17600	#DEE4DE
17601	#DDE3DD
17602	#DCE2DC
17603	#DBE1DB
17604	#DBE1DB
17605	#DAE0DA
17606	#D8DED8
17607	#D8DED8
17608	#D7DDD7
17609	#D5DBD5
17610	#D3D9D3
17611	#D1D7D1
17612	#CFD5CF
17613	#CED4CE
17614	#CDD3CD
17615	#C8CEC8
17616	#C9CFC9
17617	#C8CEC8
17618	#C7CDC7
17619	#C5CBC5
17620	#C2C8C2
17621	#C1C7C1
17622	#BDC3BD
17623	#BBC1BB
17624	#B9BFB9
17625	#B4BAB4
17626	#A8AEA8
17627	#A7ADA7
17628	#A2A8A2
17629	#909690
17630	#757B75
17631	#878D87
17632	#8B918B
17633	#7C827C
17634	#5D635D
17635	#424842
17636	#282E28
17637	#151B15
17638	#181E18
17639	#171D17
17640	#181E18
17641	#000600
17642	#000600
17643	#000500
17644	#181E18
17645	#2F352F
17646	#282E28
17647	#262C26
17648	#242A24
17649	#212721
17650	#1E241E
17651	#202620
17652	#4D534D
17653	#7C827C
17654	#969C96
17655	#A7ADA7
17656	#B2B8B2
17657	#BCC2BC
17658	#C5CBC5
17659	#CAD0CA
17660	#CCD2CC
17661	#D0D6D0
17662	#D2D8D2
17663	#D4DAD4
17664	#D7DDD7
17665	#D9DFD9
17666	#DBE1DB
17667	#DCE2DC
17668	#DEE4DE
17669	#DFE5DF
17670	#E0E6E0
17671	#E1E7E1
17672	#E2E8E2
17673	#E2E8E2
17674	#E3E9E3
17675	#E4EAE4
17676	#E5EBE5
17677	#E5EBE5
17678	#E6ECE6
17679	#E5EBE5
17680	#E5EBE5
17681	#E6ECE6
17682	#E7EDE7
17683	#E7EDE7
17684	#E9EFE9
17685	#E9EFE9
17686	#E9EFE9
17687	#EBF1EB
17688	#EBF1EB
17689	#EBF1EB
17690	#ECF2EC
17691	#ECF2EC
17692	#EBF1EB
17693	#EBF1EB
17694	#EAF0EA
17695	#EAF0EA
17696	#EBF1EB
17697	#EAF0EA
17698	#EBF1EB
17699	#EAF0EA
17700	#E8EEE8
17701	#E9EFE9
17702	#EAF0EA
17703	#EDF3ED
17704	#EEF4EE
17705	#EDF3ED
17706	#EDF3ED
17707	#EEF4EE
17708	#EDF3ED
17709	#EBF1EB
17710	#ECF2EC
17711	#EBF1EB
17712	#ECF2EC
17713	#EEF4EE
17714	#ECF2EC
17715	#EBF1EB
17716	#EBF1EB
17717	#EBF1EB
17718	#EBF1EB
17719	#E8EEE8
17720	#E4EAE4
17721	#E4EAE4
17722	#E6ECE6
17723	#E5EBE5
17724	#E6ECE6
17725	#E5EBE5
17726	#E4EAE4
17727	#E5EBE5
17728	#E4EAE4
17729	#E5EBE5
17730	#E5EBE5
17731	#E5EBE5
17732	#E4EAE4
17733	#E4EAE4
17734	#E4EAE4
17735	#E2E8E2
17736	#E1E7E1
17737	#E1E7E1
17738	#E1E7E1
17739	#E0E6E0
17740	#DEE4DE
17741	#DEE4DE
17742	#DCE2DC
17743	#DBE1DB
17744	#DBE1DB
17745	#DAE0DA
17746	#DAE0DA
17747	#D9DFD9
17748	#D7DDD7
17749	#D5DBD5
17750	#D3D9D3
17751	#D2D8D2
17752	#D0D6D0
17753	#CFD5CF
17754	#CCD2CC
17755	#C8CEC8
17756	#CAD0CA
17757	#C9CFC9
17758	#C8CEC8
17759	#C6CCC6
17760	#C3C9C3
17761	#C0C6C0
17762	#BDC3BD
17763	#BAC0BA
17764	#B9BFB9
17765	#B4BAB4
17766	#ABB1AB
17767	#A8AEA8
17768	#A1A7A1
17769	#959B95
17770	#7D837D
17771	#8C928C
17772	#868C86
17773	#717771
17774	#525852
17775	#393F39
17776	#202620
17777	#151B15
17778	#191F19
17779	#181E18
17780	#191F19
17781	#000600
17782	#000600
17783	#000500
17784	#181E18
17785	#303630
17786	#282E28
17787	#272D27
17788	#252B25
17789	#212721
17790	#202620
17791	#1C221C
17792	#414741
17793	#767C76
17794	#939993
17795	#A3A9A3
17796	#B1B7B1
17797	#BCC2BC
17798	#C7CDC7
17799	#C8CEC8
17800	#CBD1CB
17801	#CFD5CF
17802	#D1D7D1
17803	#D3D9D3
17804	#D7DDD7
17805	#D9DFD9
17806	#DBE1DB
17807	#DDE3DD
17808	#DEE4DE
17809	#DEE4DE
17810	#DFE5DF
17811	#E1E7E1
17812	#E2E8E2
17813	#E3E9E3
17814	#E3E9E3
17815	#E4EAE4
17816	#E5EBE5
17817	#E5EBE5
17818	#E6ECE6
17819	#E6ECE6
17820	#E5EBE5
17821	#E7EDE7
17822	#E7EDE7
17823	#E9EFE9
17824	#E9EFE9
17825	#E9EFE9
17826	#EAF0EA
17827	#EBF1EB
17828	#EAF0EA
17829	#EAF0EA
17830	#EBF1EB
17831	#EAF0EA
17832	#EBF1EB
17833	#EBF1EB
17834	#EAF0EA
17835	#EBF1EB
17836	#EBF1EB
17837	#EAF0EA
17838	#EAF0EA
17839	#EBF1EB
17840	#E9EFE9
17841	#E9EFE9
17842	#ECF2EC
17843	#ECF2EC
17844	#ECF2EC
17845	#EDF3ED
17846	#EDF3ED
17847	#EEF4EE
17848	#EDF3ED
17849	#ECF2EC
17850	#ECF2EC
17851	#ECF2EC
17852	#EBF1EB
17853	#EDF3ED
17854	#EEF4EE
17855	#EBF1EB
17856	#ECF2EC
17857	#EDF3ED
17858	#EDF3ED
17859	#E7EDE7
17860	#E4EAE4
17861	#E4EAE4
17862	#E4EAE4
17863	#E5EBE5
17864	#E5EBE5
17865	#E5EBE5
17866	#E5EBE5
17867	#E6ECE6
17868	#E6ECE6
17869	#E5EBE5
17870	#E5EBE5
17871	#E5EBE5
17872	#E5EBE5
17873	#E4EAE4
17874	#E4EAE4
17875	#E3E9E3
17876	#E2E8E2
17877	#E2E8E2
17878	#E1E7E1
17879	#E0E6E0
17880	#E0E6E0
17881	#DFE5DF
17882	#DEE4DE
17883	#DDE3DD
17884	#DAE0DA
17885	#DAE0DA
17886	#DAE0DA
17887	#D9DFD9
17888	#D7DDD7
17889	#D4DAD4
17890	#D3D9D3
17891	#D2D8D2
17892	#D0D6D0
17893	#CFD5CF
17894	#CCD2CC
17895	#C9CFC9
17896	#CAD0CA
17897	#CBD1CB
17898	#C9CFC9
17899	#C6CCC6
17900	#C2C8C2
17901	#BEC4BE
17902	#BEC4BE
17903	#BAC0BA
17904	#B8BEB8
17905	#B6BCB6
17906	#ADB3AD
17907	#A5ABA5
17908	#A1A7A1
17909	#989E98
17910	#8A908A
17911	#8E948E
17912	#7F857F
17913	#646A64
17914	#484E48
17915	#313731
17916	#191F19
17917	#161C16
17918	#1A201A
17919	#1A201A
17920	#1A201A
17921	#000600
17922	#000600
17923	#000500
17924	#181E18
17925	#313731
17926	#282E28
17927	#272D27
17928	#252B25
17929	#232923
17930	#212721
17931	#1B211B
17932	#333933
17933	#6C726C
17934	#8F958F
17935	#A1A7A1
17936	#B0B6B0
17937	#C0C6C0
17938	#C6CCC6
17939	#C7CDC7
17940	#C9CFC9
17941	#CCD2CC
17942	#D1D7D1
17943	#D4DAD4
17944	#D6DCD6
17945	#D8DED8
17946	#DAE0DA
17947	#DCE2DC
17948	#DDE3DD
17949	#DEE4DE
17950	#E0E6E0
17951	#E0E6E0
17952	#E1E7E1
17953	#E4EAE4
17954	#E4EAE4
17955	#E4EAE4
17956	#E5EBE5
17957	#E6ECE6
17958	#E5EBE5
17959	#E6ECE6
17960	#E7EDE7
17961	#E8EEE8
17962	#E8EEE8
17963	#E8EEE8
17964	#EAF0EA
17965	#EBF1EB
17966	#EBF1EB
17967	#EBF1EB
17968	#EBF1EB
17969	#EBF1EB
17970	#EBF1EB
17971	#EAF0EA
17972	#EBF1EB
17973	#ECF2EC
17974	#EBF1EB
17975	#EBF1EB
17976	#EBF1EB
17977	#EAF0EA
17978	#EBF1EB
17979	#EBF1EB
17980	#ECF2EC
17981	#ECF2EC
17982	#ECF2EC
17983	#ECF2EC
17984	#ECF2EC
17985	#ECF2EC
17986	#EDF3ED
17987	#EFF5EF
17988	#EEF4EE
17989	#ECF2EC
17990	#EBF1EB
17991	#ECF2EC
17992	#ECF2EC
17993	#EDF3ED
17994	#EDF3ED
17995	#EBF1EB
17996	#EBF1EB
17997	#ECF2EC
17998	#EDF3ED
17999	#E7EDE7
18000	#E5EBE5
18001	#E6ECE6
18002	#E5EBE5
18003	#E5EBE5
18004	#E5EBE5
18005	#E6ECE6
18006	#E6ECE6
18007	#E7EDE7
18008	#E6ECE6
18009	#E6ECE6
18010	#E6ECE6
18011	#E6ECE6
18012	#E5EBE5
18013	#E5EBE5
18014	#E4EAE4
18015	#E3E9E3
18016	#E2E8E2
18017	#E2E8E2
18018	#E3E9E3
18019	#E1E7E1
18020	#E1E7E1
18021	#E0E6E0
18022	#DEE4DE
18023	#DDE3DD
18024	#DBE1DB
18025	#DAE0DA
18026	#DBE1DB
18027	#DAE0DA
18028	#D8DED8
18029	#D6DCD6
18030	#D5DBD5
18031	#D4DAD4
18032	#D1D7D1
18033	#CFD5CF
18034	#CBD1CB
18035	#CBD1CB
18036	#CBD1CB
18037	#CBD1CB
18038	#C9CFC9
18039	#C6CCC6
18040	#C3C9C3
18041	#BFC5BF
18042	#BDC3BD
18043	#B9BFB9
18044	#B9BFB9
18045	#B7BDB7
18046	#ABB1AB
18047	#A7ADA7
18048	#A3A9A3
18049	#989E98
18050	#949A94
18051	#898F89
18052	#727872
18053	#585E58
18054	#404640
18055	#272D27
18056	#151B15
18057	#161C16
18058	#1A201A
18059	#1A201A
18060	#1A201A
18061	#000600
18062	#000600
18063	#000500
18064	#191F19
18065	#303630
18066	#282E28
18067	#282E28
18068	#262C26
18069	#232923
18070	#222822
18071	#1C221C
18072	#252B25
18073	#5F655F
18074	#8B918B
18075	#9EA49E
18076	#ACB2AC
18077	#BEC4BE
18078	#C5CBC5
18079	#C6CCC6
18080	#C8CEC8
18081	#CAD0CA
18082	#CFD5CF
18083	#D3D9D3
18084	#D6DCD6
18085	#D7DDD7
18086	#DAE0DA
18087	#DCE2DC
18088	#DDE3DD
18089	#DDE3DD
18090	#DFE5DF
18091	#E0E6E0
18092	#E2E8E2
18093	#E2E8E2
18094	#E3E9E3
18095	#E4EAE4
18096	#E4EAE4
18097	#E4EAE4
18098	#E5EBE5
18099	#E6ECE6
18100	#E7EDE7
18101	#E7EDE7
18102	#E9EFE9
18103	#E9EFE9
18104	#E9EFE9
18105	#EBF1EB
18106	#EAF0EA
18107	#EAF0EA
18108	#ECF2EC
18109	#ECF2EC
18110	#EBF1EB
18111	#EBF1EB
18112	#EBF1EB
18113	#EBF1EB
18114	#ECF2EC
18115	#ECF2EC
18116	#ECF2EC
18117	#EBF1EB
18118	#EBF1EB
18119	#EBF1EB
18120	#EDF3ED
18121	#EDF3ED
18122	#EDF3ED
18123	#EDF3ED
18124	#EDF3ED
18125	#EDF3ED
18126	#EDF3ED
18127	#EEF4EE
18128	#EDF3ED
18129	#EDF3ED
18130	#EDF3ED
18131	#ECF2EC
18132	#ECF2EC
18133	#EDF3ED
18134	#EEF4EE
18135	#EDF3ED
18136	#EDF3ED
18137	#EDF3ED
18138	#EAF0EA
18139	#E9EFE9
18140	#E5EBE5
18141	#E6ECE6
18142	#E5EBE5
18143	#E5EBE5
18144	#E5EBE5
18145	#E6ECE6
18146	#E5EBE5
18147	#E6ECE6
18148	#E5EBE5
18149	#E6ECE6
18150	#E5EBE5
18151	#E5EBE5
18152	#E6ECE6
18153	#E5EBE5
18154	#E4EAE4
18155	#E4EAE4
18156	#E3E9E3
18157	#E3E9E3
18158	#E2E8E2
18159	#E2E8E2
18160	#E0E6E0
18161	#DFE5DF
18162	#DEE4DE
18163	#DEE4DE
18164	#DDE3DD
18165	#DCE2DC
18166	#DAE0DA
18167	#DAE0DA
18168	#D8DED8
18169	#D6DCD6
18170	#D5DBD5
18171	#D3D9D3
18172	#D0D6D0
18173	#CDD3CD
18174	#CAD0CA
18175	#CBD1CB
18176	#CCD2CC
18177	#CBD1CB
18178	#CAD0CA
18179	#C7CDC7
18180	#C3C9C3
18181	#C0C6C0
18182	#BEC4BE
18183	#B8BEB8
18184	#B9BFB9
18185	#B8BEB8
18186	#ADB3AD
18187	#A8AEA8
18188	#9EA49E
18189	#969C96
18190	#939993
18191	#828882
18192	#656B65
18193	#4E544E
18194	#363C36
18195	#1D231D
18196	#151B15
18197	#171D17
18198	#1C221C
18199	#1A201A
18200	#1A201A
18201	#000600
18202	#000600
18203	#000500
18204	#191F19
18205	#313731
18206	#2A302A
18207	#272D27
18208	#262C26
18209	#242A24
18210	#222822
18211	#1F251F
18212	#1D231D
18213	#4F554F
18214	#858B85
18215	#9CA29C
18216	#AAB0AA
18217	#B8BEB8
18218	#C4CAC4
18219	#C6CCC6
18220	#C5CBC5
18221	#C8CEC8
18222	#CED4CE
18223	#D1D7D1
18224	#D4DAD4
18225	#D7DDD7
18226	#DAE0DA
18227	#DBE1DB
18228	#DCE2DC
18229	#DDE3DD
18230	#DEE4DE
18231	#E0E6E0
18232	#E1E7E1
18233	#E3E9E3
18234	#E4EAE4
18235	#E4EAE4
18236	#E4EAE4
18237	#E4EAE4
18238	#E5EBE5
18239	#E6ECE6
18240	#E7EDE7
18241	#E8EEE8
18242	#E8EEE8
18243	#E9EFE9
18244	#E9EFE9
18245	#EBF1EB
18246	#EAF0EA
18247	#EAF0EA
18248	#EBF1EB
18249	#EBF1EB
18250	#EBF1EB
18251	#ECF2EC
18252	#EBF1EB
18253	#EBF1EB
18254	#ECF2EC
18255	#EBF1EB
18256	#EBF1EB
18257	#ECF2EC
18258	#EBF1EB
18259	#EBF1EB
18260	#EBF1EB
18261	#EBF1EB
18262	#ECF2EC
18263	#ECF2EC
18264	#ECF2EC
18265	#ECF2EC
18266	#EDF3ED
18267	#EDF3ED
18268	#EDF3ED
18269	#EDF3ED
18270	#EEF4EE
18271	#EDF3ED
18272	#EDF3ED
18273	#EDF3ED
18274	#EEF4EE
18275	#EDF3ED
18276	#EDF3ED
18277	#ECF2EC
18278	#EAF0EA
18279	#E9EFE9
18280	#E7EDE7
18281	#E5EBE5
18282	#E6ECE6
18283	#E6ECE6
18284	#E6ECE6
18285	#E6ECE6
18286	#E6ECE6
18287	#E7EDE7
18288	#E6ECE6
18289	#E6ECE6
18290	#E6ECE6
18291	#E6ECE6
18292	#E5EBE5
18293	#E5EBE5
18294	#E4EAE4
18295	#E3E9E3
18296	#E4EAE4
18297	#E2E8E2
18298	#E2E8E2
18299	#E1E7E1
18300	#E2E8E2
18301	#E0E6E0
18302	#DEE4DE
18303	#DEE4DE
18304	#DDE3DD
18305	#DBE1DB
18306	#DAE0DA
18307	#D9DFD9
18308	#D9DFD9
18309	#D6DCD6
18310	#D4DAD4
18311	#D3D9D3
18312	#D2D8D2
18313	#CCD2CC
18314	#CBD1CB
18315	#CCD2CC
18316	#CDD3CD
18317	#CAD0CA
18318	#C8CEC8
18319	#C6CCC6
18320	#C4CAC4
18321	#BFC5BF
18322	#BDC3BD
18323	#BAC0BA
18324	#B9BFB9
18325	#B8BEB8
18326	#ABB1AB
18327	#A5ABA5
18328	#9BA19B
18329	#969C96
18330	#8D938D
18331	#777D77
18332	#5B615B
18333	#444A44
18334	#2D332D
18335	#161C16
18336	#161C16
18337	#181E18
18338	#1D231D
18339	#1A201A
18340	#1A201A
18341	#000600
18342	#000600
18343	#000500
18344	#191F19
18345	#313731
18346	#2A302A
18347	#282E28
18348	#272D27
18349	#252B25
18350	#222822
18351	#212721
18352	#191F19
18353	#3C423C
18354	#7F857F
18355	#989E98
18356	#AAB0AA
18357	#B3B9B3
18358	#C2C8C2
18359	#C6CCC6
18360	#C3C9C3
18361	#C6CCC6
18362	#CCD2CC
18363	#D1D7D1
18364	#D2D8D2
18365	#D6DCD6
18366	#D9DFD9
18367	#DAE0DA
18368	#DCE2DC
18369	#DCE2DC
18370	#DFE5DF
18371	#E0E6E0
18372	#E1E7E1
18373	#E3E9E3
18374	#E4EAE4
18375	#E4EAE4
18376	#E4EAE4
18377	#E5EBE5
18378	#E6ECE6
18379	#E5EBE5
18380	#E7EDE7
18381	#E7EDE7
18382	#E8EEE8
18383	#EAF0EA
18384	#EAF0EA
18385	#EAF0EA
18386	#EBF1EB
18387	#EBF1EB
18388	#ECF2EC
18389	#ECF2EC
18390	#EDF3ED
18391	#ECF2EC
18392	#EBF1EB
18393	#ECF2EC
18394	#ECF2EC
18395	#ECF2EC
18396	#ECF2EC
18397	#EBF1EB
18398	#EBF1EB
18399	#EAF0EA
18400	#EBF1EB
18401	#EAF0EA
18402	#EBF1EB
18403	#ECF2EC
18404	#EDF3ED
18405	#EEF4EE
18406	#ECF2EC
18407	#ECF2EC
18408	#EBF1EB
18409	#EBF1EB
18410	#ECF2EC
18411	#EBF1EB
18412	#EDF3ED
18413	#ECF2EC
18414	#EDF3ED
18415	#EBF1EB
18416	#EBF1EB
18417	#EBF1EB
18418	#EBF1EB
18419	#EBF1EB
18420	#E8EEE8
18421	#E7EDE7
18422	#E7EDE7
18423	#E8EEE8
18424	#E7EDE7
18425	#E7EDE7
18426	#E7EDE7
18427	#E7EDE7
18428	#E7EDE7
18429	#E7EDE7
18430	#E6ECE6
18431	#E6ECE6
18432	#E5EBE5
18433	#E5EBE5
18434	#E4EAE4
18435	#E4EAE4
18436	#E4EAE4
18437	#E4EAE4
18438	#E3E9E3
18439	#E2E8E2
18440	#E1E7E1
18441	#E1E7E1
18442	#DFE5DF
18443	#DEE4DE
18444	#DDE3DD
18445	#DCE2DC
18446	#DBE1DB
18447	#D9DFD9
18448	#D9DFD9
18449	#D8DED8
18450	#D7DDD7
18451	#D4DAD4
18452	#D2D8D2
18453	#CDD3CD
18454	#CAD0CA
18455	#CDD3CD
18456	#CDD3CD
18457	#CAD0CA
18458	#C8CEC8
18459	#C5CBC5
18460	#C3C9C3
18461	#BFC5BF
18462	#BFC5BF
18463	#BFC5BF
18464	#BBC1BB
18465	#B9BFB9
18466	#AAB0AA
18467	#A1A7A1
18468	#9BA19B
18469	#959B95
18470	#868C86
18471	#6C726C
18472	#535953
18473	#3D433D
18474	#252B25
18475	#141A14
18476	#191F19
18477	#191F19
18478	#1E241E
18479	#1B211B
18480	#1B211B
18481	#000600
18482	#000600
18483	#000500
18484	#181E18
18485	#323832
18486	#2A302A
18487	#282E28
18488	#272D27
18489	#262C26
18490	#232923
18491	#222822
18492	#1A201A
18493	#292F29
18494	#777D77
18495	#939993
18496	#A9AFA9
18497	#B0B6B0
18498	#BCC2BC
18499	#C7CDC7
18500	#C6CCC6
18501	#C6CCC6
18502	#CBD1CB
18503	#D0D6D0
18504	#D3D9D3
18505	#D6DCD6
18506	#D8DED8
18507	#DBE1DB
18508	#DCE2DC
18509	#DDE3DD
18510	#DFE5DF
18511	#E0E6E0
18512	#E1E7E1
18513	#E3E9E3
18514	#E3E9E3
18515	#E3E9E3
18516	#E3E9E3
18517	#E5EBE5
18518	#E5EBE5
18519	#E6ECE6
18520	#E7EDE7
18521	#E7EDE7
18522	#E9EFE9
18523	#EAF0EA
18524	#E9EFE9
18525	#EAF0EA
18526	#EBF1EB
18527	#ECF2EC
18528	#ECF2EC
18529	#ECF2EC
18530	#EDF3ED
18531	#EBF1EB
18532	#ECF2EC
18533	#ECF2EC
18534	#ECF2EC
18535	#ECF2EC
18536	#ECF2EC
18537	#EBF1EB
18538	#EBF1EB
18539	#EBF1EB
18540	#EAF0EA
18541	#EAF0EA
18542	#ECF2EC
18543	#EEF4EE
18544	#EEF4EE
18545	#EEF4EE
18546	#EEF4EE
18547	#ECF2EC
18548	#EBF1EB
18549	#EBF1EB
18550	#EDF3ED
18551	#EDF3ED
18552	#EEF4EE
18553	#EDF3ED
18554	#EDF3ED
18555	#EAF0EA
18556	#EBF1EB
18557	#EAF0EA
18558	#EAF0EA
18559	#EBF1EB
18560	#EAF0EA
18561	#E7EDE7
18562	#E7EDE7
18563	#E8EEE8
18564	#E7EDE7
18565	#E7EDE7
18566	#E7EDE7
18567	#E6ECE6
18568	#E7EDE7
18569	#E6ECE6
18570	#E7EDE7
18571	#E6ECE6
18572	#E6ECE6
18573	#E6ECE6
18574	#E5EBE5
18575	#E4EAE4
18576	#E3E9E3
18577	#E3E9E3
18578	#E3E9E3
18579	#E2E8E2
18580	#E2E8E2
18581	#E1E7E1
18582	#DFE5DF
18583	#DFE5DF
18584	#DEE4DE
18585	#DCE2DC
18586	#DBE1DB
18587	#D8DED8
18588	#D8DED8
18589	#D9DFD9
18590	#D8DED8
18591	#D5DBD5
18592	#D2D8D2
18593	#CDD3CD
18594	#CCD2CC
18595	#CBD1CB
18596	#CCD2CC
18597	#CBD1CB
18598	#C8CEC8
18599	#C6CCC6
18600	#C3C9C3
18601	#BFC5BF
18602	#BFC5BF
18603	#BCC2BC
18604	#B9BFB9
18605	#B8BEB8
18606	#A8AEA8
18607	#9DA39D
18608	#9BA19B
18609	#909690
18610	#7D837D
18611	#646A64
18612	#4B514B
18613	#363C36
18614	#1D231D
18615	#141A14
18616	#191F19
18617	#191F19
18618	#1E241E
18619	#1B211B
18620	#1B211B
18621	#000600
18622	#000600
18623	#000500
18624	#191F19
18625	#323832
18626	#2A302A
18627	#282E28
18628	#272D27
18629	#252B25
18630	#232923
18631	#222822
18632	#1B211B
18633	#1D231D
18634	#6D736D
18635	#8F958F
18636	#A6ACA6
18637	#B1B7B1
18638	#BAC0BA
18639	#C8CEC8
18640	#C7CDC7
18641	#C6CCC6
18642	#CCD2CC
18643	#CFD5CF
18644	#D3D9D3
18645	#D5DBD5
18646	#D8DED8
18647	#DAE0DA
18648	#DBE1DB
18649	#DDE3DD
18650	#DFE5DF
18651	#E0E6E0
18652	#E1E7E1
18653	#E2E8E2
18654	#E3E9E3
18655	#E3E9E3
18656	#E3E9E3
18657	#E5EBE5
18658	#E5EBE5
18659	#E6ECE6
18660	#E7EDE7
18661	#E8EEE8
18662	#E8EEE8
18663	#EAF0EA
18664	#EAF0EA
18665	#EAF0EA
18666	#EAF0EA
18667	#ECF2EC
18668	#ECF2EC
18669	#ECF2EC
18670	#ECF2EC
18671	#ECF2EC
18672	#EDF3ED
18673	#EDF3ED
18674	#ECF2EC
18675	#ECF2EC
18676	#ECF2EC
18677	#EBF1EB
18678	#EBF1EB
18679	#EBF1EB
18680	#EDF3ED
18681	#EEF4EE
18682	#EFF5EF
18683	#F0F6F0
18684	#F0F6F0
18685	#F0F6F0
18686	#EFF5EF
18687	#EFF5EF
18688	#EDF3ED
18689	#EEF4EE
18690	#EDF3ED
18691	#EDF3ED
18692	#F0F6F0
18693	#EFF5EF
18694	#EEF4EE
18695	#ECF2EC
18696	#EDF3ED
18697	#ECF2EC
18698	#EBF1EB
18699	#EBF1EB
18700	#EAF0EA
18701	#E9EFE9
18702	#E7EDE7
18703	#E7EDE7
18704	#E8EEE8
18705	#E7EDE7
18706	#E7EDE7
18707	#E7EDE7
18708	#E8EEE8
18709	#E7EDE7
18710	#E6ECE6
18711	#E6ECE6
18712	#E7EDE7
18713	#E6ECE6
18714	#E5EBE5
18715	#E4EAE4
18716	#E4EAE4
18717	#E2E8E2
18718	#E3E9E3
18719	#E3E9E3
18720	#E2E8E2
18721	#E1E7E1
18722	#DFE5DF
18723	#DEE4DE
18724	#DEE4DE
18725	#DBE1DB
18726	#DAE0DA
18727	#D8DED8
18728	#D7DDD7
18729	#D9DFD9
18730	#D7DDD7
18731	#D2D8D2
18732	#CFD5CF
18733	#CCD2CC
18734	#CBD1CB
18735	#CAD0CA
18736	#CAD0CA
18737	#CAD0CA
18738	#C8CEC8
18739	#C5CBC5
18740	#C1C7C1
18741	#BEC4BE
18742	#BCC2BC
18743	#B9BFB9
18744	#B5BBB5
18745	#B4BAB4
18746	#A2A8A2
18747	#9DA39D
18748	#979D97
18749	#888E88
18750	#727872
18751	#5D635D
18752	#414741
18753	#2C322C
18754	#161C16
18755	#161C16
18756	#1A201A
18757	#1B211B
18758	#1E241E
18759	#1B211B
18760	#1B211B
18761	#000600
18762	#000600
18763	#000500
18764	#191F19
18765	#323832
18766	#2A302A
18767	#282E28
18768	#272D27
18769	#262C26
18770	#242A24
18771	#232923
18772	#1E241E
18773	#181E18
18774	#606660
18775	#8D938D
18776	#A2A8A2
18777	#AFB5AF
18778	#B8BEB8
18779	#C6CCC6
18780	#C4CAC4
18781	#C4CAC4
18782	#CAD0CA
18783	#CED4CE
18784	#D1D7D1
18785	#D4DAD4
18786	#D7DDD7
18787	#D8DED8
18788	#DCE2DC
18789	#DEE4DE
18790	#DFE5DF
18791	#E0E6E0
18792	#E0E6E0
18793	#E2E8E2
18794	#E3E9E3
18795	#E4EAE4
18796	#E4EAE4
18797	#E5EBE5
18798	#E6ECE6
18799	#E7EDE7
18800	#E7EDE7
18801	#E8EEE8
18802	#E9EFE9
18803	#EAF0EA
18804	#EAF0EA
18805	#EBF1EB
18806	#EBF1EB
18807	#EBF1EB
18808	#ECF2EC
18809	#ECF2EC
18810	#EBF1EB
18811	#EBF1EB
18812	#EDF3ED
18813	#EDF3ED
18814	#ECF2EC
18815	#ECF2EC
18816	#ECF2EC
18817	#EBF1EB
18818	#EBF1EB
18819	#ECF2EC
18820	#EDF3ED
18821	#EEF4EE
18822	#F0F6F0
18823	#EFF5EF
18824	#F0F6F0
18825	#F1F7F1
18826	#F0F6F0
18827	#EFF5EF
18828	#EEF4EE
18829	#EDF3ED
18830	#EBF1EB
18831	#EBF1EB
18832	#EDF3ED
18833	#EDF3ED
18834	#EEF4EE
18835	#EDF3ED
18836	#EDF3ED
18837	#EEF4EE
18838	#EEF4EE
18839	#ECF2EC
18840	#EBF1EB
18841	#EAF0EA
18842	#E8EEE8
18843	#E7EDE7
18844	#E9EFE9
18845	#E8EEE8
18846	#E8EEE8
18847	#E7EDE7
18848	#E8EEE8
18849	#E8EEE8
18850	#E7EDE7
18851	#E7EDE7
18852	#E7EDE7
18853	#E7EDE7
18854	#E6ECE6
18855	#E4EAE4
18856	#E3E9E3
18857	#E3E9E3
18858	#E3E9E3
18859	#E3E9E3
18860	#E2E8E2
18861	#E1E7E1
18862	#E0E6E0
18863	#DFE5DF
18864	#DEE4DE
18865	#DCE2DC
18866	#DBE1DB
18867	#D9DFD9
18868	#D7DDD7
18869	#D8DED8
18870	#D6DCD6
18871	#D3D9D3
18872	#CED4CE
18873	#CBD1CB
18874	#C9CFC9
18875	#C9CFC9
18876	#C9CFC9
18877	#C7CDC7
18878	#C6CCC6
18879	#C3C9C3
18880	#C0C6C0
18881	#BBC1BB
18882	#B8BEB8
18883	#B5BBB5
18884	#B1B7B1
18885	#AEB4AE
18886	#A1A7A1
18887	#9BA19B
18888	#919791
18889	#7F857F
18890	#6C726C
18891	#545A54
18892	#393F39
18893	#1F251F
18894	#151B15
18895	#181E18
18896	#1B211B
18897	#1B211B
18898	#1E241E
18899	#1B211B
18900	#1C221C
18901	#000600
18902	#000600
18903	#000500
18904	#1A201A
18905	#323832
18906	#2A302A
18907	#282E28
18908	#272D27
18909	#272D27
18910	#242A24
18911	#232923
18912	#1E241E
18913	#161C16
18914	#525852
18915	#888E88
18916	#9CA29C
18917	#ADB3AD
18918	#B3B9B3
18919	#BEC4BE
18920	#C3C9C3
18921	#C1C7C1
18922	#C8CEC8
18923	#CDD3CD
18924	#D1D7D1
18925	#D4DAD4
18926	#D7DDD7
18927	#D9DFD9
18928	#DCE2DC
18929	#DDE3DD
18930	#DEE4DE
18931	#DFE5DF
18932	#E0E6E0
18933	#E2E8E2
18934	#E3E9E3
18935	#E4EAE4
18936	#E5EBE5
18937	#E6ECE6
18938	#E6ECE6
18939	#E7EDE7
18940	#E8EEE8
18941	#E8EEE8
18942	#E8EEE8
18943	#EAF0EA
18944	#EAF1EA
18945	#EBF2EB
18946	#EBF1EB
18947	#EBF1EB
18948	#ECF2EC
18949	#ECF2EC
18950	#EBF1EB
18951	#EBF1EB
18952	#EDF3ED
18953	#EDF4ED
18954	#ECF2EC
18955	#EDF3ED
18956	#ECF2EC
18957	#EBF1EB
18958	#ECF2EC
18959	#EBF1EB
18960	#EDF3ED
18961	#EFF5EF
18962	#F0F6F0
18963	#EFF5EF
18964	#F0F6F0
18965	#F0F6F0
18966	#F0F6F0
18967	#EFF5EF
18968	#EEF4EE
18969	#EDF3ED
18970	#EAF1EA
18971	#EAF1EA
18972	#EBF2EB
18973	#EBF2EB
18974	#ECF3EC
18975	#EEF4EE
18976	#EEF4EE
18977	#EEF4EE
18978	#EFF5EF
18979	#EFF5EF
18980	#ECF2EC
18981	#EAF0EA
18982	#E8EEE8
18983	#E7EDE7
18984	#E9EFE9
18985	#E8EEE8
18986	#E8EEE8
18987	#E9EFE9
18988	#E8EEE8
18989	#E7EDE7
18990	#E6EDE6
18991	#E7EDE7
18992	#E7EDE7
18993	#E7EDE7
18994	#E6ECE6
18995	#E4EAE4
18996	#E3E9E3
18997	#E3EAE3
18998	#E3EAE3
18999	#E2E9E2
19000	#E2E8E2
19001	#E1E7E1
19002	#DFE5DF
19003	#DFE5DF
19004	#DEE4DE
19005	#DBE1DB
19006	#DAE0DA
19007	#D8DED8
19008	#D7DDD7
19009	#D7DDD7
19010	#D6DCD6
19011	#D1D7D1
19012	#CBD1CB
19013	#CBD1CB
19014	#CAD0CA
19015	#C7CDC7
19016	#C7CDC7
19017	#C5CBC5
19018	#C3C9C3
19019	#C0C6C0
19020	#BEC4BE
19021	#B9BFB9
19022	#B7BDB7
19023	#B2B8B2
19024	#ADB3AD
19025	#A9AFA9
19026	#9FA59F
19027	#949A94
19028	#898F89
19029	#777D77
19030	#656B65
19031	#4B514B
19032	#2F352F
19033	#161C16
19034	#151B15
19035	#181E18
19036	#1B211B
19037	#1B211B
19038	#1E241E
19039	#1C221C
19040	#1C221C
19041	#000600
19042	#000600
19043	#000500
19044	#1A201A
19045	#333933
19046	#2A302A
19047	#282E28
19048	#262C26
19049	#262C26
19050	#262C26
19051	#242A24
19052	#1F251F
19053	#171D17
19054	#474D47
19055	#838983
19056	#969C96
19057	#AAB0AA
19058	#B1B7B1
19059	#B7BDB7
19060	#BFC5BF
19061	#C0C6C0
19062	#C6CCC6
19063	#CDD3CD
19064	#D1D7D1
19065	#D3D9D3
19066	#D7DDD7
19067	#DAE0DA
19068	#DCE2DC
19069	#DDE3DD
19070	#E0E6E0
19071	#DEE4DE
19072	#E0E6E1
19073	#E2E7E4
19074	#E3E8E5
19075	#E4E9E7
19076	#E4E9E7
19077	#E6EBE8
19078	#E5EBE8
19079	#E6EBE9
19080	#E7EDEA
19081	#E9EEEC
19082	#E9EEEC
19083	#EBF0EE
19084	#EBF0EE
19085	#EBF0EF
19086	#ECF1EF
19087	#ECF1EF
19088	#ECF1F0
19089	#EDF2F0
19090	#ECF1EF
19091	#ECF1EF
19092	#EDF2F0
19093	#EDF2F1
19094	#EDF2F0
19095	#EDF2F1
19096	#ECF1EF
19097	#ECF1EF
19098	#ECF1EF
19099	#EBF1EF
19100	#ECF1EF
19101	#EEF3F2
19102	#EFF4F3
19103	#EEF3F2
19104	#EFF4F3
19105	#F0F5F4
19106	#EFF5F3
19107	#EFF4F2
19108	#EDF2F1
19109	#EBF1EF
19110	#EBF0EF
19111	#EBF0EF
19112	#EBF0EF
19113	#ECF1EF
19114	#EDF2F0
19115	#EDF2F0
19116	#EDF2F0
19117	#EDF2F0
19118	#EEF3F1
19119	#EDF2F0
19120	#ECF2F0
19121	#EAEFED
19122	#E9EEEB
19123	#E8EDEB
19124	#E9EEEC
19125	#E8EDEB
19126	#E9EEEC
19127	#E9EEEC
19128	#E8EDEB
19129	#E7EDEB
19130	#E8EDEB
19131	#E8EDEB
19132	#E7ECEA
19133	#E7ECEA
19134	#E6EBE8
19135	#E4E9E7
19136	#E5EAE7
19137	#E4E9E7
19138	#E4E9E6
19139	#E3E8E5
19140	#E2E7E3
19141	#E1E6E1
19142	#E0E6E0
19143	#DEE4DE
19144	#DDE3DD
19145	#DCE2DC
19146	#DBE1DB
19147	#D8DED8
19148	#D7DDD7
19149	#D6DCD6
19150	#D4DAD4
19151	#D0D6D0
19152	#CBD1CB
19153	#CAD0CA
19154	#C9CFC9
19155	#C6CCC6
19156	#C4CAC4
19157	#C3C9C3
19158	#C1C7C1
19159	#BEC4BE
19160	#BBC1BB
19161	#B7BDB7
19162	#B2B8B2
19163	#ACB2AC
19164	#ABB1AB
19165	#A7ADA7
19166	#9BA19B
19167	#8E948E
19168	#808680
19169	#717771
19170	#5C625C
19171	#434943
19172	#202620
19173	#131913
19174	#161C16
19175	#181E18
19176	#1A201A
19177	#1C221C
19178	#1D231D
19179	#1D231D
19180	#1C221C
19181	#000600
19182	#000600
19183	#000500
19184	#1B211B
19185	#353B35
19186	#2B312B
19187	#292F29
19188	#282E28
19189	#282E28
19190	#272D27
19191	#262C26
19192	#202620
19193	#181E18
19194	#414741
19195	#7E847E
19196	#949A94
19197	#AAB0AA
19198	#B3B9B3
19199	#B8BEB8
19200	#BFC5BF
19201	#C3C9C3
19202	#C8CEC8
19203	#D0D6D0
19204	#D4DAD4
19205	#D7DDD7
19206	#DBDDDB
19207	#DFD9DF
19208	#E1E1E1
19209	#E1E0E1
19210	#E3DBE3
19211	#E3E2E4
19212	#E4E1E3
19213	#E5E2CE
19214	#E5E3C8
19215	#E6E4C5
19216	#E6E5C7
19217	#E6E6C8
19218	#E6E6C7
19219	#EEE7C8
19220	#EFE8C8
19221	#EFEAC9
19222	#EFEDC8
19223	#F1ECCA
19224	#F0ECCA
19225	#EFEFC9
19226	#F0F0CA
19227	#F1F0CB
19228	#F1F1CA
19229	#F1F1C9
19230	#F0F0CA
19231	#F1F2CA
19232	#F1F1C9
19233	#F1F1C9
19234	#F2F2CA
19235	#F1F2C9
19236	#F2F2CA
19237	#F2F0CB
19238	#F1ECCB
19239	#F0EDCA
19240	#F0F0C9
19241	#F2F1C7
19242	#F5EFC9
19243	#F3F2C9
19244	#F3F2CA
19245	#F5EFCB
19246	#F4F5CB
19247	#F2F2CA
19248	#F2F2CA
19249	#F2F3CA
19250	#F3F4CA
19251	#F3EDCA
19252	#F2F1CA
19253	#F0F1C8
19254	#F2F1CC
19255	#F3EFCC
19256	#F1F1CA
19257	#F1F2C9
19258	#F1F1CA
19259	#F3EFCC
19260	#F1EDCB
19261	#F2EECA
19262	#EFE9CA
19263	#ECE9C9
19264	#F1EAC9
19265	#EFEAC9
19266	#F1EACB
19267	#F0E9CA
19268	#F0E9C9
19269	#F0E8C8
19270	#F0E9C9
19271	#F2E9CA
19272	#EAE7C9
19273	#E8E7C9
19274	#E8E6D1
19275	#E7E5D2
19276	#E7E4D1
19277	#E6E4D0
19278	#E6E3D0
19279	#E5E2CE
19280	#E6E2E0
19281	#E6E4E8
19282	#E4E4E4
19283	#E3DCE3
19284	#E2E2E2
19285	#E0E7E0
19286	#DFE5DF
19287	#DDE3DD
19288	#DCE2DC
19289	#DAE0DA
19290	#D7DDD7
19291	#D4DAD4
19292	#D0D6D0
19293	#CFD5CF
19294	#CCD2CC
19295	#C9CFC9
19296	#C6CCC6
19297	#C4CAC4
19298	#C1C7C1
19299	#BEC4BE
19300	#BAC0BA
19301	#B6BCB6
19302	#B1B7B1
19303	#AEB4AE
19304	#B3B9B3
19305	#ADB3AD
19306	#9AA09A
19307	#8B918B
19308	#7C827C
19309	#6B716B
19310	#545A54
19311	#383E38
19312	#151B15
19313	#151B15
19314	#171D17
19315	#1A201A
19316	#1C221C
19317	#1E241E
19318	#1D231D
19319	#1C221C
19320	#1D231D
19321	#000600
19322	#000600
19323	#000500
19324	#191F19
19325	#313731
19326	#292F29
19327	#272D27
19328	#252B25
19329	#252B25
19330	#242A24
19331	#242A24
19332	#202620
19333	#191F19
19334	#3A403A
19335	#6F756F
19336	#848A84
19337	#999F99
19338	#A4AAA4
19339	#A8AEA8
19340	#ADB3AD
19341	#B4BAB4
19342	#B8BEB8
19343	#BFC5BF
19344	#C3C9C3
19345	#C8D1C8
19346	#CCEFCC
19347	#CF7FCF
19348	#D01CCC
19349	#D135D0
19350	#D166D1
19351	#D136C7
19352	#D44DB8
19353	#DE65A6
19354	#E66CE2
19355	#E96EEC
19356	#EC71E9
19357	#EF6EE8
19358	#F66DE5
19359	#BD71E3
19360	#B97BDB
19361	#C77FD0
19362	#CC75CE
19363	#CA7FD1
19364	#CE79D0
19365	#DF77D0
19366	#DE77D0
19367	#DD78D0
19368	#D777D0
19369	#D977D0
19370	#DE77D0
19371	#D877D0
19372	#D777D0
19373	#D777D0
19374	#D978D1
19375	#D778D0
19376	#DB79D1
19377	#D379D1
19378	#C981D1
19379	#D07CD0
19380	#DA73D0
19381	#DA8ED0
19382	#DFC3D2
19383	#DD95D2
19384	#DC85D2
19385	#DDBDD2
19386	#DB79D1
19387	#D877D1
19388	#D977D1
19389	#DA75D1
19390	#DB7AD1
19391	#DDBDD2
19392	#DC8AD2
19393	#D976D1
19394	#DA79D2
19395	#CC78D1
19396	#DA78D0
19397	#D877D1
19398	#DB77D0
19399	#CE7ED1
19400	#CB7ED1
19401	#CB7ED1
19402	#C779E0
19403	#DD76E2
19404	#C081D4
19405	#C886D2
19406	#C280D8
19407	#BF7DDB
19408	#BC7BDC
19409	#BC7BDC
19410	#BD7BDC
19411	#B577E1
19412	#E371E6
19413	#EF71EC
19414	#E96EB0
19415	#E76DA4
19416	#E56AA7
19417	#E66CA5
19418	#E268AA
19419	#DD64AD
19420	#D960B6
19421	#D33CC5
19422	#D32ED3
19423	#D364D3
19424	#D1D6D1
19425	#CFD9CF
19426	#CED4CE
19427	#CDD3CD
19428	#CCD2CC
19429	#C8CEC8
19430	#C2C8C2
19431	#BFC5BF
19432	#BCC2BC
19433	#BCC2BC
19434	#BEC4BE
19435	#BBC1BB
19436	#B9BFB9
19437	#B6BCB6
19438	#B3B9B3
19439	#B0B6B0
19440	#AAB0AA
19441	#A7ADA7
19442	#A1A7A1
19443	#A3A9A3
19444	#AAB0AA
19445	#A1A7A1
19446	#8C928C
19447	#7D837D
19448	#6F756F
19449	#5E645E
19450	#4A504A
19451	#272D27
19452	#131913
19453	#171D17
19454	#181E18
19455	#1B211B
19456	#1B211B
19457	#1D231D
19458	#1D231D
19459	#1D231D
19460	#1D231D
19461	#000600
19462	#000600
19463	#000600
19464	#070D07
19465	#0C120C
19466	#0B110B
19467	#0A100A
19468	#0A100A
19469	#0A100A
19470	#0A100A
19471	#0A100A
19472	#090F09
19473	#080E08
19474	#0F150F
19475	#1B211B
19476	#212721
19477	#262C26
19478	#292F29
19479	#2A302A
19480	#2C322C
19481	#2E342E
19482	#2E342E
19483	#303630
19484	#323332
19485	#324032
19486	#348634
19487	#34B42F
19488	#356E73
19489	#35844B
19490	#34CE3A
19491	#426092
19492	#631C67
19493	#923A38
19494	#B43A78
19495	#BD397F
19496	#C93470
19497	#DE9662
19498	#A5B25C
19499	#08A557
19500	#078D4D
19501	#1B5F3D
19502	#204139
19503	#1C593C
19504	#234F3C
19505	#392E3A
19506	#362A3A
19507	#4B243A
19508	#B6143A
19509	#90173A
19510	#3A293A
19511	#A6113A
19512	#B2163A
19513	#AF143A
19514	#A80D3A
19515	#B3103A
19516	#85183A
19517	#21383A
19518	#1B5D3C
19519	#1F4D3B
19520	#841B3A
19521	#8B233A
19522	#76603B
19523	#81273B
19524	#8D193B
19525	#78643B
19526	#90083B
19527	#B0153A
19528	#A6103B
19529	#94023B
19530	#94093A
19531	#77633B
19532	#92203B
19533	#AA073A
19534	#41283B
19535	#17503B
19536	#611F3A
19537	#B2083A
19538	#74233A
19539	#1B533B
19540	#1D563C
19541	#1D4F3C
19542	#1B9852
19543	#3AA056
19544	#107843
19545	#1B6A3E
19546	#117E46
19547	#0D874B
19548	#0A8E4E
19549	#0A8D4E
19550	#0B8C4D
19551	#00A053
19552	#A89E5D
19553	#CE3977
19554	#B23A2A
19555	#AF3A1C
19556	#A73A26
19557	#AA3A22
19558	#963A36
19559	#7D3A4E
19560	#6F345D
19561	#4B4290
19562	#378154
19563	#36BA32
19564	#358035
19565	#343B34
19566	#343734
19567	#343A34
19568	#343A34
19569	#313731
19570	#313731
19571	#303630
19572	#2F352F
19573	#2F352F
19574	#303630
19575	#303630
19576	#2F352F
19577	#2F352F
19578	#2E342E
19579	#2D332D
19580	#2C322C
19581	#2A302A
19582	#292F29
19583	#2B312B
19584	#2C322C
19585	#272D27
19586	#232923
19587	#202620
19588	#1C221C
19589	#181E18
19590	#131913
19591	#090F09
19592	#070D07
19593	#080E08
19594	#080E08
19595	#080E08
19596	#080E08
19597	#090F09
19598	#090F09
19599	#080E08
19600	#080E08
